<HTML>
<BODY BGCOLOR=white>
<center>
<font size=+3 color=red><B>Transverse Polarization Observables </B></font> 
</center><hr>
<PRE>
<FONT SIZE=-0>
                   M A I D  2007    (18.05.2007)
                D. Drechsel, S.S. Kamalov, L. Tiator
            Institut fuer Kernphysik, Universitaet Mainz
          *************************************************


             *** gamma  + proton  >>  pi0 + proton  ***

 all parameters are on default values 

               Q^2 =    .000 (GeV/c)^2;   W = 1436.165 (MeV)
               *********************************************
  Maid2007: disp = 2, e.m. form factors: mode = 7, gauge = 2
 --------------------------------------------------------------------------------

 *** 8 single and target polarization observables ***

  Theta  w(lab)    DSG      T       P       S       E       F       G       H
  (deg)  (MeV)  (mcb/sr)
     .0  630.0    1.236    .000    .000    .000   1.000    .000    .000    .000
    9.0  630.0    1.247    .163    .242    .020    .960   -.218    .007   -.250
   18.0  630.0    1.282    .249    .403    .079    .841   -.411    .021   -.466
   27.0  630.0    1.349    .206    .423    .171    .651   -.549    .026   -.618
   36.0  630.0    1.469    .029    .286    .290    .410   -.600    .005   -.684
   45.0  630.0    1.667   -.228    .036    .422    .160   -.552   -.049   -.662
   54.0  630.0    1.956   -.481   -.239    .549   -.047   -.424   -.123   -.572
   63.0  630.0    2.320   -.669   -.467    .653   -.182   -.262   -.199   -.451
   72.0  630.0    2.706   -.779   -.622    .731   -.243   -.104   -.262   -.325
   81.0  630.0    3.032   -.830   -.714    .787   -.246    .029   -.310   -.208
   90.0  630.0    3.214   -.845   -.765    .826   -.208    .133   -.342   -.101
   99.0  630.0    3.194   -.841   -.792    .853   -.137    .206   -.361    .002
  108.0  630.0    2.961   -.828   -.807    .869   -.040    .249   -.367    .106
  117.0  630.0    2.558   -.810   -.819    .874    .083    .258   -.361    .217
  126.0  630.0    2.065   -.784   -.829    .860    .231    .229   -.339    .337
  135.0  630.0    1.575   -.739   -.833    .812    .404    .157   -.296    .461
  144.0  630.0    1.165   -.659   -.811    .705    .593    .047   -.229    .565
  153.0  630.0     .873   -.524   -.727    .519    .774   -.067   -.144    .600
  162.0  630.0     .699   -.345   -.551    .280    .910   -.127   -.064    .508
  171.0  630.0     .616   -.162   -.293    .077    .981   -.095   -.015    .288
  180.0  630.0     .592    .000    .000    .000   1.000    .000    .000    .000

 *** 8 double polarization observables with recoil polarization ***

  Theta  w(lab)    Cx'     Cz'     Ox'     Oz'     Tx'     Tz'     Lx'     Lz'
  (deg)  (MeV)
     .0  630.0     .000  -1.000    .000    .000    .000    .000    .000  -1.000
    9.0  630.0     .173   -.952   -.172    .033    .062   -.220   -.172   -.913
   18.0  630.0     .334   -.815   -.318    .126    .232   -.419   -.320   -.670
   27.0  630.0     .469   -.607   -.422    .261    .462   -.565   -.413   -.323
   36.0  630.0     .563   -.362   -.476    .402    .676   -.611   -.410    .046
   45.0  630.0     .604   -.128   -.485    .507    .798   -.532   -.298    .341
   54.0  630.0     .595    .050   -.463    .550    .791   -.353   -.109    .499
   63.0  630.0     .554    .156   -.429    .536    .679   -.138    .095    .522
   72.0  630.0     .499    .204   -.395    .489    .512    .057    .267    .453
   81.0  630.0     .442    .215   -.368    .429    .332    .209    .387    .341
   90.0  630.0     .385    .206   -.347    .369    .165    .313    .457    .220
   99.0  630.0     .327    .189   -.335    .315    .023    .377    .488    .107
  108.0  630.0     .263    .171   -.331    .267   -.087    .412    .490    .015
  117.0  630.0     .184    .158   -.336    .224   -.161    .425    .477   -.047
  126.0  630.0     .080    .160   -.348    .182   -.194    .424    .464   -.068
  135.0  630.0    -.056    .194   -.365    .139   -.183    .411    .465   -.029
  144.0  630.0    -.219    .287   -.375    .093   -.132    .380    .484    .099
  153.0  630.0    -.364    .466   -.354    .049   -.063    .319    .498    .335
  162.0  630.0    -.398    .707   -.279    .016   -.013    .222    .442    .641
  171.0  630.0    -.261    .918   -.152    .003    .001    .109    .266    .900
  180.0  630.0     .000   1.000    .000    .000    .000    .000    .000   1.000
</FONT>
</PRE>
</FONT>
</BODY>
</HTML>
