468.55 0.825015 0.251 0.169 18
468.55 0.741976 0.312 0.063 18
468.55 0.641048 0.341 0.045 18
468.55 0.538035 0.391 0.036 18
468.55 0.43303 0.454 0.032 18
468.55 0.328042 0.512 0.03 18
468.55 0.22308 0.567 0.03 18
468.55 0.118924 0.528 0.03 18
468.55 0.0139622 0.641 0.032 18
468.55 -0.0909802 0.668 0.034 18
468.55 -0.196973 0.698 0.034 18
468.55 -0.302037 0.702 0.035 18
468.55 -0.405939 0.715 0.037 18
468.55 -0.510993 0.78 0.039 18
468.55 -0.614974 0.71 0.042 18
468.55 -0.715936 0.751 0.052 18
468.55 -0.819952 0.638 0.088 18
468.55 -0.920027 0.541 0.175 18
