-1.46423  11.9404  250  10  -0.95  0.05  Random
-20.1281  8.5392  250  10  -0.85  0.05  Random
4.44208  10.2082  250  10  -0.75  0.05  Random
-2.93124  3.67886  250  10  -0.65  0.05  Random
-5.89715  4.19498  250  10  -0.55  0.05  Random
-0.232028  2.94146  250  10  -0.45  0.05  Random
5.26384  3.38188  250  10  -0.35  0.05  Random
6.97751  5.67134  250  10  -0.25  0.05  Random
0.593059  7.91931  250  10  -0.15  0.05  Random
-4.33538  6.21386  250  10  -0.05  0.05  Random
5.36508  6.93469  250  10  0.05  0.05  Random
-5.89141  9.14519  250  10  0.15  0.05  Random
3.81888  9.55352  250  10  0.25  0.05  Random
-8.84843  13.6959  250  10  0.35  0.05  Random
26.6294  16.7684  250  10  0.45  0.05  Random
8.29578  19.2046  250  10  0.55  0.05  Random
2.63504  10.0747  250  10  0.65  0.05  Random
0  -nan  250  10  0.75  0.05  Random
-3.7261  6.34455  250  10  0.85  0.05  Random
0.00342219  77.5357  250  10  0.95  0.05  Random
-1.88301  1.75313  270  10  -0.95  0.05  Random
3.73541  4.02919  270  10  -0.85  0.05  Random
-0.113425  1.04081  270  10  -0.75  0.05  Random
2.36061  1.15197  270  10  -0.65  0.05  Random
0.609407  0.981002  270  10  -0.55  0.05  Random
-1.98273  1.24766  270  10  -0.45  0.05  Random
-0.0452357  1.38486  270  10  -0.35  0.05  Random
0.953316  1.89583  270  10  -0.25  0.05  Random
-1.18784  2.71802  270  10  -0.15  0.05  Random
0.417411  2.52657  270  10  -0.05  0.05  Random
3.49956  3.9459  270  10  0.05  0.05  Random
-2.91646  6.29274  270  10  0.15  0.05  Random
-1.60653  6.72334  270  10  0.25  0.05  Random
-10.5135  19.0159  270  10  0.35  0.05  Random
-6.19237  8.71983  270  10  0.45  0.05  Random
0.000164629  960.124  270  10  0.55  0.05  Random
0.000402478  334.905  270  10  0.65  0.05  Random
-0.0199024  159.37  270  10  0.75  0.05  Random
-4.06226  7.37332  270  10  0.85  0.05  Random
-2.20598  6.73961  270  10  0.95  0.05  Random
5.18812  22.3568  290  10  -0.95  0.05  Random
7.20812  8.7523  290  10  -0.85  0.05  Random
1.85056  1.11171  290  10  -0.75  0.05  Random
-1.12238  0.994703  290  10  -0.65  0.05  Random
2.28867  1.09346  290  10  -0.55  0.05  Random
-1.31381  1.08868  290  10  -0.45  0.05  Random
0.122167  1.29986  290  10  -0.35  0.05  Random
-0.297439  1.70234  290  10  -0.25  0.05  Random
-2.09709  1.8087  290  10  -0.15  0.05  Random
1.37167  1.72147  290  10  -0.05  0.05  Random
0.615977  2.81719  290  10  0.05  0.05  Random
-0.936015  3.05002  290  10  0.15  0.05  Random
0.356319  4.71083  290  10  0.25  0.05  Random
-8.65432e-05  128.009  290  10  0.35  0.05  Random
0.000155133  67.7694  290  10  0.45  0.05  Random
-80.8988  3182.33  290  10  0.55  0.05  Random
-0.00139036  121.84  290  10  0.65  0.05  Random
-0.000746818  389.184  290  10  0.75  0.05  Random
-14.8268  11.2557  290  10  0.85  0.05  Random
1.78992  6.74466  290  10  0.95  0.05  Random
-1.90535  6.26824  310  10  -0.95  0.05  Random
0.376236  0.45456  310  10  -0.85  0.05  Random
0.0450364  0.53868  310  10  -0.75  0.05  Random
0.613261  0.435844  310  10  -0.65  0.05  Random
0.442165  0.452885  310  10  -0.55  0.05  Random
-0.521051  0.535752  310  10  -0.45  0.05  Random
1.07145  0.592719  310  10  -0.35  0.05  Random
0.360185  0.663875  310  10  -0.25  0.05  Random
1.01957  0.844462  310  10  -0.15  0.05  Random
-2.263  1.03108  310  10  -0.05  0.05  Random
-0.867755  1.0002  310  10  0.05  0.05  Random
-1.7004  2.09526  310  10  0.15  0.05  Random
1.79567  2.13018  310  10  0.25  0.05  Random
6.53637  7.91962  310  10  0.35  0.05  Random
0  -nan  310  10  0.45  0.05  Random
-3.39283  5.49393  310  10  0.55  0.05  Random
6.95689  4.76695  310  10  0.65  0.05  Random
-6.42389e-07  -6.09341e-07  310  10  0.75  0.05  Random
-0.00137141  84.8018  310  10  0.85  0.05  Random
0  -nan  310  10  0.95  0.05  Random
-1.29159e-05  -7.41187e-06  330  10  -0.95  0.05  Random
-0.754199  0.531714  330  10  -0.85  0.05  Random
0.248338  0.527159  330  10  -0.75  0.05  Random
-0.376672  0.442665  330  10  -0.65  0.05  Random
0.73576  0.45893  330  10  -0.55  0.05  Random
0.761022  0.477462  330  10  -0.45  0.05  Random
-0.103305  0.574253  330  10  -0.35  0.05  Random
0.256322  0.623879  330  10  -0.25  0.05  Random
1.60112  0.75121  330  10  -0.15  0.05  Random
1.4433  0.839465  330  10  -0.05  0.05  Random
1.28381  0.846782  330  10  0.05  0.05  Random
-2.40677  1.64307  330  10  0.15  0.05  Random
-1.01032  1.87551  330  10  0.25  0.05  Random
-0.328932  2.79036  330  10  0.35  0.05  Random
0  -nan  330  10  0.45  0.05  Random
-0.00400791  4.02411  330  10  0.55  0.05  Random
-0.0023333  41.5137  330  10  0.65  0.05  Random
4.04324  2.80282  330  10  0.75  0.05  Random
0.00109957  16.3095  330  10  0.85  0.05  Random
-0.00111151  34.1336  330  10  0.95  0.05  Random
0.474481  0.529945  350  10  -0.95  0.05  Random
-0.412699  0.463849  350  10  -0.85  0.05  Random
0.816552  0.363666  350  10  -0.75  0.05  Random
0.348837  0.332492  350  10  -0.65  0.05  Random
0.45332  0.34407  350  10  -0.55  0.05  Random
0.885068  0.379966  350  10  -0.45  0.05  Random
0.150676  0.410103  350  10  -0.35  0.05  Random
0.0257544  0.457812  350  10  -0.25  0.05  Random
1.17684  0.612353  350  10  -0.15  0.05  Random
1.34292  0.480097  350  10  -0.05  0.05  Random
0.502021  0.697309  350  10  0.05  0.05  Random
-0.243623  0.959069  350  10  0.15  0.05  Random
0.0996173  2.13974  350  10  0.25  0.05  Random
0.18626  155.416  350  10  0.35  0.05  Random
-0.000975259  0.00181965  350  10  0.45  0.05  Random
4.09343  3.64535  350  10  0.55  0.05  Random
0.00822139  53.1929  350  10  0.65  0.05  Random
3.80237  1.83744  350  10  0.75  0.05  Random
-0.00225354  24.8538  350  10  0.85  0.05  Random
2.37602e-16  7.92329e-13  350  10  0.95  0.05  Random
-1.11904e-07  0.00114993  370  10  -0.95  0.05  Random
0.0451808  0.284007  370  10  -0.85  0.05  Random
0.684331  0.258574  370  10  -0.75  0.05  Random
0.17643  0.231489  370  10  -0.65  0.05  Random
0.672145  0.238126  370  10  -0.55  0.05  Random
0.73465  0.265965  370  10  -0.45  0.05  Random
0.452544  0.380078  370  10  -0.35  0.05  Random
-0.392087  0.334592  370  10  -0.25  0.05  Random
0.697361  0.409611  370  10  -0.15  0.05  Random
-0.597766  0.464477  370  10  -0.05  0.05  Random
0.116479  0.434314  370  10  0.05  0.05  Random
0.247545  0.618657  370  10  0.15  0.05  Random
-0.0806537  1.11102  370  10  0.25  0.05  Random
0.28285  1.99377  370  10  0.35  0.05  Random
2.15111  1.93766  370  10  0.45  0.05  Random
0.659618  1.75212  370  10  0.55  0.05  Random
0.993452  2.20443  370  10  0.65  0.05  Random
1.13803  1.89811  370  10  0.75  0.05  Random
0.000730819  549.675  370  10  0.85  0.05  Random
-0.299859  0.155787  370  10  0.95  0.05  Random
0  -nan  390  10  -0.95  0.05  Random
0.217244  0.364615  390  10  -0.85  0.05  Random
0.483579  0.324214  390  10  -0.75  0.05  Random
0.188673  0.319989  390  10  -0.65  0.05  Random
0.0965829  0.309112  390  10  -0.55  0.05  Random
0.0585807  0.352334  390  10  -0.45  0.05  Random
0.771741  0.403893  390  10  -0.35  0.05  Random
0.300989  0.418491  390  10  -0.25  0.05  Random
0.737937  0.512236  390  10  -0.15  0.05  Random
-0.253787  0.594945  390  10  -0.05  0.05  Random
0.194624  0.586472  390  10  0.05  0.05  Random
0.663846  0.654207  390  10  0.15  0.05  Random
-0.624373  0.738858  390  10  0.25  0.05  Random
-3.4587  1.83125  390  10  0.35  0.05  Random
0.000427546  120.488  390  10  0.45  0.05  Random
-2.06539  2.60694  390  10  0.55  0.05  Random
-9.49399e-05  10.3779  390  10  0.65  0.05  Random
0.888777  1.71423  390  10  0.75  0.05  Random
25.3323  16175.4  390  10  0.85  0.05  Random
0  -nan  390  10  0.95  0.05  Random
0.347109  0.265045  410  10  -0.95  0.05  Random
0.146039  0.273674  410  10  -0.85  0.05  Random
0.299619  0.184617  410  10  -0.75  0.05  Random
0.606427  0.180275  410  10  -0.65  0.05  Random
0.326102  0.237756  410  10  -0.55  0.05  Random
0.439626  0.217558  410  10  -0.45  0.05  Random
0.529774  0.245604  410  10  -0.35  0.05  Random
-0.247172  0.273292  410  10  -0.25  0.05  Random
0.0879464  0.303177  410  10  -0.15  0.05  Random
0.261163  0.376888  410  10  -0.05  0.05  Random
0.251172  0.251827  410  10  0.05  0.05  Random
-0.00101923  0.399197  410  10  0.15  0.05  Random
-0.961393  0.738602  410  10  0.25  0.05  Random
0.19563  0.879491  410  10  0.35  0.05  Random
-1.87924  1.99174  410  10  0.45  0.05  Random
1.19347  2.19038  410  10  0.55  0.05  Random
0  -nan  410  10  0.65  0.05  Random
-3.14955  1.54992  410  10  0.75  0.05  Random
-0.43474  1.10207  410  10  0.85  0.05  Random
-0.000189373  100.217  410  10  0.95  0.05  Random
0.483722  0.820442  430  10  -0.95  0.05  Random
0.491843  0.260348  430  10  -0.85  0.05  Random
0.459972  0.170203  430  10  -0.75  0.05  Random
0.388146  0.178454  430  10  -0.65  0.05  Random
0.461199  0.175071  430  10  -0.55  0.05  Random
-0.107861  0.190658  430  10  -0.45  0.05  Random
0.568852  0.230724  430  10  -0.35  0.05  Random
0.296972  0.259909  430  10  -0.25  0.05  Random
0.311553  0.321518  430  10  -0.15  0.05  Random
0.0995919  0.212148  430  10  -0.05  0.05  Random
0.0435457  0.253231  430  10  0.05  0.05  Random
-0.0842793  0.385074  430  10  0.15  0.05  Random
-1.07191  0.775606  430  10  0.25  0.05  Random
0.127172  0.89977  430  10  0.35  0.05  Random
-0.732048  0.87924  430  10  0.45  0.05  Random
2.62138  1.75855  430  10  0.55  0.05  Random
0.339207  1.38488  430  10  0.65  0.05  Random
-0.39637  1.27712  430  10  0.75  0.05  Random
0.343133  0.927983  430  10  0.85  0.05  Random
-0.0364097  0.0413674  430  10  0.95  0.05  Random
0.853529  0.248148  450  10  -0.95  0.05  Random
0.397993  0.197069  450  10  -0.85  0.05  Random
0.38191  0.159211  450  10  -0.75  0.05  Random
0.848806  0.703032  450  10  -0.65  0.05  Random
0.437463  0.160919  450  10  -0.55  0.05  Random
0.491509  0.188948  450  10  -0.45  0.05  Random
-0.0502919  0.215615  450  10  -0.35  0.05  Random
0.110919  0.215112  450  10  -0.25  0.05  Random
-0.0799277  0.217601  450  10  -0.15  0.05  Random
0.165791  0.22956  450  10  -0.05  0.05  Random
0.429838  0.207294  450  10  0.05  0.05  Random
-0.160715  0.35303  450  10  0.15  0.05  Random
-0.369643  0.482946  450  10  0.25  0.05  Random
0.0342339  0.362184  450  10  0.35  0.05  Random
-1.19936  1.26019  450  10  0.45  0.05  Random
-0.186649  1.39841  450  10  0.55  0.05  Random
-0.000121901  185.616  450  10  0.65  0.05  Random
0.748161  1.13159  450  10  0.75  0.05  Random
0.134987  0.906855  450  10  0.85  0.05  Random
0  -nan  450  10  0.95  0.05  Random
0  -nan  470  10  -0.95  0.05  Random
0.610081  0.184895  470  10  -0.85  0.05  Random
0.450601  0.131916  470  10  -0.75  0.05  Random
0.137786  0.300637  470  10  -0.65  0.05  Random
0.197962  0.146269  470  10  -0.55  0.05  Random
0.28506  0.167683  470  10  -0.45  0.05  Random
0.0327657  0.197335  470  10  -0.35  0.05  Random
0.0771337  0.176797  470  10  -0.25  0.05  Random
-0.0921107  0.170137  470  10  -0.15  0.05  Random
0.301366  0.14861  470  10  -0.05  0.05  Random
-0.408624  0.194747  470  10  0.05  0.05  Random
0.084423  0.261736  470  10  0.15  0.05  Random
-0.254644  0.532757  470  10  0.25  0.05  Random
0.569351  0.598149  470  10  0.35  0.05  Random
-0.0617656  0.813096  470  10  0.45  0.05  Random
-2.24752e-06  8.92252  470  10  0.55  0.05  Random
0.296079  1.04748  470  10  0.65  0.05  Random
0.673395  0.539567  470  10  0.75  0.05  Random
0.184688  0.620522  470  10  0.85  0.05  Random
0  -nan  470  10  0.95  0.05  Random
0.0919843  0.225226  490  10  -0.95  0.05  Random
0.295222  0.175443  490  10  -0.85  0.05  Random
0.313242  0.123035  490  10  -0.75  0.05  Random
0.294639  0.125674  490  10  -0.65  0.05  Random
0.442176  0.159551  490  10  -0.55  0.05  Random
0.563665  0.165583  490  10  -0.45  0.05  Random
0.27307  0.170272  490  10  -0.35  0.05  Random
0.400261  0.141299  490  10  -0.25  0.05  Random
0.256876  0.165045  490  10  -0.15  0.05  Random
0.348594  0.159712  490  10  -0.05  0.05  Random
0.0870057  0.17811  490  10  0.05  0.05  Random
-0.167061  0.208203  490  10  0.15  0.05  Random
0.0773019  0.444659  490  10  0.25  0.05  Random
0.168063  0.611116  490  10  0.35  0.05  Random
0.208777  0.893027  490  10  0.45  0.05  Random
2.17562e-05  7.14405  490  10  0.55  0.05  Random
-0.41063  0.876383  490  10  0.65  0.05  Random
-0.057926  0.637075  490  10  0.75  0.05  Random
-0.386463  0.439122  490  10  0.85  0.05  Random
-0.00119261  28.557  490  10  0.95  0.05  Random
0.271738  0.178115  510  10  -0.95  0.05  Random
0.358981  0.171439  510  10  -0.85  0.05  Random
0.228709  0.100811  510  10  -0.75  0.05  Random
0.0819727  0.200739  510  10  -0.65  0.05  Random
0.0684597  0.132516  510  10  -0.55  0.05  Random
0.283637  0.12218  510  10  -0.45  0.05  Random
0.082236  0.124378  510  10  -0.35  0.05  Random
0.296671  0.120035  510  10  -0.25  0.05  Random
-0.0395925  0.116058  510  10  -0.15  0.05  Random
0.174975  0.127867  510  10  -0.05  0.05  Random
0.0221057  0.146633  510  10  0.05  0.05  Random
0.115617  0.214577  510  10  0.15  0.05  Random
-0.223721  0.253432  510  10  0.25  0.05  Random
0.491312  0.35226  510  10  0.35  0.05  Random
0.301923  0.758106  510  10  0.45  0.05  Random
0.381406  0.578972  510  10  0.55  0.05  Random
-0.313216  0.354954  510  10  0.65  0.05  Random
0.141563  0.351903  510  10  0.75  0.05  Random
3.20754e-05  41.6769  510  10  0.85  0.05  Random
-0.0148056  29.062  510  10  0.95  0.05  Random
0  -nan  530  10  -0.95  0.05  Random
0.262972  0.144202  530  10  -0.85  0.05  Random
0.344714  0.111361  530  10  -0.75  0.05  Random
0.243982  0.126902  530  10  -0.65  0.05  Random
0.128671  0.198824  530  10  -0.55  0.05  Random
0.4475  0.1311  530  10  -0.45  0.05  Random
0.226921  0.120025  530  10  -0.35  0.05  Random
0.237246  0.117434  530  10  -0.25  0.05  Random
0.188776  0.138205  530  10  -0.15  0.05  Random
0.0828128  0.137056  530  10  -0.05  0.05  Random
0.0761558  0.133315  530  10  0.05  0.05  Random
0.109048  0.190251  530  10  0.15  0.05  Random
-0.292967  0.248701  530  10  0.25  0.05  Random
-1.02768  0.47585  530  10  0.35  0.05  Random
0.438709  0.390641  530  10  0.45  0.05  Random
-0.118843  0.45766  530  10  0.55  0.05  Random
-0.0648786  0.855949  530  10  0.65  0.05  Random
0.0146285  107.274  530  10  0.75  0.05  Random
-0.00192091  153.846  530  10  0.85  0.05  Random
0.00407624  0.0363814  530  10  0.95  0.05  Random
0.00074362  31.525  550  10  -0.95  0.05  Random
0.627258  0.145061  550  10  -0.85  0.05  Random
0.276687  0.11939  550  10  -0.75  0.05  Random
0.184012  0.130575  550  10  -0.65  0.05  Random
0.128662  0.129887  550  10  -0.55  0.05  Random
0.236508  0.135694  550  10  -0.45  0.05  Random
0.256518  0.136098  550  10  -0.35  0.05  Random
0.205773  0.123034  550  10  -0.25  0.05  Random
0.0943534  0.116437  550  10  -0.15  0.05  Random
-0.097801  0.136121  550  10  -0.05  0.05  Random
0.155099  0.177016  550  10  0.05  0.05  Random
0.179112  0.177828  550  10  0.15  0.05  Random
-0.249645  0.235196  550  10  0.25  0.05  Random
0.159607  0.274337  550  10  0.35  0.05  Random
-0.055609  0.590286  550  10  0.45  0.05  Random
-0.136765  0.5326  550  10  0.55  0.05  Random
0.464462  0.729329  550  10  0.65  0.05  Random
-0.084311  0.318601  550  10  0.75  0.05  Random
-1.19394  0.63427  550  10  0.85  0.05  Random
-0.00678871  60.7444  550  10  0.95  0.05  Random
-0.0566739  0.293854  570  10  -0.95  0.05  Random
0.24585  0.225484  570  10  -0.85  0.05  Random
0.0336754  0.121664  570  10  -0.75  0.05  Random
0.063813  0.131712  570  10  -0.65  0.05  Random
0.105431  0.106912  570  10  -0.55  0.05  Random
0.160706  0.0915751  570  10  -0.45  0.05  Random
0.306173  0.0951867  570  10  -0.35  0.05  Random
0.159502  0.0870437  570  10  -0.25  0.05  Random
0.404962  0.091888  570  10  -0.15  0.05  Random
-0.0297604  0.093228  570  10  -0.05  0.05  Random
-0.16905  0.0977815  570  10  0.05  0.05  Random
-0.0135536  0.132165  570  10  0.15  0.05  Random
-0.0717104  0.181771  570  10  0.25  0.05  Random
0.0754981  0.314827  570  10  0.35  0.05  Random
-0.578449  0.26005  570  10  0.45  0.05  Random
-0.374985  0.293692  570  10  0.55  0.05  Random
-0.496  0.409961  570  10  0.65  0.05  Random
0.211786  0.282153  570  10  0.75  0.05  Random
-0.195036  0.258967  570  10  0.85  0.05  Random
8.25722e-05  36.8918  570  10  0.95  0.05  Random
0  -nan  590  10  -0.95  0.05  Random
-0.260017  0.191142  590  10  -0.85  0.05  Random
0.0406162  0.0894237  590  10  -0.75  0.05  Random
0.0961305  0.0798316  590  10  -0.65  0.05  Random
0.0491713  0.0736079  590  10  -0.55  0.05  Random
0.134557  0.0788587  590  10  -0.45  0.05  Random
0.26832  0.0662047  590  10  -0.35  0.05  Random
0.0381485  0.0683227  590  10  -0.25  0.05  Random
0.0323663  0.0716466  590  10  -0.15  0.05  Random
0.160104  0.0730353  590  10  -0.05  0.05  Random
-0.0269322  0.0954513  590  10  0.05  0.05  Random
0.146672  0.0978055  590  10  0.15  0.05  Random
-0.129985  0.136145  590  10  0.25  0.05  Random
-0.231712  0.219272  590  10  0.35  0.05  Random
-0.221801  0.24929  590  10  0.45  0.05  Random
-0.134784  0.426407  590  10  0.55  0.05  Random
0.116888  0.460328  590  10  0.65  0.05  Random
-0.437365  0.223347  590  10  0.75  0.05  Random
0  -nan  590  10  0.85  0.05  Random
-0.706626  0.629046  590  10  0.95  0.05  Random
-7.11758e-07  6.97896e-07  610  10  -0.95  0.05  Random
0.128678  0.106083  610  10  -0.85  0.05  Random
0.0986567  0.0976813  610  10  -0.75  0.05  Random
0.151734  0.0951554  610  10  -0.65  0.05  Random
0.204367  0.0775696  610  10  -0.55  0.05  Random
0.111508  0.074509  610  10  -0.45  0.05  Random
0.16054  0.0811824  610  10  -0.35  0.05  Random
0.0917131  0.0754705  610  10  -0.25  0.05  Random
0.0523974  0.0701012  610  10  -0.15  0.05  Random
0.0387071  0.0773464  610  10  -0.05  0.05  Random
0.0315994  0.08925  610  10  0.05  0.05  Random
0.00709341  0.0900982  610  10  0.15  0.05  Random
-0.180161  0.111065  610  10  0.25  0.05  Random
-0.227613  0.146221  610  10  0.35  0.05  Random
-0.0675549  0.375572  610  10  0.45  0.05  Random
-0.496755  0.480263  610  10  0.55  0.05  Random
-0.573126  0.501231  610  10  0.65  0.05  Random
0.17353  0.176927  610  10  0.75  0.05  Random
-0.000127553  3.57548  610  10  0.85  0.05  Random
0  -nan  610  10  0.95  0.05  Random
0.074218  0.608243  630  10  -0.95  0.05  Random
0.242924  0.258633  630  10  -0.85  0.05  Random
-0.122286  0.20709  630  10  -0.75  0.05  Random
0.301182  0.143546  630  10  -0.65  0.05  Random
-0.207941  0.150317  630  10  -0.55  0.05  Random
0.115651  0.137239  630  10  -0.45  0.05  Random
0.188348  0.127226  630  10  -0.35  0.05  Random
0.159689  0.122005  630  10  -0.25  0.05  Random
0.0246617  0.137094  630  10  -0.15  0.05  Random
-0.0619267  0.127404  630  10  -0.05  0.05  Random
-0.0698736  0.149719  630  10  0.05  0.05  Random
-0.115745  0.195884  630  10  0.15  0.05  Random
-0.241173  0.227385  630  10  0.25  0.05  Random
-0.0825439  0.175303  630  10  0.35  0.05  Random
-0.155484  0.349728  630  10  0.45  0.05  Random
-0.563241  0.465843  630  10  0.55  0.05  Random
-0.121392  0.387367  630  10  0.65  0.05  Random
-0.193602  0.273513  630  10  0.75  0.05  Random
0  -nan  630  10  0.85  0.05  Random
0  -nan  630  10  0.95  0.05  Random
5.36516e-06  24.4735  650  10  -0.95  0.05  Random
0.212291  0.681442  650  10  -0.85  0.05  Random
-0.0224545  0.563374  650  10  -0.75  0.05  Random
0.649719  0.442153  650  10  -0.65  0.05  Random
-0.458371  0.34903  650  10  -0.55  0.05  Random
-0.527309  0.427237  650  10  -0.45  0.05  Random
-0.366775  0.392045  650  10  -0.35  0.05  Random
-0.557237  0.336208  650  10  -0.25  0.05  Random
-0.797782  0.335206  650  10  -0.15  0.05  Random
0.322428  0.377305  650  10  -0.05  0.05  Random
0.0529922  0.372193  650  10  0.05  0.05  Random
0.202436  0.458659  650  10  0.15  0.05  Random
0.65848  0.449382  650  10  0.25  0.05  Random
-0.598002  1.15096  650  10  0.35  0.05  Random
-0.277464  0.699502  650  10  0.45  0.05  Random
0.941532  0.904036  650  10  0.55  0.05  Random
-0.746421  0.718151  650  10  0.65  0.05  Random
-1.48609  1.21283  650  10  0.75  0.05  Random
0.0462114  260.822  650  10  0.85  0.05  Random
0  -nan  650  10  0.95  0.05  Random
9.06043e-05  102.903  670  10  -0.95  0.05  Random
2.43574  3.90518  670  10  -0.85  0.05  Random
-2.11287  2.08599  670  10  -0.75  0.05  Random
2.28253  1.83374  670  10  -0.65  0.05  Random
-0.0278089  1.35676  670  10  -0.55  0.05  Random
-2.36509  1.28652  670  10  -0.45  0.05  Random
-1.14312  1.40017  670  10  -0.35  0.05  Random
-1.93889  1.30215  670  10  -0.25  0.05  Random
0.373613  1.2289  670  10  -0.15  0.05  Random
2.01026  1.38018  670  10  -0.05  0.05  Random
-1.63254  1.35591  670  10  0.05  0.05  Random
3.64362  1.6231  670  10  0.15  0.05  Random
-1.50394  1.88066  670  10  0.25  0.05  Random
-2.04298  1.88479  670  10  0.35  0.05  Random
-1.02978  3.29531  670  10  0.45  0.05  Random
1.69205  3.42151  670  10  0.55  0.05  Random
1.19003  3.64642  670  10  0.65  0.05  Random
2.43941  3.94373  670  10  0.75  0.05  Random
0  -nan  670  10  0.85  0.05  Random
-0.00193681  171.706  670  10  0.95  0.05  Random
0  -nan  690  10  -0.95  0.05  Random
-0.920725  1.61152  690  10  -0.85  0.05  Random
0.230649  1.90236  690  10  -0.75  0.05  Random
-0.56385  1.45464  690  10  -0.65  0.05  Random
-1.78308  1.17912  690  10  -0.55  0.05  Random
-0.273861  1.16504  690  10  -0.45  0.05  Random
1.01723  1.12998  690  10  -0.35  0.05  Random
-0.600701  1.11471  690  10  -0.25  0.05  Random
-0.221999  1.10059  690  10  -0.15  0.05  Random
-2.24708  1.21684  690  10  -0.05  0.05  Random
0.269921  1.34868  690  10  0.05  0.05  Random
2.90812  1.60046  690  10  0.15  0.05  Random
0.658404  1.73491  690  10  0.25  0.05  Random
3.61461  2.71543  690  10  0.35  0.05  Random
6.83947  2.39836  690  10  0.45  0.05  Random
-1.40596  2.56495  690  10  0.55  0.05  Random
-0.0649954  1.98983  690  10  0.65  0.05  Random
1.18236  2.51728  690  10  0.75  0.05  Random
-0.519545  0.333317  690  10  0.85  0.05  Random
-0.00364335  13.1676  690  10  0.95  0.05  Random
-0.0709345  134.515  710  10  -0.95  0.05  Random
0.653201  2.86367  710  10  -0.85  0.05  Random
1.36814  1.97307  710  10  -0.75  0.05  Random
1.5748  2.04696  710  10  -0.65  0.05  Random
2.10727  1.64113  710  10  -0.55  0.05  Random
-1.29311  1.66345  710  10  -0.45  0.05  Random
-0.704161  1.33983  710  10  -0.35  0.05  Random
1.13939  1.28433  710  10  -0.25  0.05  Random
3.13007  1.3582  710  10  -0.15  0.05  Random
-0.622127  1.59963  710  10  -0.05  0.05  Random
2.27126  1.70048  710  10  0.05  0.05  Random
1.02764  1.40203  710  10  0.15  0.05  Random
1.25434  1.76566  710  10  0.25  0.05  Random
-4.76791  3.38143  710  10  0.35  0.05  Random
3.55284  3.36038  710  10  0.45  0.05  Random
0.317018  2.41811  710  10  0.55  0.05  Random
2.68633  3.0917  710  10  0.65  0.05  Random
-0.0259351  0.0532729  710  10  0.75  0.05  Random
-19.3841  1696.75  710  10  0.85  0.05  Random
0  -nan  710  10  0.95  0.05  Random
7.31788  11.4384  250  10  -0.95  0.05  Sig
1.50688  3.24862  250  10  -0.85  0.05  Sig
-1.35568  1.37302  250  10  -0.75  0.05  Sig
0.908543  1.00712  250  10  -0.65  0.05  Sig
1.22677  0.888955  250  10  -0.55  0.05  Sig
1.05287  0.917227  250  10  -0.45  0.05  Sig
0.231624  0.856429  250  10  -0.35  0.05  Sig
-1.12855  0.817497  250  10  -0.25  0.05  Sig
-0.526221  0.902491  250  10  -0.15  0.05  Sig
0.906235  0.88776  250  10  -0.05  0.05  Sig
1.48203  1.01767  250  10  0.05  0.05  Sig
-0.143207  1.01363  250  10  0.15  0.05  Sig
1.18294  1.32211  250  10  0.25  0.05  Sig
0.913057  1.71263  250  10  0.35  0.05  Sig
1.79424  2.64896  250  10  0.45  0.05  Sig
2.52202  3.44349  250  10  0.55  0.05  Sig
5.12256  5.43284  250  10  0.65  0.05  Sig
0  -nan  250  10  0.75  0.05  Sig
1.47612e-05  -7.87452e-05  250  10  0.85  0.05  Sig
0.151942  1660.95  250  10  0.95  0.05  Sig
-0.403302  6.33554  270  10  -0.95  0.05  Sig
1.09073  1.61755  270  10  -0.85  0.05  Sig
0.711534  0.450788  270  10  -0.75  0.05  Sig
-0.327081  0.349934  270  10  -0.65  0.05  Sig
0.218482  0.306334  270  10  -0.55  0.05  Sig
0.685127  0.278668  270  10  -0.45  0.05  Sig
0.460502  0.279526  270  10  -0.35  0.05  Sig
0.0871368  0.274232  270  10  -0.25  0.05  Sig
0.235834  0.288376  270  10  -0.15  0.05  Sig
-0.032702  0.305262  270  10  -0.05  0.05  Sig
0.522874  0.341908  270  10  0.05  0.05  Sig
0.404553  0.424204  270  10  0.15  0.05  Sig
-0.626336  0.527659  270  10  0.25  0.05  Sig
1.39888  0.625331  270  10  0.35  0.05  Sig
1.08777  0.877641  270  10  0.45  0.05  Sig
-15.807  8.51952  270  10  0.55  0.05  Sig
0  -nan  270  10  0.65  0.05  Sig
-97.7497  3961.86  270  10  0.75  0.05  Sig
12.0595  13.0946  270  10  0.85  0.05  Sig
1.63585  9.17184  270  10  0.95  0.05  Sig
-3.93649  1.87391  290  10  -0.95  0.05  Sig
-0.0931675  0.500707  290  10  -0.85  0.05  Sig
0.00566278  0.365344  290  10  -0.75  0.05  Sig
0.585816  0.272787  290  10  -0.65  0.05  Sig
0.227444  0.23596  290  10  -0.55  0.05  Sig
0.731157  0.218197  290  10  -0.45  0.05  Sig
0.460384  0.215368  290  10  -0.35  0.05  Sig
0.325219  0.214523  290  10  -0.25  0.05  Sig
0.285978  0.226111  290  10  -0.15  0.05  Sig
0.267609  0.262404  290  10  -0.05  0.05  Sig
0.726673  0.255237  290  10  0.05  0.05  Sig
0.415498  0.298397  290  10  0.15  0.05  Sig
0.86515  0.40713  290  10  0.25  0.05  Sig
0  -nan  290  10  0.35  0.05  Sig
0  -nan  290  10  0.45  0.05  Sig
-0.000564753  443.698  290  10  0.55  0.05  Sig
0  -nan  290  10  0.65  0.05  Sig
0  -nan  290  10  0.75  0.05  Sig
-0.781399  7.93426  290  10  0.85  0.05  Sig
-2.67059  8.60183  290  10  0.95  0.05  Sig
-0.891768  0.553002  310  10  -0.95  0.05  Sig
0.589058  0.210245  310  10  -0.85  0.05  Sig
0.499269  0.147124  310  10  -0.75  0.05  Sig
0.513271  0.109775  310  10  -0.65  0.05  Sig
0.539106  0.0971824  310  10  -0.55  0.05  Sig
0.594136  0.0905248  310  10  -0.45  0.05  Sig
0.41927  0.0879059  310  10  -0.35  0.05  Sig
0.639736  0.0883451  310  10  -0.25  0.05  Sig
0.427486  0.0904511  310  10  -0.15  0.05  Sig
0.647329  0.0947017  310  10  -0.05  0.05  Sig
0.603432  0.114148  310  10  0.05  0.05  Sig
0.728348  0.130683  310  10  0.15  0.05  Sig
0.420664  0.145834  310  10  0.25  0.05  Sig
0.317057  0.185118  310  10  0.35  0.05  Sig
0  -nan  310  10  0.45  0.05  Sig
0.929085  0.298509  310  10  0.55  0.05  Sig
-0.569927  0.439803  310  10  0.65  0.05  Sig
2.17132  0.937372  310  10  0.75  0.05  Sig
0.000933423  33.0963  310  10  0.85  0.05  Sig
0  -nan  310  10  0.95  0.05  Sig
2.12109  1.30434  330  10  -0.95  0.05  Sig
0.694249  0.177272  330  10  -0.85  0.05  Sig
0.405919  0.121347  330  10  -0.75  0.05  Sig
0.393959  0.0957539  330  10  -0.65  0.05  Sig
0.527789  0.0839791  330  10  -0.55  0.05  Sig
0.534222  0.078203  330  10  -0.45  0.05  Sig
0.480882  0.0755027  330  10  -0.35  0.05  Sig
0.496455  0.0753873  330  10  -0.25  0.05  Sig
0.497942  0.0770561  330  10  -0.15  0.05  Sig
0.668001  0.0830506  330  10  -0.05  0.05  Sig
0.443018  0.0949947  330  10  0.05  0.05  Sig
0.317004  0.0969152  330  10  0.15  0.05  Sig
0.517528  0.116324  330  10  0.25  0.05  Sig
0.335765  0.13264  330  10  0.35  0.05  Sig
0  -nan  330  10  0.45  0.05  Sig
0.906957  0.224425  330  10  0.55  0.05  Sig
0  -nan  330  10  0.65  0.05  Sig
-0.295393  0.632668  330  10  0.75  0.05  Sig
0  -nan  330  10  0.85  0.05  Sig
-0.000963864  15.4027  330  10  0.95  0.05  Sig
0.808952  0.588924  350  10  -0.95  0.05  Sig
0.586694  0.1258  350  10  -0.85  0.05  Sig
0.444938  0.0880871  350  10  -0.75  0.05  Sig
0.465572  0.0699664  350  10  -0.65  0.05  Sig
0.624982  0.060897  350  10  -0.55  0.05  Sig
0.482331  0.0563534  350  10  -0.45  0.05  Sig
0.625243  0.0542255  350  10  -0.35  0.05  Sig
0.652648  0.0543473  350  10  -0.25  0.05  Sig
0.532579  0.0546216  350  10  -0.15  0.05  Sig
0.485764  0.0642357  350  10  -0.05  0.05  Sig
0.603642  0.0664591  350  10  0.05  0.05  Sig
0.610314  0.0710845  350  10  0.15  0.05  Sig
0.431081  0.081348  350  10  0.25  0.05  Sig
0  -nan  350  10  0.35  0.05  Sig
0.51945  0.109264  350  10  0.45  0.05  Sig
0.243284  0.143233  350  10  0.55  0.05  Sig
0  -nan  350  10  0.65  0.05  Sig
0.162946  0.390869  350  10  0.75  0.05  Sig
14.2273  3356.16  350  10  0.85  0.05  Sig
-0.716714  2.34171  350  10  0.95  0.05  Sig
0  -nan  370  10  -0.95  0.05  Sig
0.374702  0.0892837  370  10  -0.85  0.05  Sig
0.4565  0.0631481  370  10  -0.75  0.05  Sig
0.44886  0.0502709  370  10  -0.65  0.05  Sig
0.550496  0.0435062  370  10  -0.55  0.05  Sig
0.531515  0.0405765  370  10  -0.45  0.05  Sig
0.618551  0.0404333  370  10  -0.35  0.05  Sig
0.676318  0.0388661  370  10  -0.25  0.05  Sig
0.608317  0.0392827  370  10  -0.15  0.05  Sig
0.568964  0.0402075  370  10  -0.05  0.05  Sig
0.649816  0.0470405  370  10  0.05  0.05  Sig
0.595158  0.0501878  370  10  0.15  0.05  Sig
0.481712  0.0552292  370  10  0.25  0.05  Sig
0.445603  0.0639141  370  10  0.35  0.05  Sig
0.506244  0.0798861  370  10  0.45  0.05  Sig
0.526406  0.101416  370  10  0.55  0.05  Sig
0.374493  0.151348  370  10  0.65  0.05  Sig
0.421176  0.270106  370  10  0.75  0.05  Sig
0  -nan  370  10  0.85  0.05  Sig
-8.30808e-07  3.73117e-07  370  10  0.95  0.05  Sig
-9.41614  557.198  390  10  -0.95  0.05  Sig
0.242149  0.113004  390  10  -0.85  0.05  Sig
0.425833  0.0780062  390  10  -0.75  0.05  Sig
0.412462  0.0652894  390  10  -0.65  0.05  Sig
0.548744  0.0530027  390  10  -0.55  0.05  Sig
0.588167  0.0498351  390  10  -0.45  0.05  Sig
0.595583  0.046895  390  10  -0.35  0.05  Sig
0.627612  0.0466649  390  10  -0.25  0.05  Sig
0.558  0.0466802  390  10  -0.15  0.05  Sig
0.63419  0.0485836  390  10  -0.05  0.05  Sig
0.626797  0.0523628  390  10  0.05  0.05  Sig
0.479508  0.0589511  390  10  0.15  0.05  Sig
0.582492  0.065442  390  10  0.25  0.05  Sig
0.675842  0.073081  390  10  0.35  0.05  Sig
-0.000811642  0.00158163  390  10  0.45  0.05  Sig
0.563074  0.117198  390  10  0.55  0.05  Sig
0  -nan  390  10  0.65  0.05  Sig
0.516993  0.320711  390  10  0.75  0.05  Sig
9.45677  1946.83  390  10  0.85  0.05  Sig
-1.57458e-08  0.000496136  390  10  0.95  0.05  Sig
-0.0188485  0.356165  410  10  -0.95  0.05  Sig
0.41917  0.0666077  410  10  -0.85  0.05  Sig
0.582353  0.0463573  410  10  -0.75  0.05  Sig
0.524898  0.0374096  410  10  -0.65  0.05  Sig
0.573555  0.0328024  410  10  -0.55  0.05  Sig
0.569015  0.0307486  410  10  -0.45  0.05  Sig
0.629807  0.0294919  410  10  -0.35  0.05  Sig
0.604588  0.0288911  410  10  -0.25  0.05  Sig
0.644983  0.0290141  410  10  -0.15  0.05  Sig
0.582432  0.0294149  410  10  -0.05  0.05  Sig
0.652703  0.0339895  410  10  0.05  0.05  Sig
0.612747  0.0358327  410  10  0.15  0.05  Sig
0.57698  0.0391662  410  10  0.25  0.05  Sig
0.554953  0.0453246  410  10  0.35  0.05  Sig
0.510052  0.0572088  410  10  0.45  0.05  Sig
0.290561  0.0716854  410  10  0.55  0.05  Sig
0  -nan  410  10  0.65  0.05  Sig
0.162387  0.182562  410  10  0.75  0.05  Sig
0.0917447  0.564039  410  10  0.85  0.05  Sig
-0.000280416  193.95  410  10  0.95  0.05  Sig
0.448849  0.122166  430  10  -0.95  0.05  Sig
0.443255  0.0579018  430  10  -0.85  0.05  Sig
0.505198  0.0421928  430  10  -0.75  0.05  Sig
0.553528  0.0364843  430  10  -0.65  0.05  Sig
0.592905  0.0301709  430  10  -0.55  0.05  Sig
0.601873  0.0275549  430  10  -0.45  0.05  Sig
0.623001  0.0262798  430  10  -0.35  0.05  Sig
0.627651  0.0258298  430  10  -0.25  0.05  Sig
0.572564  0.0260707  430  10  -0.15  0.05  Sig
0.669552  0.0290711  430  10  -0.05  0.05  Sig
0.582314  0.0303982  430  10  0.05  0.05  Sig
0.583617  0.0316344  430  10  0.15  0.05  Sig
0.668593  0.0340919  430  10  0.25  0.05  Sig
0.538137  0.0376487  430  10  0.35  0.05  Sig
0.492552  0.0465053  430  10  0.45  0.05  Sig
0.353417  0.0643183  430  10  0.55  0.05  Sig
0.460871  0.0887021  430  10  0.65  0.05  Sig
0.234868  0.159832  430  10  0.75  0.05  Sig
0.610855  0.405828  430  10  0.85  0.05  Sig
0.242729  0.487154  430  10  0.95  0.05  Sig
-0.0524339  0.178768  450  10  -0.95  0.05  Sig
0.438242  0.0483838  450  10  -0.85  0.05  Sig
0.523276  0.0374799  450  10  -0.75  0.05  Sig
0.541487  0.0294053  450  10  -0.65  0.05  Sig
0.568407  0.0262394  450  10  -0.55  0.05  Sig
0.593914  0.0243258  450  10  -0.45  0.05  Sig
0.594615  0.0233864  450  10  -0.35  0.05  Sig
0.636335  0.0228245  450  10  -0.25  0.05  Sig
0.612087  0.022739  450  10  -0.15  0.05  Sig
0.605336  0.0245584  450  10  -0.05  0.05  Sig
0.546999  0.0266852  450  10  0.05  0.05  Sig
0.600211  0.027928  450  10  0.15  0.05  Sig
0.563244  0.0299706  450  10  0.25  0.05  Sig
0.603208  0.033375  450  10  0.35  0.05  Sig
0.433089  0.0410738  450  10  0.45  0.05  Sig
0.376103  0.0527279  450  10  0.55  0.05  Sig
-0.0171822  0.0167208  450  10  0.65  0.05  Sig
0.0755153  0.126549  450  10  0.75  0.05  Sig
-0.0905691  0.392027  450  10  0.85  0.05  Sig
-0.0104186  0.0951808  450  10  0.95  0.05  Sig
2.27117  0.136039  470  10  -0.95  0.05  Sig
0.370771  0.0433292  470  10  -0.85  0.05  Sig
0.54822  0.033073  470  10  -0.75  0.05  Sig
0.562564  0.0261861  470  10  -0.65  0.05  Sig
0.627004  0.0238632  470  10  -0.55  0.05  Sig
0.634953  0.0222457  470  10  -0.45  0.05  Sig
0.656663  0.0212292  470  10  -0.35  0.05  Sig
0.641853  0.0209137  470  10  -0.25  0.05  Sig
0.653705  0.022428  470  10  -0.15  0.05  Sig
0.58363  0.0232359  470  10  -0.05  0.05  Sig
0.652449  0.0239234  470  10  0.05  0.05  Sig
0.559238  0.0254372  470  10  0.15  0.05  Sig
0.585328  0.0274227  470  10  0.25  0.05  Sig
0.479763  0.0304324  470  10  0.35  0.05  Sig
0.473851  0.0359127  470  10  0.45  0.05  Sig
5.58031  0.0227454  470  10  0.55  0.05  Sig
0.342279  0.0661865  470  10  0.65  0.05  Sig
0.27975  0.0986311  470  10  0.75  0.05  Sig
0.432208  0.251681  470  10  0.85  0.05  Sig
0.000910747  66.3564  470  10  0.95  0.05  Sig
0.382334  0.140524  490  10  -0.95  0.05  Sig
0.370042  0.0456626  490  10  -0.85  0.05  Sig
0.531142  0.0351103  490  10  -0.75  0.05  Sig
0.626672  0.0297722  490  10  -0.65  0.05  Sig
0.589734  0.026109  490  10  -0.55  0.05  Sig
0.578535  0.0239219  490  10  -0.45  0.05  Sig
0.624711  0.023137  490  10  -0.35  0.05  Sig
0.617662  0.0241368  490  10  -0.25  0.05  Sig
0.623478  0.024537  490  10  -0.15  0.05  Sig
0.640612  0.0251426  490  10  -0.05  0.05  Sig
0.576378  0.0255872  490  10  0.05  0.05  Sig
0.605878  0.0269885  490  10  0.15  0.05  Sig
0.567139  0.0291509  490  10  0.25  0.05  Sig
0.527209  0.0305907  490  10  0.35  0.05  Sig
0.469236  0.0401095  490  10  0.45  0.05  Sig
0  -nan  490  10  0.55  0.05  Sig
0.266269  0.0669931  490  10  0.65  0.05  Sig
0.16076  0.111353  490  10  0.75  0.05  Sig
0.15593  0.390347  490  10  0.85  0.05  Sig
-0.000700705  21.3866  490  10  0.95  0.05  Sig
0.404934  0.179865  510  10  -0.95  0.05  Sig
0.44394  0.0376155  510  10  -0.85  0.05  Sig
0.529311  0.0294815  510  10  -0.75  0.05  Sig
0.633453  0.0246216  510  10  -0.65  0.05  Sig
0.626167  0.0221261  510  10  -0.55  0.05  Sig
0.616989  0.0208412  510  10  -0.45  0.05  Sig
0.644485  0.0197735  510  10  -0.35  0.05  Sig
0.637422  0.0208047  510  10  -0.25  0.05  Sig
0.655064  0.0211584  510  10  -0.15  0.05  Sig
0.615999  0.0213752  510  10  -0.05  0.05  Sig
0.601027  0.021504  510  10  0.05  0.05  Sig
0.565383  0.0227137  510  10  0.15  0.05  Sig
0.606288  0.024389  510  10  0.25  0.05  Sig
0.52899  0.027124  510  10  0.35  0.05  Sig
0.546845  0.0321245  510  10  0.45  0.05  Sig
0.408531  0.0403052  510  10  0.55  0.05  Sig
0.401371  0.0527932  510  10  0.65  0.05  Sig
0.26331  0.0942093  510  10  0.75  0.05  Sig
-8.95064  553.472  510  10  0.85  0.05  Sig
-0.0274741  58.4937  510  10  0.95  0.05  Sig
0  -nan  530  10  -0.95  0.05  Sig
0.446991  0.0418533  530  10  -0.85  0.05  Sig
0.497045  0.0304519  530  10  -0.75  0.05  Sig
0.614654  0.0261373  530  10  -0.65  0.05  Sig
0.602623  0.0222121  530  10  -0.55  0.05  Sig
0.621213  0.0222637  530  10  -0.45  0.05  Sig
0.639984  0.0226696  530  10  -0.35  0.05  Sig
0.62646  0.0222599  530  10  -0.25  0.05  Sig
0.638814  0.0220808  530  10  -0.15  0.05  Sig
0.629779  0.0230258  530  10  -0.05  0.05  Sig
0.630157  0.0234902  530  10  0.05  0.05  Sig
0.603754  0.0242368  530  10  0.15  0.05  Sig
0.600956  0.0267262  530  10  0.25  0.05  Sig
0.575832  0.0288248  530  10  0.35  0.05  Sig
0.453639  0.0347601  530  10  0.45  0.05  Sig
0.4392  0.0433437  530  10  0.55  0.05  Sig
0.395944  0.0560933  530  10  0.65  0.05  Sig
0  -nan  530  10  0.75  0.05  Sig
0.0127118  2.83083  530  10  0.85  0.05  Sig
-0.00741438  0.218388  530  10  0.95  0.05  Sig
0  -nan  550  10  -0.95  0.05  Sig
0.400039  0.0419656  550  10  -0.85  0.05  Sig
0.527201  0.034608  550  10  -0.75  0.05  Sig
0.607461  0.0289584  550  10  -0.65  0.05  Sig
0.637109  0.0265862  550  10  -0.55  0.05  Sig
0.599269  0.0250986  550  10  -0.45  0.05  Sig
0.655231  0.0254919  550  10  -0.35  0.05  Sig
0.655978  0.0257694  550  10  -0.25  0.05  Sig
0.675547  0.0250775  550  10  -0.15  0.05  Sig
0.642413  0.0257953  550  10  -0.05  0.05  Sig
0.650481  0.0257576  550  10  0.05  0.05  Sig
0.586654  0.0265192  550  10  0.15  0.05  Sig
0.613539  0.0288528  550  10  0.25  0.05  Sig
0.552996  0.0318678  550  10  0.35  0.05  Sig
0.540213  0.0390968  550  10  0.45  0.05  Sig
0.482639  0.0475443  550  10  0.55  0.05  Sig
0.41562  0.0632831  550  10  0.65  0.05  Sig
0.323787  0.107059  550  10  0.75  0.05  Sig
0.0861264  0.513012  550  10  0.85  0.05  Sig
-0.000351828  8.83887  550  10  0.95  0.05  Sig
0.311603  0.0865377  570  10  -0.95  0.05  Sig
0.429792  0.0375826  570  10  -0.85  0.05  Sig
0.528614  0.026332  570  10  -0.75  0.05  Sig
0.588055  0.0236203  570  10  -0.65  0.05  Sig
0.608835  0.0211753  570  10  -0.55  0.05  Sig
0.64046  0.021186  570  10  -0.45  0.05  Sig
0.639671  0.0207052  570  10  -0.35  0.05  Sig
0.676463  0.0199327  570  10  -0.25  0.05  Sig
0.624332  0.0205755  570  10  -0.15  0.05  Sig
0.677488  0.0205798  570  10  -0.05  0.05  Sig
0.611833  0.019801  570  10  0.05  0.05  Sig
0.617544  0.0212128  570  10  0.15  0.05  Sig
0.560767  0.0238794  570  10  0.25  0.05  Sig
0.555815  0.0267428  570  10  0.35  0.05  Sig
0.548103  0.0304073  570  10  0.45  0.05  Sig
0.526132  0.0383996  570  10  0.55  0.05  Sig
0.294185  0.0524119  570  10  0.65  0.05  Sig
0.161723  0.0995628  570  10  0.75  0.05  Sig
0.420206  0.419068  570  10  0.85  0.05  Sig
0.000379842  54.4609  570  10  0.95  0.05  Sig
-3.02739  0.0942742  590  10  -0.95  0.05  Sig
0.40818  0.0278703  590  10  -0.85  0.05  Sig
0.561643  0.0227323  590  10  -0.75  0.05  Sig
0.575673  0.0198237  590  10  -0.65  0.05  Sig
0.476201  0.0149777  590  10  -0.55  0.05  Sig
0.656449  0.0182684  590  10  -0.45  0.05  Sig
0.679095  0.0179335  590  10  -0.35  0.05  Sig
0.668673  0.0174362  590  10  -0.25  0.05  Sig
0.684684  0.0173863  590  10  -0.15  0.05  Sig
0.636316  0.0169494  590  10  -0.05  0.05  Sig
0.641487  0.0176104  590  10  0.05  0.05  Sig
0.588473  0.0188874  590  10  0.15  0.05  Sig
0.594021  0.0202468  590  10  0.25  0.05  Sig
0.551421  0.0235657  590  10  0.35  0.05  Sig
0.516638  0.0274013  590  10  0.45  0.05  Sig
0.470414  0.0351546  590  10  0.55  0.05  Sig
0.323483  0.0467779  590  10  0.65  0.05  Sig
0.370956  0.0896926  590  10  0.75  0.05  Sig
0  -nan  590  10  0.85  0.05  Sig
-0.72516  0.780886  590  10  0.95  0.05  Sig
0.138632  0.0744019  610  10  -0.95  0.05  Sig
0.427122  0.0303128  610  10  -0.85  0.05  Sig
0.535672  0.0255435  610  10  -0.75  0.05  Sig
0.58806  0.0224287  610  10  -0.65  0.05  Sig
0.623473  0.0209028  610  10  -0.55  0.05  Sig
0.695011  0.0204994  610  10  -0.45  0.05  Sig
0.663724  0.0195784  610  10  -0.35  0.05  Sig
0.636285  0.0192708  610  10  -0.25  0.05  Sig
0.686715  0.0191601  610  10  -0.15  0.05  Sig
0.653754  0.0194119  610  10  -0.05  0.05  Sig
0.691183  0.0196685  610  10  0.05  0.05  Sig
0.634465  0.0209432  610  10  0.15  0.05  Sig
0.629916  0.0221183  610  10  0.25  0.05  Sig
0.627228  0.0259988  610  10  0.35  0.05  Sig
0.513766  0.03491  610  10  0.45  0.05  Sig
0.529575  0.0396737  610  10  0.55  0.05  Sig
0.444756  0.052444  610  10  0.65  0.05  Sig
0.115148  0.110039  610  10  0.75  0.05  Sig
-0.0804877  1.95296  610  10  0.85  0.05  Sig
0.450594  0.0628213  610  10  0.95  0.05  Sig
0.248021  0.107407  630  10  -0.95  0.05  Sig
0.443858  0.0546465  630  10  -0.85  0.05  Sig
0.481556  0.0514007  630  10  -0.75  0.05  Sig
0.575785  0.0421619  630  10  -0.65  0.05  Sig
0.614395  0.0408346  630  10  -0.55  0.05  Sig
0.654853  0.0419211  630  10  -0.45  0.05  Sig
0.686878  0.0406254  630  10  -0.35  0.05  Sig
0.735202  0.038141  630  10  -0.25  0.05  Sig
0.716288  0.0381725  630  10  -0.15  0.05  Sig
0.723801  0.0396267  630  10  -0.05  0.05  Sig
0.740742  0.0390795  630  10  0.05  0.05  Sig
0.72675  0.0418254  630  10  0.15  0.05  Sig
0.658795  0.0451995  630  10  0.25  0.05  Sig
0.577833  0.0452744  630  10  0.35  0.05  Sig
0.551807  0.062719  630  10  0.45  0.05  Sig
0.612471  0.0774711  630  10  0.55  0.05  Sig
0.749799  0.114101  630  10  0.65  0.05  Sig
0.475616  0.218251  630  10  0.75  0.05  Sig
-2.11701e-05  41.8724  630  10  0.85  0.05  Sig
0  -nan  630  10  0.95  0.05  Sig
3.39958  0.0947284  650  10  -0.95  0.05  Sig
0.373305  0.172942  650  10  -0.85  0.05  Sig
0.309796  0.13452  650  10  -0.75  0.05  Sig
0.577567  0.125824  650  10  -0.65  0.05  Sig
0.836401  0.115687  650  10  -0.55  0.05  Sig
0.450191  0.105652  650  10  -0.45  0.05  Sig
0.883535  0.116957  650  10  -0.35  0.05  Sig
0.753304  0.109169  650  10  -0.25  0.05  Sig
0.669497  0.110977  650  10  -0.15  0.05  Sig
0.551716  0.113107  650  10  -0.05  0.05  Sig
0.782412  0.108177  650  10  0.05  0.05  Sig
0.539447  0.115647  650  10  0.15  0.05  Sig
0.437328  0.125869  650  10  0.25  0.05  Sig
0.433307  0.135149  650  10  0.35  0.05  Sig
0.545436  0.159445  650  10  0.45  0.05  Sig
0.718343  0.22619  650  10  0.55  0.05  Sig
0.215607  0.269827  650  10  0.65  0.05  Sig
0.598136  0.755256  650  10  0.75  0.05  Sig
-0.000197358  4.38882  650  10  0.85  0.05  Sig
0  -nan  650  10  0.95  0.05  Sig
0  -nan  670  10  -0.95  0.05  Sig
0.256171  0.641228  670  10  -0.85  0.05  Sig
1.50494  0.519934  670  10  -0.75  0.05  Sig
1.00033  0.465286  670  10  -0.65  0.05  Sig
0.194995  0.42107  670  10  -0.55  0.05  Sig
1.3463  0.470284  670  10  -0.45  0.05  Sig
1.31593  0.426714  670  10  -0.35  0.05  Sig
0.857056  0.458499  670  10  -0.25  0.05  Sig
0.938099  0.447688  670  10  -0.15  0.05  Sig
0.785911  0.446887  670  10  -0.05  0.05  Sig
0.326508  0.441331  670  10  0.05  0.05  Sig
0.316265  0.47309  670  10  0.15  0.05  Sig
2.32342  0.516196  670  10  0.25  0.05  Sig
0.458626  0.594945  670  10  0.35  0.05  Sig
1.67746  0.663387  670  10  0.45  0.05  Sig
1.35687  0.818487  670  10  0.55  0.05  Sig
0.834679  1.09433  670  10  0.65  0.05  Sig
0.13596  2.48123  670  10  0.75  0.05  Sig
0.0853088  106.583  670  10  0.85  0.05  Sig
0.00576266  113.399  670  10  0.95  0.05  Sig
0  -nan  690  10  -0.95  0.05  Sig
0.549622  0.526116  690  10  -0.85  0.05  Sig
0.264437  0.445705  690  10  -0.75  0.05  Sig
0.886784  0.452403  690  10  -0.65  0.05  Sig
0.910203  0.47841  690  10  -0.55  0.05  Sig
1.36141  0.401413  690  10  -0.45  0.05  Sig
0.497494  0.413916  690  10  -0.35  0.05  Sig
0.979136  0.369277  690  10  -0.25  0.05  Sig
0.195785  0.394585  690  10  -0.15  0.05  Sig
1.21524  0.423134  690  10  -0.05  0.05  Sig
0.773192  0.417889  690  10  0.05  0.05  Sig
1.07554  0.437633  690  10  0.15  0.05  Sig
1.09816  0.438275  690  10  0.25  0.05  Sig
0.317303  0.532232  690  10  0.35  0.05  Sig
1.07729  0.637654  690  10  0.45  0.05  Sig
1.23843  0.725584  690  10  0.55  0.05  Sig
0.242125  1.14392  690  10  0.65  0.05  Sig
-1.03903  2.61281  690  10  0.75  0.05  Sig
1.90335  1.64227  690  10  0.85  0.05  Sig
6.9144e-05  19.7945  690  10  0.95  0.05  Sig
0  -nan  710  10  -0.95  0.05  Sig
-0.151836  0.546039  710  10  -0.85  0.05  Sig
-0.326834  0.51416  710  10  -0.75  0.05  Sig
-0.162361  0.615196  710  10  -0.65  0.05  Sig
0.710547  0.552231  710  10  -0.55  0.05  Sig
1.01706  0.537362  710  10  -0.45  0.05  Sig
1.44655  0.488328  710  10  -0.35  0.05  Sig
0.518606  0.553025  710  10  -0.25  0.05  Sig
0.139019  0.541367  710  10  -0.15  0.05  Sig
1.61497  0.513217  710  10  -0.05  0.05  Sig
0.111418  0.546092  710  10  0.05  0.05  Sig
1.02368  0.583141  710  10  0.15  0.05  Sig
0.581071  0.552164  710  10  0.25  0.05  Sig
1.29987  0.614987  710  10  0.35  0.05  Sig
-0.476545  0.866358  710  10  0.45  0.05  Sig
0.612129  0.942672  710  10  0.55  0.05  Sig
-0.972136  1.34044  710  10  0.65  0.05  Sig
1.05401  2.78507  710  10  0.75  0.05  Sig
-7.68892e-05  27.3291  710  10  0.85  0.05  Sig
0  -nan  710  10  0.95  0.05  Sig
0.331377  0.39575  250  10  -0.95  0.05  Cut1
0.335418  0.284211  250  10  -0.85  0.05  Cut1
0.786791  0.254672  250  10  -0.75  0.05  Cut1
0.464123  0.238485  250  10  -0.65  0.05  Cut1
0.74372  0.23356  250  10  -0.55  0.05  Cut1
1.08527  0.233023  250  10  -0.45  0.05  Cut1
0.887411  0.23658  250  10  -0.35  0.05  Cut1
0.353196  0.245317  250  10  -0.25  0.05  Cut1
1.41776  0.255272  250  10  -0.15  0.05  Cut1
0.845846  0.270893  250  10  -0.05  0.05  Cut1
0.833586  0.290406  250  10  0.05  0.05  Cut1
0.495609  0.3109  250  10  0.15  0.05  Cut1
0.825901  0.339368  250  10  0.25  0.05  Cut1
0.694367  0.364639  250  10  0.35  0.05  Cut1
0.553522  0.389508  250  10  0.45  0.05  Cut1
1.49098  0.404761  250  10  0.55  0.05  Cut1
1.42122  0.408532  250  10  0.65  0.05  Cut1
1.03279  0.398991  250  10  0.75  0.05  Cut1
0.619435  0.396533  250  10  0.85  0.05  Cut1
0.432138  0.365219  250  10  0.95  0.05  Cut1
0.714271  0.201992  270  10  -0.95  0.05  Cut1
0.681702  0.142454  270  10  -0.85  0.05  Cut1
0.629009  0.12449  270  10  -0.75  0.05  Cut1
0.434601  0.114583  270  10  -0.65  0.05  Cut1
0.534894  0.110033  270  10  -0.55  0.05  Cut1
0.615194  0.109138  270  10  -0.45  0.05  Cut1
0.774516  0.110937  270  10  -0.35  0.05  Cut1
0.573947  0.11473  270  10  -0.25  0.05  Cut1
0.697142  0.120176  270  10  -0.15  0.05  Cut1
0.601869  0.128338  270  10  -0.05  0.05  Cut1
0.649205  0.137958  270  10  0.05  0.05  Cut1
0.711662  0.151304  270  10  0.15  0.05  Cut1
0.521695  0.167069  270  10  0.25  0.05  Cut1
0.585723  0.18533  270  10  0.35  0.05  Cut1
0.051463  0.204815  270  10  0.45  0.05  Cut1
0.62743  0.223837  270  10  0.55  0.05  Cut1
0.871745  0.237582  270  10  0.65  0.05  Cut1
0.191076  0.238974  270  10  0.75  0.05  Cut1
0.696648  0.235544  270  10  0.85  0.05  Cut1
-0.128595  0.214426  270  10  0.95  0.05  Cut1
0.170381  0.190957  290  10  -0.95  0.05  Cut1
0.347465  0.133866  290  10  -0.85  0.05  Cut1
0.636051  0.115076  290  10  -0.75  0.05  Cut1
0.59496  0.103629  290  10  -0.65  0.05  Cut1
0.646004  0.098791  290  10  -0.55  0.05  Cut1
0.515679  0.0972102  290  10  -0.45  0.05  Cut1
0.61795  0.0978961  290  10  -0.35  0.05  Cut1
0.620656  0.10079  290  10  -0.25  0.05  Cut1
0.474704  0.105578  290  10  -0.15  0.05  Cut1
0.500576  0.112326  290  10  -0.05  0.05  Cut1
0.605857  0.121665  290  10  0.05  0.05  Cut1
0.72827  0.133529  290  10  0.15  0.05  Cut1
0.905909  0.147962  290  10  0.25  0.05  Cut1
0.667382  0.167383  290  10  0.35  0.05  Cut1
0.320777  0.190489  290  10  0.45  0.05  Cut1
0.372495  0.216902  290  10  0.55  0.05  Cut1
0.444147  0.238247  290  10  0.65  0.05  Cut1
0.588645  0.249206  290  10  0.75  0.05  Cut1
0.505706  0.246247  290  10  0.85  0.05  Cut1
0.346381  0.22407  290  10  0.95  0.05  Cut1
0.293082  0.0916327  310  10  -0.95  0.05  Cut1
0.453941  0.063482  310  10  -0.85  0.05  Cut1
0.570732  0.0536566  310  10  -0.75  0.05  Cut1
0.429845  0.0478698  310  10  -0.65  0.05  Cut1
0.546379  0.0448982  310  10  -0.55  0.05  Cut1
0.530442  0.0440254  310  10  -0.45  0.05  Cut1
0.591348  0.0440291  310  10  -0.35  0.05  Cut1
0.678116  0.0451958  310  10  -0.25  0.05  Cut1
0.567201  0.0471744  310  10  -0.15  0.05  Cut1
0.643665  0.0497525  310  10  -0.05  0.05  Cut1
0.582736  0.053581  310  10  0.05  0.05  Cut1
0.601555  0.0586357  310  10  0.15  0.05  Cut1
0.545182  0.0655883  310  10  0.25  0.05  Cut1
0.421373  0.0744627  310  10  0.35  0.05  Cut1
0.459399  0.0864773  310  10  0.45  0.05  Cut1
0.339447  0.101359  310  10  0.55  0.05  Cut1
0.30579  0.117097  310  10  0.65  0.05  Cut1
0.350436  0.127661  310  10  0.75  0.05  Cut1
0.32396  0.126287  310  10  0.85  0.05  Cut1
-0.117553  0.116029  310  10  0.95  0.05  Cut1
0.260318  0.0860218  330  10  -0.95  0.05  Cut1
0.418581  0.0584877  330  10  -0.85  0.05  Cut1
0.514801  0.0491927  330  10  -0.75  0.05  Cut1
0.408063  0.0432842  330  10  -0.65  0.05  Cut1
0.55475  0.040206  330  10  -0.55  0.05  Cut1
0.574108  0.0392226  330  10  -0.45  0.05  Cut1
0.502014  0.0389416  330  10  -0.35  0.05  Cut1
0.543616  0.0396622  330  10  -0.25  0.05  Cut1
0.575186  0.0409673  330  10  -0.15  0.05  Cut1
0.591373  0.0430262  330  10  -0.05  0.05  Cut1
0.465311  0.0459497  330  10  0.05  0.05  Cut1
0.349017  0.0501612  330  10  0.15  0.05  Cut1
0.469141  0.0557902  330  10  0.25  0.05  Cut1
0.438837  0.0635116  330  10  0.35  0.05  Cut1
0.364828  0.0744655  330  10  0.45  0.05  Cut1
0.447282  0.0892487  330  10  0.55  0.05  Cut1
0.230909  0.106441  330  10  0.65  0.05  Cut1
0.342182  0.122112  330  10  0.75  0.05  Cut1
0.173786  0.123226  330  10  0.85  0.05  Cut1
0.192487  0.114224  330  10  0.95  0.05  Cut1
0.115904  0.063602  350  10  -0.95  0.05  Cut1
0.440362  0.0431678  350  10  -0.85  0.05  Cut1
0.462307  0.0358376  350  10  -0.75  0.05  Cut1
0.475579  0.0313996  350  10  -0.65  0.05  Cut1
0.547114  0.0290528  350  10  -0.55  0.05  Cut1
0.522659  0.0281231  350  10  -0.45  0.05  Cut1
0.507854  0.027838  350  10  -0.35  0.05  Cut1
0.524219  0.0282296  350  10  -0.25  0.05  Cut1
0.538179  0.0289117  350  10  -0.15  0.05  Cut1
0.499238  0.0303465  350  10  -0.05  0.05  Cut1
0.526262  0.0322414  350  10  0.05  0.05  Cut1
0.530736  0.0349134  350  10  0.15  0.05  Cut1
0.4918  0.0387539  350  10  0.25  0.05  Cut1
0.492144  0.0438666  350  10  0.35  0.05  Cut1
0.408481  0.0514846  350  10  0.45  0.05  Cut1
0.272097  0.0622027  350  10  0.55  0.05  Cut1
0.129152  0.0754936  350  10  0.65  0.05  Cut1
0.29829  0.0882784  350  10  0.75  0.05  Cut1
0.337944  0.091052  350  10  0.85  0.05  Cut1
-0.0052831  0.0869549  350  10  0.95  0.05  Cut1
0.16702  0.0448379  370  10  -0.95  0.05  Cut1
0.350838  0.0302207  370  10  -0.85  0.05  Cut1
0.468943  0.0249879  370  10  -0.75  0.05  Cut1
0.404733  0.021757  370  10  -0.65  0.05  Cut1
0.473731  0.0201325  370  10  -0.55  0.05  Cut1
0.516325  0.0193154  370  10  -0.45  0.05  Cut1
0.538264  0.0191013  370  10  -0.35  0.05  Cut1
0.507894  0.0192778  370  10  -0.25  0.05  Cut1
0.520236  0.0197614  370  10  -0.15  0.05  Cut1
0.500977  0.0206157  370  10  -0.05  0.05  Cut1
0.556668  0.0218114  370  10  0.05  0.05  Cut1
0.494394  0.0235701  370  10  0.15  0.05  Cut1
0.451298  0.0260698  370  10  0.25  0.05  Cut1
0.420334  0.0294161  370  10  0.35  0.05  Cut1
0.372268  0.0342828  370  10  0.45  0.05  Cut1
0.404223  0.0412713  370  10  0.55  0.05  Cut1
0.284644  0.0504642  370  10  0.65  0.05  Cut1
0.193302  0.0604924  370  10  0.75  0.05  Cut1
0.134224  0.0623377  370  10  0.85  0.05  Cut1
0.00707492  0.0610825  370  10  0.95  0.05  Cut1
0.26348  0.0523036  390  10  -0.95  0.05  Cut1
0.280981  0.0347504  390  10  -0.85  0.05  Cut1
0.346668  0.0287093  390  10  -0.75  0.05  Cut1
0.346413  0.0248139  390  10  -0.65  0.05  Cut1
0.449819  0.0228428  390  10  -0.55  0.05  Cut1
0.465017  0.0219586  390  10  -0.45  0.05  Cut1
0.482534  0.0216475  390  10  -0.35  0.05  Cut1
0.490151  0.0218244  390  10  -0.25  0.05  Cut1
0.482364  0.0222262  390  10  -0.15  0.05  Cut1
0.515409  0.0231717  390  10  -0.05  0.05  Cut1
0.462534  0.0244191  390  10  0.05  0.05  Cut1
0.453498  0.026319  390  10  0.15  0.05  Cut1
0.445665  0.0290853  390  10  0.25  0.05  Cut1
0.438483  0.0326401  390  10  0.35  0.05  Cut1
0.38201  0.037947  390  10  0.45  0.05  Cut1
0.38068  0.0457006  390  10  0.55  0.05  Cut1
0.101281  0.0560249  390  10  0.65  0.05  Cut1
0.123727  0.0678104  390  10  0.75  0.05  Cut1
0.0973613  0.0702568  390  10  0.85  0.05  Cut1
0.0142871  0.0700187  390  10  0.95  0.05  Cut1
0.199184  0.0305822  410  10  -0.95  0.05  Cut1
0.307959  0.020448  410  10  -0.85  0.05  Cut1
0.396494  0.01677  410  10  -0.75  0.05  Cut1
0.401109  0.0144558  410  10  -0.65  0.05  Cut1
0.430059  0.0132798  410  10  -0.55  0.05  Cut1
0.440265  0.0127549  410  10  -0.45  0.05  Cut1
0.461019  0.0125268  410  10  -0.35  0.05  Cut1
0.434019  0.0125973  410  10  -0.25  0.05  Cut1
0.444351  0.0128383  410  10  -0.15  0.05  Cut1
0.462332  0.0133084  410  10  -0.05  0.05  Cut1
0.474568  0.0140486  410  10  0.05  0.05  Cut1
0.456196  0.0150882  410  10  0.15  0.05  Cut1
0.421421  0.01655  410  10  0.25  0.05  Cut1
0.394537  0.0186304  410  10  0.35  0.05  Cut1
0.346789  0.0215936  410  10  0.45  0.05  Cut1
0.265759  0.0259301  410  10  0.55  0.05  Cut1
0.236755  0.0316866  410  10  0.65  0.05  Cut1
0.0609507  0.0384866  410  10  0.75  0.05  Cut1
0.0330659  0.0402709  410  10  0.85  0.05  Cut1
0.0325821  0.0412695  410  10  0.95  0.05  Cut1
0.159243  0.0257352  430  10  -0.95  0.05  Cut1
0.282828  0.0171419  430  10  -0.85  0.05  Cut1
0.36728  0.0139774  430  10  -0.75  0.05  Cut1
0.347605  0.0120405  430  10  -0.65  0.05  Cut1
0.391832  0.0110608  430  10  -0.55  0.05  Cut1
0.374541  0.0105795  430  10  -0.45  0.05  Cut1
0.428826  0.0103919  430  10  -0.35  0.05  Cut1
0.407605  0.0104365  430  10  -0.25  0.05  Cut1
0.419119  0.01065  430  10  -0.15  0.05  Cut1
0.409803  0.0110386  430  10  -0.05  0.05  Cut1
0.418063  0.0115923  430  10  0.05  0.05  Cut1
0.412038  0.012438  430  10  0.15  0.05  Cut1
0.40237  0.0136089  430  10  0.25  0.05  Cut1
0.398123  0.0152916  430  10  0.35  0.05  Cut1
0.320112  0.0176399  430  10  0.45  0.05  Cut1
0.281901  0.0212087  430  10  0.55  0.05  Cut1
0.256741  0.0260315  430  10  0.65  0.05  Cut1
0.114358  0.03151  430  10  0.75  0.05  Cut1
-0.0284892  0.0328776  430  10  0.85  0.05  Cut1
0.0354816  0.0347228  430  10  0.95  0.05  Cut1
0.147397  0.0209179  450  10  -0.95  0.05  Cut1
0.284792  0.0138866  450  10  -0.85  0.05  Cut1
0.316735  0.0113501  450  10  -0.75  0.05  Cut1
0.327104  0.00969984  450  10  -0.65  0.05  Cut1
0.348427  0.0088965  450  10  -0.55  0.05  Cut1
0.37111  0.00850551  450  10  -0.45  0.05  Cut1
0.383623  0.00836549  450  10  -0.35  0.05  Cut1
0.405112  0.00838687  450  10  -0.25  0.05  Cut1
0.392576  0.00854455  450  10  -0.15  0.05  Cut1
0.39096  0.00884222  450  10  -0.05  0.05  Cut1
0.387634  0.00930942  450  10  0.05  0.05  Cut1
0.353206  0.00998196  450  10  0.15  0.05  Cut1
0.357803  0.0109136  450  10  0.25  0.05  Cut1
0.34464  0.0122394  450  10  0.35  0.05  Cut1
0.311075  0.01414  450  10  0.45  0.05  Cut1
0.260078  0.0169209  450  10  0.55  0.05  Cut1
0.214321  0.0207592  450  10  0.65  0.05  Cut1
0.112605  0.0251103  450  10  0.75  0.05  Cut1
0.0575639  0.0260825  450  10  0.85  0.05  Cut1
0.00417004  0.0282799  450  10  0.95  0.05  Cut1
0.136453  0.017599  470  10  -0.95  0.05  Cut1
0.239024  0.0116885  470  10  -0.85  0.05  Cut1
0.306319  0.00953101  470  10  -0.75  0.05  Cut1
0.313804  0.00808258  470  10  -0.65  0.05  Cut1
0.342242  0.00739189  470  10  -0.55  0.05  Cut1
0.351089  0.00709114  470  10  -0.45  0.05  Cut1
0.366564  0.00697369  470  10  -0.35  0.05  Cut1
0.348123  0.00698655  470  10  -0.25  0.05  Cut1
0.361169  0.00711668  470  10  -0.15  0.05  Cut1
0.363756  0.00735882  470  10  -0.05  0.05  Cut1
0.357251  0.00774081  470  10  0.05  0.05  Cut1
0.348639  0.0083012  470  10  0.15  0.05  Cut1
0.334961  0.00907341  470  10  0.25  0.05  Cut1
0.326675  0.0101636  470  10  0.35  0.05  Cut1
0.305592  0.0117402  470  10  0.45  0.05  Cut1
0.242894  0.0140789  470  10  0.55  0.05  Cut1
0.149567  0.01714  470  10  0.65  0.05  Cut1
0.0823877  0.0208769  470  10  0.75  0.05  Cut1
0.0353268  0.0215584  470  10  0.85  0.05  Cut1
0.0514456  0.0239923  470  10  0.95  0.05  Cut1
0.116288  0.0175787  490  10  -0.95  0.05  Cut1
0.189488  0.0117466  490  10  -0.85  0.05  Cut1
0.256625  0.00953637  490  10  -0.75  0.05  Cut1
0.278427  0.00809117  490  10  -0.65  0.05  Cut1
0.293764  0.00737967  490  10  -0.55  0.05  Cut1
0.321538  0.00706845  490  10  -0.45  0.05  Cut1
0.307419  0.00694107  490  10  -0.35  0.05  Cut1
0.335702  0.00696867  490  10  -0.25  0.05  Cut1
0.326842  0.0070935  490  10  -0.15  0.05  Cut1
0.33976  0.00732855  490  10  -0.05  0.05  Cut1
0.328157  0.00770509  490  10  0.05  0.05  Cut1
0.339064  0.00824481  490  10  0.15  0.05  Cut1
0.314609  0.00904627  490  10  0.25  0.05  Cut1
0.297262  0.0101186  490  10  0.35  0.05  Cut1
0.29254  0.0117159  490  10  0.45  0.05  Cut1
0.244733  0.0139617  490  10  0.55  0.05  Cut1
0.190233  0.0171996  490  10  0.65  0.05  Cut1
0.112403  0.0207026  490  10  0.75  0.05  Cut1
-0.0255382  0.0215878  490  10  0.85  0.05  Cut1
0.0181297  0.0243798  490  10  0.95  0.05  Cut1
0.119557  0.0138105  510  10  -0.95  0.05  Cut1
0.201891  0.00920655  510  10  -0.85  0.05  Cut1
0.246198  0.00747391  510  10  -0.75  0.05  Cut1
0.272292  0.00631959  510  10  -0.65  0.05  Cut1
0.277664  0.00576143  510  10  -0.55  0.05  Cut1
0.287537  0.00550966  510  10  -0.45  0.05  Cut1
0.298956  0.00542552  510  10  -0.35  0.05  Cut1
0.305572  0.00543691  510  10  -0.25  0.05  Cut1
0.30291  0.00554656  510  10  -0.15  0.05  Cut1
0.302501  0.00572606  510  10  -0.05  0.05  Cut1
0.309379  0.006042  510  10  0.05  0.05  Cut1
0.306052  0.00646024  510  10  0.15  0.05  Cut1
0.298973  0.00714111  510  10  0.25  0.05  Cut1
0.291009  0.00791824  510  10  0.35  0.05  Cut1
0.290778  0.00915154  510  10  0.45  0.05  Cut1
0.219349  0.0109656  510  10  0.55  0.05  Cut1
0.159035  0.0134487  510  10  0.65  0.05  Cut1
0.0926244  0.0161375  510  10  0.75  0.05  Cut1
0.0211789  0.0167889  510  10  0.85  0.05  Cut1
-0.0143712  0.0194088  510  10  0.95  0.05  Cut1
0.0593458  0.0138369  530  10  -0.95  0.05  Cut1
0.185072  0.00927442  530  10  -0.85  0.05  Cut1
0.227718  0.00751516  530  10  -0.75  0.05  Cut1
0.235063  0.00632899  530  10  -0.65  0.05  Cut1
0.26693  0.00575456  530  10  -0.55  0.05  Cut1
0.268326  0.00551661  530  10  -0.45  0.05  Cut1
0.275568  0.00542346  530  10  -0.35  0.05  Cut1
0.286916  0.00543409  530  10  -0.25  0.05  Cut1
0.284588  0.00552831  530  10  -0.15  0.05  Cut1
0.297629  0.00572846  530  10  -0.05  0.05  Cut1
0.289049  0.006044  530  10  0.05  0.05  Cut1
0.299583  0.0064646  530  10  0.15  0.05  Cut1
0.299556  0.00709083  530  10  0.25  0.05  Cut1
0.27692  0.00797591  530  10  0.35  0.05  Cut1
0.2603  0.0092076  530  10  0.45  0.05  Cut1
0.205143  0.011006  530  10  0.55  0.05  Cut1
0.171649  0.0135382  530  10  0.65  0.05  Cut1
0.117119  0.0161515  530  10  0.75  0.05  Cut1
0.0300509  0.016891  530  10  0.85  0.05  Cut1
0.0445041  0.0199481  530  10  0.95  0.05  Cut1
0.0805379  0.0147518  550  10  -0.95  0.05  Cut1
0.163439  0.00990396  550  10  -0.85  0.05  Cut1
0.210633  0.00802006  550  10  -0.75  0.05  Cut1
0.23375  0.00675771  550  10  -0.65  0.05  Cut1
0.238557  0.00613313  550  10  -0.55  0.05  Cut1
0.249477  0.00586042  550  10  -0.45  0.05  Cut1
0.25318  0.00576432  550  10  -0.35  0.05  Cut1
0.276815  0.0057884  550  10  -0.25  0.05  Cut1
0.277947  0.00588105  550  10  -0.15  0.05  Cut1
0.270496  0.0060929  550  10  -0.05  0.05  Cut1
0.287389  0.00643682  550  10  0.05  0.05  Cut1
0.284377  0.00689264  550  10  0.15  0.05  Cut1
0.271701  0.00756284  550  10  0.25  0.05  Cut1
0.286811  0.00852156  550  10  0.35  0.05  Cut1
0.280577  0.00983786  550  10  0.45  0.05  Cut1
0.223289  0.0117302  550  10  0.55  0.05  Cut1
0.155635  0.0143997  550  10  0.65  0.05  Cut1
0.102838  0.0169967  550  10  0.75  0.05  Cut1
0.0152904  0.0179613  550  10  0.85  0.05  Cut1
0.0377063  0.0215815  550  10  0.95  0.05  Cut1
0.0853684  0.0109412  570  10  -0.95  0.05  Cut1
0.155295  0.00740592  570  10  -0.85  0.05  Cut1
0.190576  0.00600659  570  10  -0.75  0.05  Cut1
0.208699  0.00502159  570  10  -0.65  0.05  Cut1
0.222264  0.00456314  570  10  -0.55  0.05  Cut1
0.220282  0.00435681  570  10  -0.45  0.05  Cut1
0.241181  0.00427786  570  10  -0.35  0.05  Cut1
0.251144  0.00428187  570  10  -0.25  0.05  Cut1
0.256841  0.00437341  570  10  -0.15  0.05  Cut1
0.262828  0.00453515  570  10  -0.05  0.05  Cut1
0.26029  0.00478788  570  10  0.05  0.05  Cut1
0.269302  0.00514505  570  10  0.15  0.05  Cut1
0.258318  0.00564746  570  10  0.25  0.05  Cut1
0.249639  0.00635377  570  10  0.35  0.05  Cut1
0.241867  0.00737039  570  10  0.45  0.05  Cut1
0.206993  0.00882624  570  10  0.55  0.05  Cut1
0.131993  0.0108169  570  10  0.65  0.05  Cut1
0.0441885  0.0126918  570  10  0.75  0.05  Cut1
0.0245166  0.0134116  570  10  0.85  0.05  Cut1
0.0105522  0.0164726  570  10  0.95  0.05  Cut1
0.0729369  0.00893899  590  10  -0.95  0.05  Cut1
0.135245  0.00609791  590  10  -0.85  0.05  Cut1
0.182818  0.0049243  590  10  -0.75  0.05  Cut1
0.182851  0.00412757  590  10  -0.65  0.05  Cut1
0.210469  0.00373243  590  10  -0.55  0.05  Cut1
0.221502  0.00357139  590  10  -0.45  0.05  Cut1
0.220169  0.00350342  590  10  -0.35  0.05  Cut1
0.238761  0.0035072  590  10  -0.25  0.05  Cut1
0.237758  0.00357957  590  10  -0.15  0.05  Cut1
0.253123  0.00371579  590  10  -0.05  0.05  Cut1
0.25617  0.00392566  590  10  0.05  0.05  Cut1
0.252235  0.00422613  590  10  0.15  0.05  Cut1
0.251951  0.00464607  590  10  0.25  0.05  Cut1
0.254367  0.00524545  590  10  0.35  0.05  Cut1
0.233698  0.00610143  590  10  0.45  0.05  Cut1
0.199639  0.00725448  590  10  0.55  0.05  Cut1
0.139162  0.00893678  590  10  0.65  0.05  Cut1
0.0515753  0.0104337  590  10  0.75  0.05  Cut1
0.0130231  0.0110366  590  10  0.85  0.05  Cut1
0.0225709  0.0139082  590  10  0.95  0.05  Cut1
0.089137  0.00923411  610  10  -0.95  0.05  Cut1
0.140955  0.00634331  610  10  -0.85  0.05  Cut1
0.173396  0.00513175  610  10  -0.75  0.05  Cut1
0.189284  0.00427481  610  10  -0.65  0.05  Cut1
0.201319  0.00387202  610  10  -0.55  0.05  Cut1
0.21818  0.00369043  610  10  -0.45  0.05  Cut1
0.231131  0.00362807  610  10  -0.35  0.05  Cut1
0.228545  0.00364124  610  10  -0.25  0.05  Cut1
0.242338  0.00371471  610  10  -0.15  0.05  Cut1
0.248193  0.00385741  610  10  -0.05  0.05  Cut1
0.25624  0.00406838  610  10  0.05  0.05  Cut1
0.247478  0.00439537  610  10  0.15  0.05  Cut1
0.256354  0.00484676  610  10  0.25  0.05  Cut1
0.256844  0.00546635  610  10  0.35  0.05  Cut1
0.225291  0.00636911  610  10  0.45  0.05  Cut1
0.203529  0.0076394  610  10  0.55  0.05  Cut1
0.13808  0.00933829  610  10  0.65  0.05  Cut1
0.0591171  0.0107587  610  10  0.75  0.05  Cut1
0.0304201  0.011508  610  10  0.85  0.05  Cut1
0.041084  0.0146121  610  10  0.95  0.05  Cut1
0.106574  0.0169205  630  10  -0.95  0.05  Cut1
0.163401  0.0117336  630  10  -0.85  0.05  Cut1
0.186816  0.00949471  630  10  -0.75  0.05  Cut1
0.217087  0.00785583  630  10  -0.65  0.05  Cut1
0.234225  0.00713369  630  10  -0.55  0.05  Cut1
0.24927  0.00681048  630  10  -0.45  0.05  Cut1
0.256473  0.00666938  630  10  -0.35  0.05  Cut1
0.266965  0.00668646  630  10  -0.25  0.05  Cut1
0.284542  0.00685379  630  10  -0.15  0.05  Cut1
0.282197  0.00713298  630  10  -0.05  0.05  Cut1
0.297981  0.00753582  630  10  0.05  0.05  Cut1
0.295746  0.00809894  630  10  0.15  0.05  Cut1
0.295358  0.0090109  630  10  0.25  0.05  Cut1
0.30598  0.0101818  630  10  0.35  0.05  Cut1
0.303504  0.0118553  630  10  0.45  0.05  Cut1
0.23945  0.0142426  630  10  0.55  0.05  Cut1
0.20933  0.0172248  630  10  0.65  0.05  Cut1
0.0636871  0.019897  630  10  0.75  0.05  Cut1
0.0520061  0.0211988  630  10  0.85  0.05  Cut1
0.0451221  0.0277407  630  10  0.95  0.05  Cut1
0.139336  0.0399263  650  10  -0.95  0.05  Cut1
0.302203  0.0276009  650  10  -0.85  0.05  Cut1
0.375929  0.022322  650  10  -0.75  0.05  Cut1
0.47762  0.018426  650  10  -0.65  0.05  Cut1
0.506783  0.0166171  650  10  -0.55  0.05  Cut1
0.54703  0.0158875  650  10  -0.45  0.05  Cut1
0.555792  0.0156002  650  10  -0.35  0.05  Cut1
0.575968  0.0157177  650  10  -0.25  0.05  Cut1
0.582474  0.0160222  650  10  -0.15  0.05  Cut1
0.602746  0.0167846  650  10  -0.05  0.05  Cut1
0.625902  0.0177048  650  10  0.05  0.05  Cut1
0.620634  0.0191879  650  10  0.15  0.05  Cut1
0.665922  0.0212285  650  10  0.25  0.05  Cut1
0.603838  0.024216  650  10  0.35  0.05  Cut1
0.572494  0.0282468  650  10  0.45  0.05  Cut1
0.411051  0.0337921  650  10  0.55  0.05  Cut1
0.334951  0.0409216  650  10  0.65  0.05  Cut1
0.00105498  0.0463484  650  10  0.75  0.05  Cut1
0.0201973  0.0502293  650  10  0.85  0.05  Cut1
0.057824  0.0664287  650  10  0.95  0.05  Cut1
0.58987  0.14705  670  10  -0.95  0.05  Cut1
1.09239  0.102621  670  10  -0.85  0.05  Cut1
1.40285  0.0829927  670  10  -0.75  0.05  Cut1
1.60132  0.0686611  670  10  -0.65  0.05  Cut1
1.66764  0.061887  670  10  -0.55  0.05  Cut1
1.85386  0.0592014  670  10  -0.45  0.05  Cut1
1.78705  0.0578026  670  10  -0.35  0.05  Cut1
1.98394  0.0583297  670  10  -0.25  0.05  Cut1
1.97673  0.0596031  670  10  -0.15  0.05  Cut1
2.0877  0.0624689  670  10  -0.05  0.05  Cut1
2.13241  0.0664445  670  10  0.05  0.05  Cut1
2.22262  0.0720245  670  10  0.15  0.05  Cut1
2.09365  0.080092  670  10  0.25  0.05  Cut1
2.18062  0.0913163  670  10  0.35  0.05  Cut1
2.03007  0.107013  670  10  0.45  0.05  Cut1
1.62001  0.128232  670  10  0.55  0.05  Cut1
1.21995  0.156276  670  10  0.65  0.05  Cut1
0.19349  0.176316  670  10  0.75  0.05  Cut1
0.155648  0.193145  670  10  0.85  0.05  Cut1
0.192325  0.255779  670  10  0.95  0.05  Cut1
0.551099  0.136131  690  10  -0.95  0.05  Cut1
1.05635  0.0959609  690  10  -0.85  0.05  Cut1
1.21299  0.0772549  690  10  -0.75  0.05  Cut1
1.63727  0.0634527  690  10  -0.65  0.05  Cut1
1.68364  0.0573558  690  10  -0.55  0.05  Cut1
1.64611  0.0548561  690  10  -0.45  0.05  Cut1
1.901  0.0539102  690  10  -0.35  0.05  Cut1
1.94485  0.0542061  690  10  -0.25  0.05  Cut1
1.85713  0.0554159  690  10  -0.15  0.05  Cut1
1.98021  0.0580228  690  10  -0.05  0.05  Cut1
2.10355  0.0618801  690  10  0.05  0.05  Cut1
2.14126  0.0670355  690  10  0.15  0.05  Cut1
2.09415  0.0751582  690  10  0.25  0.05  Cut1
2.11765  0.0859784  690  10  0.35  0.05  Cut1
1.84567  0.101094  690  10  0.45  0.05  Cut1
1.65705  0.121087  690  10  0.55  0.05  Cut1
1.34045  0.147074  690  10  0.65  0.05  Cut1
0.392337  0.166015  690  10  0.75  0.05  Cut1
-0.173874  0.182058  690  10  0.85  0.05  Cut1
-0.060294  0.249039  690  10  0.95  0.05  Cut1
0.451904  0.154303  710  10  -0.95  0.05  Cut1
0.752459  0.109863  710  10  -0.85  0.05  Cut1
0.993172  0.0887666  710  10  -0.75  0.05  Cut1
1.29833  0.072991  710  10  -0.65  0.05  Cut1
1.34829  0.0657151  710  10  -0.55  0.05  Cut1
1.56293  0.0629366  710  10  -0.45  0.05  Cut1
1.5708  0.0613538  710  10  -0.35  0.05  Cut1
1.66968  0.0621841  710  10  -0.25  0.05  Cut1
1.67011  0.0636265  710  10  -0.15  0.05  Cut1
1.83872  0.0664621  710  10  -0.05  0.05  Cut1
1.75699  0.0712743  710  10  0.05  0.05  Cut1
1.8897  0.0772894  710  10  0.15  0.05  Cut1
1.76193  0.086359  710  10  0.25  0.05  Cut1
1.72013  0.0996618  710  10  0.35  0.05  Cut1
1.43412  0.117131  710  10  0.45  0.05  Cut1
1.36159  0.14102  710  10  0.55  0.05  Cut1
0.936698  0.17013  710  10  0.65  0.05  Cut1
0.424605  0.192541  710  10  0.75  0.05  Cut1
0.123899  0.214882  710  10  0.85  0.05  Cut1
0.366693  0.300597  710  10  0.95  0.05  Cut1
