-0.084555  1.2491  250  10  -0.95  0.05  SignalTiming
-0.890768  0.868076  250  10  -0.85  0.05  SignalTiming
-1.02195  0.707614  250  10  -0.75  0.05  SignalTiming
0.866771  0.63487  250  10  -0.65  0.05  SignalTiming
0.741244  0.607045  250  10  -0.55  0.05  SignalTiming
1.03487  0.590111  250  10  -0.45  0.05  SignalTiming
1.04205  0.606055  250  10  -0.35  0.05  SignalTiming
-0.729913  0.635458  250  10  -0.25  0.05  SignalTiming
1.03206  0.675461  250  10  -0.15  0.05  SignalTiming
0.847622  0.771389  250  10  -0.05  0.05  SignalTiming
0.0291702  0.838824  250  10  0.05  0.05  SignalTiming
-0.289118  0.918893  250  10  0.15  0.05  SignalTiming
1.57659  1.13362  250  10  0.25  0.05  SignalTiming
-0.66485  1.46861  250  10  0.35  0.05  SignalTiming
2.25794  1.88796  250  10  0.45  0.05  SignalTiming
2.47033  2.75096  250  10  0.55  0.05  SignalTiming
2.70896  3.28633  250  10  0.65  0.05  SignalTiming
-1.10858  3.99126  250  10  0.75  0.05  SignalTiming
-1.08978  3.85894  250  10  0.85  0.05  SignalTiming
5.43725  3.22039  250  10  0.95  0.05  SignalTiming
0.164027  0.460554  270  10  -0.95  0.05  SignalTiming
0.768892  0.32353  270  10  -0.85  0.05  SignalTiming
-0.0492942  0.269068  270  10  -0.75  0.05  SignalTiming
-0.17764  0.233608  270  10  -0.65  0.05  SignalTiming
0.370072  0.220178  270  10  -0.55  0.05  SignalTiming
0.336592  0.218537  270  10  -0.45  0.05  SignalTiming
0.79388  0.218574  270  10  -0.35  0.05  SignalTiming
0.266808  0.225642  270  10  -0.25  0.05  SignalTiming
0.0778952  0.239754  270  10  -0.15  0.05  SignalTiming
-0.0480581  0.261279  270  10  -0.05  0.05  SignalTiming
0.590205  0.282325  270  10  0.05  0.05  SignalTiming
0.606272  0.319432  270  10  0.15  0.05  SignalTiming
0.169526  0.377713  270  10  0.25  0.05  SignalTiming
-0.0774718  0.454263  270  10  0.35  0.05  SignalTiming
-0.181369  0.602179  270  10  0.45  0.05  SignalTiming
0.277146  0.84147  270  10  0.55  0.05  SignalTiming
-0.554113  1.21614  270  10  0.65  0.05  SignalTiming
-0.738783  1.53222  270  10  0.75  0.05  SignalTiming
1.75083  1.7402  270  10  0.85  0.05  SignalTiming
-0.90126  1.61936  270  10  0.95  0.05  SignalTiming
-0.119659  0.444022  290  10  -0.95  0.05  SignalTiming
0.112632  0.312008  290  10  -0.85  0.05  SignalTiming
0.39431  0.260497  290  10  -0.75  0.05  SignalTiming
0.478679  0.22901  290  10  -0.65  0.05  SignalTiming
0.485897  0.215048  290  10  -0.55  0.05  SignalTiming
0.502121  0.210157  290  10  -0.45  0.05  SignalTiming
0.514305  0.208136  290  10  -0.35  0.05  SignalTiming
0.10767  0.216577  290  10  -0.25  0.05  SignalTiming
0.211699  0.22505  290  10  -0.15  0.05  SignalTiming
0.10734  0.239057  290  10  -0.05  0.05  SignalTiming
0.361472  0.257831  290  10  0.05  0.05  SignalTiming
0.57252  0.289138  290  10  0.15  0.05  SignalTiming
1.06391  0.32507  290  10  0.25  0.05  SignalTiming
1.07399  0.388421  290  10  0.35  0.05  SignalTiming
0.779759  0.501506  290  10  0.45  0.05  SignalTiming
-0.56218  0.679804  290  10  0.55  0.05  SignalTiming
1.26349  1.03196  290  10  0.65  0.05  SignalTiming
0.421208  1.82595  290  10  0.75  0.05  SignalTiming
-1.77384  1.89249  290  10  0.85  0.05  SignalTiming
-1.44818  2.20036  290  10  0.95  0.05  SignalTiming
0.202566  0.16952  310  10  -0.95  0.05  SignalTiming
0.540106  0.119906  310  10  -0.85  0.05  SignalTiming
0.39791  0.0992839  310  10  -0.75  0.05  SignalTiming
0.452525  0.0874227  310  10  -0.65  0.05  SignalTiming
0.455016  0.0808867  310  10  -0.55  0.05  SignalTiming
0.40944  0.0796656  310  10  -0.45  0.05  SignalTiming
0.418342  0.0791058  310  10  -0.35  0.05  SignalTiming
0.627958  0.0810791  310  10  -0.25  0.05  SignalTiming
0.235109  0.0834158  310  10  -0.15  0.05  SignalTiming
0.533369  0.0867953  310  10  -0.05  0.05  SignalTiming
0.482025  0.0926537  310  10  0.05  0.05  SignalTiming
0.646361  0.101028  310  10  0.15  0.05  SignalTiming
0.391297  0.113812  310  10  0.25  0.05  SignalTiming
0.281019  0.132694  310  10  0.35  0.05  SignalTiming
0.465621  0.165149  310  10  0.45  0.05  SignalTiming
0.340416  0.219475  310  10  0.55  0.05  SignalTiming
0.398921  0.335447  310  10  0.65  0.05  SignalTiming
-0.54903  0.55759  310  10  0.75  0.05  SignalTiming
0.308933  0.765161  310  10  0.85  0.05  SignalTiming
-0.829809  0.817461  310  10  0.95  0.05  SignalTiming
0.140186  0.163428  330  10  -0.95  0.05  SignalTiming
0.318632  0.114854  330  10  -0.85  0.05  SignalTiming
0.403276  0.0964909  330  10  -0.75  0.05  SignalTiming
0.309178  0.0850004  330  10  -0.65  0.05  SignalTiming
0.560381  0.0788666  330  10  -0.55  0.05  SignalTiming
0.482616  0.0768418  330  10  -0.45  0.05  SignalTiming
0.56127  0.0767035  330  10  -0.35  0.05  SignalTiming
0.510964  0.0772211  330  10  -0.25  0.05  SignalTiming
0.536682  0.0785417  330  10  -0.15  0.05  SignalTiming
0.519015  0.0816605  330  10  -0.05  0.05  SignalTiming
0.333993  0.0859509  330  10  0.05  0.05  SignalTiming
0.318433  0.0912323  330  10  0.15  0.05  SignalTiming
0.552102  0.0994662  330  10  0.25  0.05  SignalTiming
0.362709  0.113563  330  10  0.35  0.05  SignalTiming
0.307304  0.139157  330  10  0.45  0.05  SignalTiming
0.706371  0.182009  330  10  0.55  0.05  SignalTiming
0.125792  0.262157  330  10  0.65  0.05  SignalTiming
1.00131  0.451636  330  10  0.75  0.05  SignalTiming
1.16764  0.732752  330  10  0.85  0.05  SignalTiming
1.64321  0.88169  330  10  0.95  0.05  SignalTiming
0.228359  0.12238  350  10  -0.95  0.05  SignalTiming
0.289396  0.0858131  350  10  -0.85  0.05  SignalTiming
0.492468  0.0734947  350  10  -0.75  0.05  SignalTiming
0.359917  0.0654392  350  10  -0.65  0.05  SignalTiming
0.536791  0.0605574  350  10  -0.55  0.05  SignalTiming
0.528723  0.0590723  350  10  -0.45  0.05  SignalTiming
0.601304  0.0584872  350  10  -0.35  0.05  SignalTiming
0.622426  0.0586316  350  10  -0.25  0.05  SignalTiming
0.471302  0.0595567  350  10  -0.15  0.05  SignalTiming
0.481098  0.0611317  350  10  -0.05  0.05  SignalTiming
0.629448  0.0627881  350  10  0.05  0.05  SignalTiming
0.509082  0.0667793  350  10  0.15  0.05  SignalTiming
0.464938  0.0722068  350  10  0.25  0.05  SignalTiming
0.364263  0.0798776  350  10  0.35  0.05  SignalTiming
0.364133  0.0937856  350  10  0.45  0.05  SignalTiming
0.330641  0.119914  350  10  0.55  0.05  SignalTiming
0.529862  0.170131  350  10  0.65  0.05  SignalTiming
0.213945  0.285495  350  10  0.75  0.05  SignalTiming
1.02303  0.517905  350  10  0.85  0.05  SignalTiming
1.09151  0.742663  350  10  0.95  0.05  SignalTiming
0.279656  0.0924428  370  10  -0.95  0.05  SignalTiming
0.286383  0.0644189  370  10  -0.85  0.05  SignalTiming
0.477099  0.0548611  370  10  -0.75  0.05  SignalTiming
0.402301  0.0489212  370  10  -0.65  0.05  SignalTiming
0.510657  0.046098  370  10  -0.55  0.05  SignalTiming
0.53922  0.0446136  370  10  -0.45  0.05  SignalTiming
0.549652  0.0442819  370  10  -0.35  0.05  SignalTiming
0.653262  0.044042  370  10  -0.25  0.05  SignalTiming
0.61594  0.0445639  370  10  -0.15  0.05  SignalTiming
0.488395  0.0455854  370  10  -0.05  0.05  SignalTiming
0.533481  0.0465193  370  10  0.05  0.05  SignalTiming
0.488765  0.0485981  370  10  0.15  0.05  SignalTiming
0.443002  0.0519497  370  10  0.25  0.05  SignalTiming
0.376217  0.0569415  370  10  0.35  0.05  SignalTiming
0.450439  0.0654294  370  10  0.45  0.05  SignalTiming
0.390482  0.0819804  370  10  0.55  0.05  SignalTiming
0.449117  0.112641  370  10  0.65  0.05  SignalTiming
-0.0307922  0.191152  370  10  0.75  0.05  SignalTiming
0.873144  0.370127  370  10  0.85  0.05  SignalTiming
-0.45236  0.616419  370  10  0.95  0.05  SignalTiming
0.379385  0.120703  390  10  -0.95  0.05  SignalTiming
0.222694  0.0788247  390  10  -0.85  0.05  SignalTiming
0.436122  0.0701583  390  10  -0.75  0.05  SignalTiming
0.474993  0.0625663  390  10  -0.65  0.05  SignalTiming
0.486789  0.0589189  390  10  -0.55  0.05  SignalTiming
0.570482  0.0574406  390  10  -0.45  0.05  SignalTiming
0.618909  0.0570075  390  10  -0.35  0.05  SignalTiming
0.594441  0.0568887  390  10  -0.25  0.05  SignalTiming
0.59021  0.0563399  390  10  -0.15  0.05  SignalTiming
0.621664  0.0577672  390  10  -0.05  0.05  SignalTiming
0.531457  0.0583489  390  10  0.05  0.05  SignalTiming
0.577123  0.0610643  390  10  0.15  0.05  SignalTiming
0.578931  0.0634122  390  10  0.25  0.05  SignalTiming
0.570205  0.0689091  390  10  0.35  0.05  SignalTiming
0.438922  0.0772628  390  10  0.45  0.05  SignalTiming
0.444341  0.0949438  390  10  0.55  0.05  SignalTiming
-0.0956654  0.12816  390  10  0.65  0.05  SignalTiming
-0.179832  0.207282  390  10  0.75  0.05  SignalTiming
0.376767  0.412745  390  10  0.85  0.05  SignalTiming
-0.203967  0.813846  390  10  0.95  0.05  SignalTiming
0.320035  0.0775819  410  10  -0.95  0.05  SignalTiming
0.366696  0.0514644  410  10  -0.85  0.05  SignalTiming
0.464963  0.0454603  410  10  -0.75  0.05  SignalTiming
0.512054  0.0412927  410  10  -0.65  0.05  SignalTiming
0.601762  0.0392797  410  10  -0.55  0.05  SignalTiming
0.53901  0.0383831  410  10  -0.45  0.05  SignalTiming
0.6901  0.0378302  410  10  -0.35  0.05  SignalTiming
0.536298  0.0373616  410  10  -0.25  0.05  SignalTiming
0.59278  0.0372346  410  10  -0.15  0.05  SignalTiming
0.53517  0.0374041  410  10  -0.05  0.05  SignalTiming
0.693484  0.0378944  410  10  0.05  0.05  SignalTiming
0.553452  0.0387997  410  10  0.15  0.05  SignalTiming
0.543534  0.0401357  410  10  0.25  0.05  SignalTiming
0.520326  0.0425551  410  10  0.35  0.05  SignalTiming
0.464517  0.047508  410  10  0.45  0.05  SignalTiming
0.386467  0.0563949  410  10  0.55  0.05  SignalTiming
0.234229  0.074374  410  10  0.65  0.05  SignalTiming
0.223225  0.117345  410  10  0.75  0.05  SignalTiming
-0.0218439  0.248886  410  10  0.85  0.05  SignalTiming
-0.537598  0.562727  410  10  0.95  0.05  SignalTiming
0.232814  0.0710003  430  10  -0.95  0.05  SignalTiming
0.457534  0.0469083  430  10  -0.85  0.05  SignalTiming
0.464419  0.0421489  430  10  -0.75  0.05  SignalTiming
0.516411  0.0387538  430  10  -0.65  0.05  SignalTiming
0.54545  0.0369066  430  10  -0.55  0.05  SignalTiming
0.545337  0.0359961  430  10  -0.45  0.05  SignalTiming
0.528244  0.0353892  430  10  -0.35  0.05  SignalTiming
0.565196  0.0352685  430  10  -0.25  0.05  SignalTiming
0.568436  0.0350783  430  10  -0.15  0.05  SignalTiming
0.554165  0.0352144  430  10  -0.05  0.05  SignalTiming
0.554924  0.0357054  430  10  0.05  0.05  SignalTiming
0.540782  0.0358974  430  10  0.15  0.05  SignalTiming
0.557803  0.0365374  430  10  0.25  0.05  SignalTiming
0.50287  0.0378239  430  10  0.35  0.05  SignalTiming
0.444032  0.0414924  430  10  0.45  0.05  SignalTiming
0.376412  0.0488293  430  10  0.55  0.05  SignalTiming
0.291533  0.0625115  430  10  0.65  0.05  SignalTiming
0.23111  0.098859  430  10  0.75  0.05  SignalTiming
0.176435  0.219094  430  10  0.85  0.05  SignalTiming
0.31178  0.474021  430  10  0.95  0.05  SignalTiming
0.352877  0.0653025  450  10  -0.95  0.05  SignalTiming
0.350999  0.0425351  450  10  -0.85  0.05  SignalTiming
0.436974  0.0388089  450  10  -0.75  0.05  SignalTiming
0.556288  0.0365115  450  10  -0.65  0.05  SignalTiming
0.49953  0.0350236  450  10  -0.55  0.05  SignalTiming
0.633091  0.0342205  450  10  -0.45  0.05  SignalTiming
0.580958  0.033685  450  10  -0.35  0.05  SignalTiming
0.607887  0.0336741  450  10  -0.25  0.05  SignalTiming
0.601868  0.0336237  450  10  -0.15  0.05  SignalTiming
0.590334  0.0333313  450  10  -0.05  0.05  SignalTiming
0.534246  0.0332656  450  10  0.05  0.05  SignalTiming
0.518219  0.0333646  450  10  0.15  0.05  SignalTiming
0.505421  0.0338792  450  10  0.25  0.05  SignalTiming
0.484319  0.0349896  450  10  0.35  0.05  SignalTiming
0.431335  0.0366334  450  10  0.45  0.05  SignalTiming
0.408806  0.042367  450  10  0.55  0.05  SignalTiming
0.339691  0.0541145  450  10  0.65  0.05  SignalTiming
0.215916  0.0837176  450  10  0.75  0.05  SignalTiming
0.262344  0.186576  450  10  0.85  0.05  SignalTiming
0.576568  0.604242  450  10  0.95  0.05  SignalTiming
0.272469  0.0623201  470  10  -0.95  0.05  SignalTiming
0.424953  0.0415955  470  10  -0.85  0.05  SignalTiming
0.554844  0.0375644  470  10  -0.75  0.05  SignalTiming
0.534733  0.0353582  470  10  -0.65  0.05  SignalTiming
0.584497  0.0338034  470  10  -0.55  0.05  SignalTiming
0.612272  0.0334703  470  10  -0.45  0.05  SignalTiming
0.620436  0.0334375  470  10  -0.35  0.05  SignalTiming
0.557868  0.0331462  470  10  -0.25  0.05  SignalTiming
0.544626  0.0325579  470  10  -0.15  0.05  SignalTiming
0.565899  0.0325464  470  10  -0.05  0.05  SignalTiming
0.557638  0.0316471  470  10  0.05  0.05  SignalTiming
0.485224  0.0317944  470  10  0.15  0.05  SignalTiming
0.531211  0.0315198  470  10  0.25  0.05  SignalTiming
0.452204  0.0321812  470  10  0.35  0.05  SignalTiming
0.440175  0.0338051  470  10  0.45  0.05  SignalTiming
0.40746  0.0383806  470  10  0.55  0.05  SignalTiming
0.328698  0.0464454  470  10  0.65  0.05  SignalTiming
0.277296  0.073259  470  10  0.75  0.05  SignalTiming
0.0903771  0.161311  470  10  0.85  0.05  SignalTiming
-0.30834  0.437481  470  10  0.95  0.05  SignalTiming
0.356867  0.070315  490  10  -0.95  0.05  SignalTiming
0.283097  0.0455395  490  10  -0.85  0.05  SignalTiming
0.488922  0.0415355  490  10  -0.75  0.05  SignalTiming
0.573277  0.0408264  490  10  -0.65  0.05  SignalTiming
0.538109  0.039898  490  10  -0.55  0.05  SignalTiming
0.569379  0.0388248  490  10  -0.45  0.05  SignalTiming
0.559417  0.0378319  490  10  -0.35  0.05  SignalTiming
0.631772  0.0384036  490  10  -0.25  0.05  SignalTiming
0.566025  0.0375208  490  10  -0.15  0.05  SignalTiming
0.53135  0.0375526  490  10  -0.05  0.05  SignalTiming
0.501178  0.0365986  490  10  0.05  0.05  SignalTiming
0.569397  0.035719  490  10  0.15  0.05  SignalTiming
0.516497  0.0357467  490  10  0.25  0.05  SignalTiming
0.46305  0.0356173  490  10  0.35  0.05  SignalTiming
0.474604  0.0364766  490  10  0.45  0.05  SignalTiming
0.45113  0.0406543  490  10  0.55  0.05  SignalTiming
0.284506  0.0506255  490  10  0.65  0.05  SignalTiming
0.35433  0.075535  490  10  0.75  0.05  SignalTiming
-0.30223  0.170994  490  10  0.85  0.05  SignalTiming
-0.354693  0.431986  490  10  0.95  0.05  SignalTiming
0.362465  0.0631264  510  10  -0.95  0.05  SignalTiming
0.449022  0.0393432  510  10  -0.85  0.05  SignalTiming
0.448849  0.0370316  510  10  -0.75  0.05  SignalTiming
0.575551  0.0362651  510  10  -0.65  0.05  SignalTiming
0.591247  0.035726  510  10  -0.55  0.05  SignalTiming
0.538337  0.0343483  510  10  -0.45  0.05  SignalTiming
0.473316  0.0343201  510  10  -0.35  0.05  SignalTiming
0.58783  0.0344433  510  10  -0.25  0.05  SignalTiming
0.519411  0.0338334  510  10  -0.15  0.05  SignalTiming
0.528197  0.0334074  510  10  -0.05  0.05  SignalTiming
0.520689  0.0328435  510  10  0.05  0.05  SignalTiming
0.553553  0.0321489  510  10  0.15  0.05  SignalTiming
0.454749  0.031496  510  10  0.25  0.05  SignalTiming
0.508099  0.0310377  510  10  0.35  0.05  SignalTiming
0.441663  0.0315664  510  10  0.45  0.05  SignalTiming
0.374355  0.0345691  510  10  0.55  0.05  SignalTiming
0.371675  0.0423823  510  10  0.65  0.05  SignalTiming
0.216809  0.0630048  510  10  0.75  0.05  SignalTiming
0.350701  0.152968  510  10  0.85  0.05  SignalTiming
-0.39241  0.439217  510  10  0.95  0.05  SignalTiming
0.226263  0.0668539  530  10  -0.95  0.05  SignalTiming
0.41825  0.0438781  530  10  -0.85  0.05  SignalTiming
0.53326  0.040902  530  10  -0.75  0.05  SignalTiming
0.546327  0.0409587  530  10  -0.65  0.05  SignalTiming
0.579717  0.0407933  530  10  -0.55  0.05  SignalTiming
0.548807  0.0397983  530  10  -0.45  0.05  SignalTiming
0.585654  0.0408416  530  10  -0.35  0.05  SignalTiming
0.547264  0.0397297  530  10  -0.25  0.05  SignalTiming
0.586105  0.0381777  530  10  -0.15  0.05  SignalTiming
0.445709  0.0380282  530  10  -0.05  0.05  SignalTiming
0.56551  0.0374745  530  10  0.05  0.05  SignalTiming
0.530844  0.0360184  530  10  0.15  0.05  SignalTiming
0.433061  0.0351146  530  10  0.25  0.05  SignalTiming
0.491768  0.0347952  530  10  0.35  0.05  SignalTiming
0.385501  0.0349809  530  10  0.45  0.05  SignalTiming
0.397279  0.0379937  530  10  0.55  0.05  SignalTiming
0.331451  0.0464104  530  10  0.65  0.05  SignalTiming
0.30758  0.0696584  530  10  0.75  0.05  SignalTiming
0.168592  0.152375  530  10  0.85  0.05  SignalTiming
0.0192221  0.365295  530  10  0.95  0.05  SignalTiming
0.311983  0.0741392  550  10  -0.95  0.05  SignalTiming
0.391466  0.049924  550  10  -0.85  0.05  SignalTiming
0.436283  0.0491658  550  10  -0.75  0.05  SignalTiming
0.646293  0.0473744  550  10  -0.65  0.05  SignalTiming
0.499658  0.0467352  550  10  -0.55  0.05  SignalTiming
0.632834  0.0480173  550  10  -0.45  0.05  SignalTiming
0.542902  0.0468908  550  10  -0.35  0.05  SignalTiming
0.591804  0.045744  550  10  -0.25  0.05  SignalTiming
0.565129  0.0465561  550  10  -0.15  0.05  SignalTiming
0.474232  0.0452175  550  10  -0.05  0.05  SignalTiming
0.486471  0.0438839  550  10  0.05  0.05  SignalTiming
0.616625  0.0424704  550  10  0.15  0.05  SignalTiming
0.535408  0.0407732  550  10  0.25  0.05  SignalTiming
0.491661  0.0405426  550  10  0.35  0.05  SignalTiming
0.40236  0.0402909  550  10  0.45  0.05  SignalTiming
0.373835  0.0438726  550  10  0.55  0.05  SignalTiming
0.393792  0.0513017  550  10  0.65  0.05  SignalTiming
0.32412  0.0721915  550  10  0.75  0.05  SignalTiming
0.161216  0.182646  550  10  0.85  0.05  SignalTiming
0.517027  0.505349  550  10  0.95  0.05  SignalTiming
0.247003  0.0616935  570  10  -0.95  0.05  SignalTiming
0.42488  0.0404742  570  10  -0.85  0.05  SignalTiming
0.484246  0.0391515  570  10  -0.75  0.05  SignalTiming
0.493091  0.0381409  570  10  -0.65  0.05  SignalTiming
0.576682  0.0373817  570  10  -0.55  0.05  SignalTiming
0.602888  0.0385314  570  10  -0.45  0.05  SignalTiming
0.555073  0.0380271  570  10  -0.35  0.05  SignalTiming
0.551286  0.0376082  570  10  -0.25  0.05  SignalTiming
0.573021  0.0383169  570  10  -0.15  0.05  SignalTiming
0.582863  0.0382118  570  10  -0.05  0.05  SignalTiming
0.525295  0.0366964  570  10  0.05  0.05  SignalTiming
0.51897  0.0354909  570  10  0.15  0.05  SignalTiming
0.475129  0.0346198  570  10  0.25  0.05  SignalTiming
0.403086  0.0332678  570  10  0.35  0.05  SignalTiming
0.432106  0.0323139  570  10  0.45  0.05  SignalTiming
0.433257  0.0344392  570  10  0.55  0.05  SignalTiming
0.270749  0.0414627  570  10  0.65  0.05  SignalTiming
0.283981  0.0607446  570  10  0.75  0.05  SignalTiming
0.225661  0.139103  570  10  0.85  0.05  SignalTiming
0.217362  0.94373  570  10  0.95  0.05  SignalTiming
0.242837  0.0487836  590  10  -0.95  0.05  SignalTiming
0.419034  0.034817  590  10  -0.85  0.05  SignalTiming
0.569191  0.0352603  590  10  -0.75  0.05  SignalTiming
0.546846  0.0350951  590  10  -0.65  0.05  SignalTiming
0.5716  0.0346539  590  10  -0.55  0.05  SignalTiming
0.624192  0.0353182  590  10  -0.45  0.05  SignalTiming
0.677153  0.0347227  590  10  -0.35  0.05  SignalTiming
0.598993  0.0338333  590  10  -0.25  0.05  SignalTiming
0.636183  0.0337559  590  10  -0.15  0.05  SignalTiming
0.523642  0.0336499  590  10  -0.05  0.05  SignalTiming
0.493893  0.0323655  590  10  0.05  0.05  SignalTiming
0.508117  0.0320433  590  10  0.15  0.05  SignalTiming
0.504311  0.0311283  590  10  0.25  0.05  SignalTiming
0.515189  0.0299272  590  10  0.35  0.05  SignalTiming
0.405584  0.029161  590  10  0.45  0.05  SignalTiming
0.419702  0.0303886  590  10  0.55  0.05  SignalTiming
0.384308  0.0369204  590  10  0.65  0.05  SignalTiming
0.221811  0.0514173  590  10  0.75  0.05  SignalTiming
0.3055  0.126795  590  10  0.85  0.05  SignalTiming
0.458705  0.374898  590  10  0.95  0.05  SignalTiming
0.305847  0.0511808  610  10  -0.95  0.05  SignalTiming
0.456122  0.0377558  610  10  -0.85  0.05  SignalTiming
0.542891  0.039596  610  10  -0.75  0.05  SignalTiming
0.569924  0.0387965  610  10  -0.65  0.05  SignalTiming
0.561481  0.0377921  610  10  -0.55  0.05  SignalTiming
0.65451  0.0379566  610  10  -0.45  0.05  SignalTiming
0.587654  0.0386392  610  10  -0.35  0.05  SignalTiming
0.64091  0.0387366  610  10  -0.25  0.05  SignalTiming
0.693758  0.0392649  610  10  -0.15  0.05  SignalTiming
0.520842  0.0371728  610  10  -0.05  0.05  SignalTiming
0.592335  0.0364825  610  10  0.05  0.05  SignalTiming
0.502955  0.0350675  610  10  0.15  0.05  SignalTiming
0.508916  0.0338422  610  10  0.25  0.05  SignalTiming
0.470373  0.0337864  610  10  0.35  0.05  SignalTiming
0.502437  0.0336893  610  10  0.45  0.05  SignalTiming
0.397817  0.0339444  610  10  0.55  0.05  SignalTiming
0.330828  0.0391192  610  10  0.65  0.05  SignalTiming
0.188964  0.0574496  610  10  0.75  0.05  SignalTiming
0.236101  0.135472  610  10  0.85  0.05  SignalTiming
-0.0937419  0.319795  610  10  0.95  0.05  SignalTiming
0.242021  0.0941767  630  10  -0.95  0.05  SignalTiming
0.408807  0.0762532  630  10  -0.85  0.05  SignalTiming
0.475772  0.0777511  630  10  -0.75  0.05  SignalTiming
0.571052  0.0813795  630  10  -0.65  0.05  SignalTiming
0.649399  0.0784118  630  10  -0.55  0.05  SignalTiming
0.623001  0.0820121  630  10  -0.45  0.05  SignalTiming
0.616015  0.0755507  630  10  -0.35  0.05  SignalTiming
0.639301  0.0805013  630  10  -0.25  0.05  SignalTiming
0.618811  0.0802296  630  10  -0.15  0.05  SignalTiming
0.54378  0.0744961  630  10  -0.05  0.05  SignalTiming
0.633185  0.0747054  630  10  0.05  0.05  SignalTiming
0.528521  0.0749658  630  10  0.15  0.05  SignalTiming
0.641963  0.0733253  630  10  0.25  0.05  SignalTiming
0.592334  0.0639902  630  10  0.35  0.05  SignalTiming
0.411874  0.0670119  630  10  0.45  0.05  SignalTiming
0.420572  0.0722788  630  10  0.55  0.05  SignalTiming
0.490576  0.0788556  630  10  0.65  0.05  SignalTiming
0.0510131  0.119148  630  10  0.75  0.05  SignalTiming
-0.305665  0.296767  630  10  0.85  0.05  SignalTiming
0.365438  0.416828  630  10  0.95  0.05  SignalTiming
0.261067  0.244622  650  10  -0.95  0.05  SignalTiming
0.0538567  0.218346  650  10  -0.85  0.05  SignalTiming
0.913293  0.232963  650  10  -0.75  0.05  SignalTiming
0.498541  0.221438  650  10  -0.65  0.05  SignalTiming
0.937504  0.242802  650  10  -0.55  0.05  SignalTiming
0.0549154  0.239209  650  10  -0.45  0.05  SignalTiming
1.04025  0.228387  650  10  -0.35  0.05  SignalTiming
0.493852  0.22619  650  10  -0.25  0.05  SignalTiming
0.939281  0.251535  650  10  -0.15  0.05  SignalTiming
0.15478  0.230032  650  10  -0.05  0.05  SignalTiming
0.770416  0.216889  650  10  0.05  0.05  SignalTiming
1.04326  0.220708  650  10  0.15  0.05  SignalTiming
0.601869  0.202825  650  10  0.25  0.05  SignalTiming
0.603675  0.206941  650  10  0.35  0.05  SignalTiming
0.226788  0.19968  650  10  0.45  0.05  SignalTiming
0.687589  0.204278  650  10  0.55  0.05  SignalTiming
0.142268  0.223234  650  10  0.65  0.05  SignalTiming
0.0855667  0.316225  650  10  0.75  0.05  SignalTiming
0.133378  0.736842  650  10  0.85  0.05  SignalTiming
5.2625  -7.11264  650  10  0.95  0.05  SignalTiming
2.80986  0.936629  670  10  -0.95  0.05  SignalTiming
0.348122  0.751432  670  10  -0.85  0.05  SignalTiming
1.3604  0.880548  670  10  -0.75  0.05  SignalTiming
0.623907  0.964127  670  10  -0.65  0.05  SignalTiming
2.09918  0.879085  670  10  -0.55  0.05  SignalTiming
0.245166  0.870248  670  10  -0.45  0.05  SignalTiming
1.48681  0.908088  670  10  -0.35  0.05  SignalTiming
0.763107  0.910367  670  10  -0.25  0.05  SignalTiming
0.0432594  0.932937  670  10  -0.15  0.05  SignalTiming
1.78489  0.932408  670  10  -0.05  0.05  SignalTiming
1.18544  0.948914  670  10  0.05  0.05  SignalTiming
-0.41233  0.849251  670  10  0.15  0.05  SignalTiming
1.52483  0.865968  670  10  0.25  0.05  SignalTiming
2.1639  0.796663  670  10  0.35  0.05  SignalTiming
1.38674  0.816244  670  10  0.45  0.05  SignalTiming
-0.0735232  0.818896  670  10  0.55  0.05  SignalTiming
2.22774  0.809874  670  10  0.65  0.05  SignalTiming
0.717484  1.10857  670  10  0.75  0.05  SignalTiming
1.75957  2.6622  670  10  0.85  0.05  SignalTiming
5.64782  7.92287  670  10  0.95  0.05  SignalTiming
0.112198  0.838461  690  10  -0.95  0.05  SignalTiming
0.439859  0.785939  690  10  -0.85  0.05  SignalTiming
-0.55149  0.916603  690  10  -0.75  0.05  SignalTiming
1.60784  0.925156  690  10  -0.65  0.05  SignalTiming
-0.456407  0.941503  690  10  -0.55  0.05  SignalTiming
1.76724  0.944336  690  10  -0.45  0.05  SignalTiming
2.98519  0.927022  690  10  -0.35  0.05  SignalTiming
1.72208  0.966647  690  10  -0.25  0.05  SignalTiming
0.584746  0.909935  690  10  -0.15  0.05  SignalTiming
0.228043  0.966832  690  10  -0.05  0.05  SignalTiming
0.701953  0.971892  690  10  0.05  0.05  SignalTiming
0.952508  0.907466  690  10  0.15  0.05  SignalTiming
1.16477  0.856686  690  10  0.25  0.05  SignalTiming
1.86127  0.801602  690  10  0.35  0.05  SignalTiming
2.45652  0.830839  690  10  0.45  0.05  SignalTiming
0.797147  0.754698  690  10  0.55  0.05  SignalTiming
0.631361  0.874718  690  10  0.65  0.05  SignalTiming
-0.674831  1.22352  690  10  0.75  0.05  SignalTiming
1.15981  3.22889  690  10  0.85  0.05  SignalTiming
-3.17873  8.04602  690  10  0.95  0.05  SignalTiming
-0.150282  0.938734  710  10  -0.95  0.05  SignalTiming
-0.616322  0.965913  710  10  -0.85  0.05  SignalTiming
0.558155  1.14901  710  10  -0.75  0.05  SignalTiming
0.968536  1.0708  710  10  -0.65  0.05  SignalTiming
0.317608  1.15074  710  10  -0.55  0.05  SignalTiming
1.31731  1.27445  710  10  -0.45  0.05  SignalTiming
0.924114  1.23073  710  10  -0.35  0.05  SignalTiming
2.44535  1.06023  710  10  -0.25  0.05  SignalTiming
1.73746  1.156  710  10  -0.15  0.05  SignalTiming
1.57125  1.21478  710  10  -0.05  0.05  SignalTiming
-1.73006  1.24441  710  10  0.05  0.05  SignalTiming
0.386324  1.12089  710  10  0.15  0.05  SignalTiming
0.862041  1.19536  710  10  0.25  0.05  SignalTiming
2.22425  1.06887  710  10  0.35  0.05  SignalTiming
-0.925186  0.951343  710  10  0.45  0.05  SignalTiming
1.22305  0.969496  710  10  0.55  0.05  SignalTiming
0.554402  1.04145  710  10  0.65  0.05  SignalTiming
-0.595692  1.47587  710  10  0.75  0.05  SignalTiming
1.78857  3.95196  710  10  0.85  0.05  SignalTiming
-1.39335  8.66362  710  10  0.95  0.05  SignalTiming
