7.31788  11.4384  250  10  -0.95  0.05  Sig
1.50688  3.24862  250  10  -0.85  0.05  Sig
-1.35568  1.37302  250  10  -0.75  0.05  Sig
0.908543  1.00712  250  10  -0.65  0.05  Sig
1.22677  0.888955  250  10  -0.55  0.05  Sig
1.05287  0.917227  250  10  -0.45  0.05  Sig
0.231624  0.856429  250  10  -0.35  0.05  Sig
-1.12855  0.817497  250  10  -0.25  0.05  Sig
-0.526221  0.902491  250  10  -0.15  0.05  Sig
0.906235  0.88776  250  10  -0.05  0.05  Sig
1.48203  1.01767  250  10  0.05  0.05  Sig
-0.143207  1.01363  250  10  0.15  0.05  Sig
1.18294  1.32211  250  10  0.25  0.05  Sig
0.913057  1.71263  250  10  0.35  0.05  Sig
1.79424  2.64896  250  10  0.45  0.05  Sig
2.52202  3.44349  250  10  0.55  0.05  Sig
5.12256  5.43284  250  10  0.65  0.05  Sig
0  0  250  10  0.75  0.05  Sig
1.47612e-05  -7.87452e-05  250  10  0.85  0.05  Sig
0.151942  1660.95  250  10  0.95  0.05  Sig
-0.403302  6.33554  270  10  -0.95  0.05  Sig
1.09073  1.61755  270  10  -0.85  0.05  Sig
0.711534  0.450788  270  10  -0.75  0.05  Sig
-0.327081  0.349934  270  10  -0.65  0.05  Sig
0.218482  0.306334  270  10  -0.55  0.05  Sig
0.685127  0.278668  270  10  -0.45  0.05  Sig
0.460502  0.279526  270  10  -0.35  0.05  Sig
0.0871368  0.274232  270  10  -0.25  0.05  Sig
0.235834  0.288376  270  10  -0.15  0.05  Sig
-0.032702  0.305262  270  10  -0.05  0.05  Sig
0.522874  0.341908  270  10  0.05  0.05  Sig
0.404553  0.424204  270  10  0.15  0.05  Sig
-0.626336  0.527659  270  10  0.25  0.05  Sig
1.39888  0.625331  270  10  0.35  0.05  Sig
1.08777  0.877641  270  10  0.45  0.05  Sig
-15.807  8.51952  270  10  0.55  0.05  Sig
0  0  270  10  0.65  0.05  Sig
-97.7497  3961.86  270  10  0.75  0.05  Sig
12.0595  13.0946  270  10  0.85  0.05  Sig
1.63585  9.17184  270  10  0.95  0.05  Sig
-3.93649  1.87391  290  10  -0.95  0.05  Sig
-0.0931675  0.500707  290  10  -0.85  0.05  Sig
0.00566278  0.365344  290  10  -0.75  0.05  Sig
0.585816  0.272787  290  10  -0.65  0.05  Sig
0.227444  0.23596  290  10  -0.55  0.05  Sig
0.731157  0.218197  290  10  -0.45  0.05  Sig
0.460384  0.215368  290  10  -0.35  0.05  Sig
0.325219  0.214523  290  10  -0.25  0.05  Sig
0.285978  0.226111  290  10  -0.15  0.05  Sig
0.267609  0.262404  290  10  -0.05  0.05  Sig
0.726673  0.255237  290  10  0.05  0.05  Sig
0.415498  0.298397  290  10  0.15  0.05  Sig
0.86515  0.40713  290  10  0.25  0.05  Sig
0  0  290  10  0.35  0.05  Sig
0  0  290  10  0.45  0.05  Sig
-0.000564753  443.698  290  10  0.55  0.05  Sig
0  0  290  10  0.65  0.05  Sig
0  0  290  10  0.75  0.05  Sig
-0.781399  7.93426  290  10  0.85  0.05  Sig
-2.67059  8.60183  290  10  0.95  0.05  Sig
-0.891768  0.553002  310  10  -0.95  0.05  Sig
0.589058  0.210245  310  10  -0.85  0.05  Sig
0.499269  0.147124  310  10  -0.75  0.05  Sig
0.513271  0.109775  310  10  -0.65  0.05  Sig
0.539106  0.0971824  310  10  -0.55  0.05  Sig
0.594136  0.0905248  310  10  -0.45  0.05  Sig
0.41927  0.0879059  310  10  -0.35  0.05  Sig
0.639736  0.0883451  310  10  -0.25  0.05  Sig
0.427486  0.0904511  310  10  -0.15  0.05  Sig
0.647329  0.0947017  310  10  -0.05  0.05  Sig
0.603432  0.114148  310  10  0.05  0.05  Sig
0.728348  0.130683  310  10  0.15  0.05  Sig
0.420664  0.145834  310  10  0.25  0.05  Sig
0.317057  0.185118  310  10  0.35  0.05  Sig
0  0  310  10  0.45  0.05  Sig
0.929085  0.298509  310  10  0.55  0.05  Sig
-0.569927  0.439803  310  10  0.65  0.05  Sig
2.17132  0.937372  310  10  0.75  0.05  Sig
0.000933423  33.0963  310  10  0.85  0.05  Sig
0  0  310  10  0.95  0.05  Sig
2.12109  1.30434  330  10  -0.95  0.05  Sig
0.694249  0.177272  330  10  -0.85  0.05  Sig
0.405919  0.121347  330  10  -0.75  0.05  Sig
0.393959  0.0957539  330  10  -0.65  0.05  Sig
0.527789  0.0839791  330  10  -0.55  0.05  Sig
0.534222  0.078203  330  10  -0.45  0.05  Sig
0.480882  0.0755027  330  10  -0.35  0.05  Sig
0.496455  0.0753873  330  10  -0.25  0.05  Sig
0.497942  0.0770561  330  10  -0.15  0.05  Sig
0.668001  0.0830506  330  10  -0.05  0.05  Sig
0.443018  0.0949947  330  10  0.05  0.05  Sig
0.317004  0.0969152  330  10  0.15  0.05  Sig
0.517528  0.116324  330  10  0.25  0.05  Sig
0.335765  0.13264  330  10  0.35  0.05  Sig
0  0  330  10  0.45  0.05  Sig
0.906957  0.224425  330  10  0.55  0.05  Sig
0  0  330  10  0.65  0.05  Sig
-0.295393  0.632668  330  10  0.75  0.05  Sig
0  0  330  10  0.85  0.05  Sig
-0.000963864  15.4027  330  10  0.95  0.05  Sig
0.808952  0.588924  350  10  -0.95  0.05  Sig
0.586694  0.1258  350  10  -0.85  0.05  Sig
0.444938  0.0880871  350  10  -0.75  0.05  Sig
0.465572  0.0699664  350  10  -0.65  0.05  Sig
0.624982  0.060897  350  10  -0.55  0.05  Sig
0.482331  0.0563534  350  10  -0.45  0.05  Sig
0.625243  0.0542255  350  10  -0.35  0.05  Sig
0.652648  0.0543473  350  10  -0.25  0.05  Sig
0.532579  0.0546216  350  10  -0.15  0.05  Sig
0.485764  0.0642357  350  10  -0.05  0.05  Sig
0.603642  0.0664591  350  10  0.05  0.05  Sig
0.610314  0.0710845  350  10  0.15  0.05  Sig
0.431081  0.081348  350  10  0.25  0.05  Sig
0  0  350  10  0.35  0.05  Sig
0.51945  0.109264  350  10  0.45  0.05  Sig
0.243284  0.143233  350  10  0.55  0.05  Sig
0  0  350  10  0.65  0.05  Sig
0.162946  0.390869  350  10  0.75  0.05  Sig
14.2273  3356.16  350  10  0.85  0.05  Sig
-0.716714  2.34171  350  10  0.95  0.05  Sig
0  0  370  10  -0.95  0.05  Sig
0.374702  0.0892837  370  10  -0.85  0.05  Sig
0.4565  0.0631481  370  10  -0.75  0.05  Sig
0.44886  0.0502709  370  10  -0.65  0.05  Sig
0.550496  0.0435062  370  10  -0.55  0.05  Sig
0.531515  0.0405765  370  10  -0.45  0.05  Sig
0.618551  0.0404333  370  10  -0.35  0.05  Sig
0.676318  0.0388661  370  10  -0.25  0.05  Sig
0.608317  0.0392827  370  10  -0.15  0.05  Sig
0.568964  0.0402075  370  10  -0.05  0.05  Sig
0.649816  0.0470405  370  10  0.05  0.05  Sig
0.595158  0.0501878  370  10  0.15  0.05  Sig
0.481712  0.0552292  370  10  0.25  0.05  Sig
0.445603  0.0639141  370  10  0.35  0.05  Sig
0.506244  0.0798861  370  10  0.45  0.05  Sig
0.526406  0.101416  370  10  0.55  0.05  Sig
0.374493  0.151348  370  10  0.65  0.05  Sig
0.421176  0.270106  370  10  0.75  0.05  Sig
0  0  370  10  0.85  0.05  Sig
-8.30808e-07  3.73117e-07  370  10  0.95  0.05  Sig
-9.41614  557.198  390  10  -0.95  0.05  Sig
0.242149  0.113004  390  10  -0.85  0.05  Sig
0.425833  0.0780062  390  10  -0.75  0.05  Sig
0.412462  0.0652894  390  10  -0.65  0.05  Sig
0.548744  0.0530027  390  10  -0.55  0.05  Sig
0.588167  0.0498351  390  10  -0.45  0.05  Sig
0.595583  0.046895  390  10  -0.35  0.05  Sig
0.627612  0.0466649  390  10  -0.25  0.05  Sig
0.558  0.0466802  390  10  -0.15  0.05  Sig
0.63419  0.0485836  390  10  -0.05  0.05  Sig
0.626797  0.0523628  390  10  0.05  0.05  Sig
0.479508  0.0589511  390  10  0.15  0.05  Sig
0.582492  0.065442  390  10  0.25  0.05  Sig
0.675842  0.073081  390  10  0.35  0.05  Sig
-0.000811642  0.00158163  390  10  0.45  0.05  Sig
0.563074  0.117198  390  10  0.55  0.05  Sig
0  0  390  10  0.65  0.05  Sig
0.516993  0.320711  390  10  0.75  0.05  Sig
9.45677  1946.83  390  10  0.85  0.05  Sig
-1.57458e-08  0.000496136  390  10  0.95  0.05  Sig
-0.0188485  0.356165  410  10  -0.95  0.05  Sig
0.41917  0.0666077  410  10  -0.85  0.05  Sig
0.582353  0.0463573  410  10  -0.75  0.05  Sig
0.524898  0.0374096  410  10  -0.65  0.05  Sig
0.573555  0.0328024  410  10  -0.55  0.05  Sig
0.569015  0.0307486  410  10  -0.45  0.05  Sig
0.629807  0.0294919  410  10  -0.35  0.05  Sig
0.604588  0.0288911  410  10  -0.25  0.05  Sig
0.644983  0.0290141  410  10  -0.15  0.05  Sig
0.582432  0.0294149  410  10  -0.05  0.05  Sig
0.652703  0.0339895  410  10  0.05  0.05  Sig
0.612747  0.0358327  410  10  0.15  0.05  Sig
0.57698  0.0391662  410  10  0.25  0.05  Sig
0.554953  0.0453246  410  10  0.35  0.05  Sig
0.510052  0.0572088  410  10  0.45  0.05  Sig
0.290561  0.0716854  410  10  0.55  0.05  Sig
0  0  410  10  0.65  0.05  Sig
0.162387  0.182562  410  10  0.75  0.05  Sig
0.0917447  0.564039  410  10  0.85  0.05  Sig
-0.000280416  193.95  410  10  0.95  0.05  Sig
0.448849  0.122166  430  10  -0.95  0.05  Sig
0.443255  0.0579018  430  10  -0.85  0.05  Sig
0.505198  0.0421928  430  10  -0.75  0.05  Sig
0.553528  0.0364843  430  10  -0.65  0.05  Sig
0.592905  0.0301709  430  10  -0.55  0.05  Sig
0.601873  0.0275549  430  10  -0.45  0.05  Sig
0.623001  0.0262798  430  10  -0.35  0.05  Sig
0.627651  0.0258298  430  10  -0.25  0.05  Sig
0.572564  0.0260707  430  10  -0.15  0.05  Sig
0.669552  0.0290711  430  10  -0.05  0.05  Sig
0.582314  0.0303982  430  10  0.05  0.05  Sig
0.583617  0.0316344  430  10  0.15  0.05  Sig
0.668593  0.0340919  430  10  0.25  0.05  Sig
0.538137  0.0376487  430  10  0.35  0.05  Sig
0.492552  0.0465053  430  10  0.45  0.05  Sig
0.353417  0.0643183  430  10  0.55  0.05  Sig
0.460871  0.0887021  430  10  0.65  0.05  Sig
0.234868  0.159832  430  10  0.75  0.05  Sig
0.610855  0.405828  430  10  0.85  0.05  Sig
0.242729  0.487154  430  10  0.95  0.05  Sig
-0.0524339  0.178768  450  10  -0.95  0.05  Sig
0.438242  0.0483838  450  10  -0.85  0.05  Sig
0.523276  0.0374799  450  10  -0.75  0.05  Sig
0.541487  0.0294053  450  10  -0.65  0.05  Sig
0.568407  0.0262394  450  10  -0.55  0.05  Sig
0.593914  0.0243258  450  10  -0.45  0.05  Sig
0.594615  0.0233864  450  10  -0.35  0.05  Sig
0.636335  0.0228245  450  10  -0.25  0.05  Sig
0.612087  0.022739  450  10  -0.15  0.05  Sig
0.605336  0.0245584  450  10  -0.05  0.05  Sig
0.546999  0.0266852  450  10  0.05  0.05  Sig
0.600211  0.027928  450  10  0.15  0.05  Sig
0.563244  0.0299706  450  10  0.25  0.05  Sig
0.603208  0.033375  450  10  0.35  0.05  Sig
0.433089  0.0410738  450  10  0.45  0.05  Sig
0.376103  0.0527279  450  10  0.55  0.05  Sig
-0.0171822  0.0167208  450  10  0.65  0.05  Sig
0.0755153  0.126549  450  10  0.75  0.05  Sig
-0.0905691  0.392027  450  10  0.85  0.05  Sig
-0.0104186  0.0951808  450  10  0.95  0.05  Sig
2.27117  0.136039  470  10  -0.95  0.05  Sig
0.370771  0.0433292  470  10  -0.85  0.05  Sig
0.54822  0.033073  470  10  -0.75  0.05  Sig
0.562564  0.0261861  470  10  -0.65  0.05  Sig
0.627004  0.0238632  470  10  -0.55  0.05  Sig
0.634953  0.0222457  470  10  -0.45  0.05  Sig
0.656663  0.0212292  470  10  -0.35  0.05  Sig
0.641853  0.0209137  470  10  -0.25  0.05  Sig
0.653705  0.022428  470  10  -0.15  0.05  Sig
0.58363  0.0232359  470  10  -0.05  0.05  Sig
0.652449  0.0239234  470  10  0.05  0.05  Sig
0.559238  0.0254372  470  10  0.15  0.05  Sig
0.585328  0.0274227  470  10  0.25  0.05  Sig
0.479763  0.0304324  470  10  0.35  0.05  Sig
0.473851  0.0359127  470  10  0.45  0.05  Sig
5.58031  0.0227454  470  10  0.55  0.05  Sig
0.342279  0.0661865  470  10  0.65  0.05  Sig
0.27975  0.0986311  470  10  0.75  0.05  Sig
0.432208  0.251681  470  10  0.85  0.05  Sig
0.000910747  66.3564  470  10  0.95  0.05  Sig
0.382334  0.140524  490  10  -0.95  0.05  Sig
0.370042  0.0456626  490  10  -0.85  0.05  Sig
0.531142  0.0351103  490  10  -0.75  0.05  Sig
0.626672  0.0297722  490  10  -0.65  0.05  Sig
0.589734  0.026109  490  10  -0.55  0.05  Sig
0.578535  0.0239219  490  10  -0.45  0.05  Sig
0.624711  0.023137  490  10  -0.35  0.05  Sig
0.617662  0.0241368  490  10  -0.25  0.05  Sig
0.623478  0.024537  490  10  -0.15  0.05  Sig
0.640612  0.0251426  490  10  -0.05  0.05  Sig
0.576378  0.0255872  490  10  0.05  0.05  Sig
0.605878  0.0269885  490  10  0.15  0.05  Sig
0.567139  0.0291509  490  10  0.25  0.05  Sig
0.527209  0.0305907  490  10  0.35  0.05  Sig
0.469236  0.0401095  490  10  0.45  0.05  Sig
0  0  490  10  0.55  0.05  Sig
0.266269  0.0669931  490  10  0.65  0.05  Sig
0.16076  0.111353  490  10  0.75  0.05  Sig
0.15593  0.390347  490  10  0.85  0.05  Sig
-0.000700705  21.3866  490  10  0.95  0.05  Sig
0.404934  0.179865  510  10  -0.95  0.05  Sig
0.44394  0.0376155  510  10  -0.85  0.05  Sig
0.529311  0.0294815  510  10  -0.75  0.05  Sig
0.633453  0.0246216  510  10  -0.65  0.05  Sig
0.626167  0.0221261  510  10  -0.55  0.05  Sig
0.616989  0.0208412  510  10  -0.45  0.05  Sig
0.644485  0.0197735  510  10  -0.35  0.05  Sig
0.637422  0.0208047  510  10  -0.25  0.05  Sig
0.655064  0.0211584  510  10  -0.15  0.05  Sig
0.615999  0.0213752  510  10  -0.05  0.05  Sig
0.601027  0.021504  510  10  0.05  0.05  Sig
0.565383  0.0227137  510  10  0.15  0.05  Sig
0.606288  0.024389  510  10  0.25  0.05  Sig
0.52899  0.027124  510  10  0.35  0.05  Sig
0.546845  0.0321245  510  10  0.45  0.05  Sig
0.408531  0.0403052  510  10  0.55  0.05  Sig
0.401371  0.0527932  510  10  0.65  0.05  Sig
0.26331  0.0942093  510  10  0.75  0.05  Sig
-8.95064  553.472  510  10  0.85  0.05  Sig
-0.0274741  58.4937  510  10  0.95  0.05  Sig
0  0  530  10  -0.95  0.05  Sig
0.446991  0.0418533  530  10  -0.85  0.05  Sig
0.497045  0.0304519  530  10  -0.75  0.05  Sig
0.614654  0.0261373  530  10  -0.65  0.05  Sig
0.602623  0.0222121  530  10  -0.55  0.05  Sig
0.621213  0.0222637  530  10  -0.45  0.05  Sig
0.639984  0.0226696  530  10  -0.35  0.05  Sig
0.62646  0.0222599  530  10  -0.25  0.05  Sig
0.638814  0.0220808  530  10  -0.15  0.05  Sig
0.629779  0.0230258  530  10  -0.05  0.05  Sig
0.630157  0.0234902  530  10  0.05  0.05  Sig
0.603754  0.0242368  530  10  0.15  0.05  Sig
0.600956  0.0267262  530  10  0.25  0.05  Sig
0.575832  0.0288248  530  10  0.35  0.05  Sig
0.453639  0.0347601  530  10  0.45  0.05  Sig
0.4392  0.0433437  530  10  0.55  0.05  Sig
0.395944  0.0560933  530  10  0.65  0.05  Sig
0  0  530  10  0.75  0.05  Sig
0.0127118  2.83083  530  10  0.85  0.05  Sig
-0.00741438  0.218388  530  10  0.95  0.05  Sig
0  0  550  10  -0.95  0.05  Sig
0.400039  0.0419656  550  10  -0.85  0.05  Sig
0.527201  0.034608  550  10  -0.75  0.05  Sig
0.607461  0.0289584  550  10  -0.65  0.05  Sig
0.637109  0.0265862  550  10  -0.55  0.05  Sig
0.599269  0.0250986  550  10  -0.45  0.05  Sig
0.655231  0.0254919  550  10  -0.35  0.05  Sig
0.655978  0.0257694  550  10  -0.25  0.05  Sig
0.675547  0.0250775  550  10  -0.15  0.05  Sig
0.642413  0.0257953  550  10  -0.05  0.05  Sig
0.650481  0.0257576  550  10  0.05  0.05  Sig
0.586654  0.0265192  550  10  0.15  0.05  Sig
0.613539  0.0288528  550  10  0.25  0.05  Sig
0.552996  0.0318678  550  10  0.35  0.05  Sig
0.540213  0.0390968  550  10  0.45  0.05  Sig
0.482639  0.0475443  550  10  0.55  0.05  Sig
0.41562  0.0632831  550  10  0.65  0.05  Sig
0.323787  0.107059  550  10  0.75  0.05  Sig
0.0861264  0.513012  550  10  0.85  0.05  Sig
-0.000351828  8.83887  550  10  0.95  0.05  Sig
0.311603  0.0865377  570  10  -0.95  0.05  Sig
0.429792  0.0375826  570  10  -0.85  0.05  Sig
0.528614  0.026332  570  10  -0.75  0.05  Sig
0.588055  0.0236203  570  10  -0.65  0.05  Sig
0.608835  0.0211753  570  10  -0.55  0.05  Sig
0.64046  0.021186  570  10  -0.45  0.05  Sig
0.639671  0.0207052  570  10  -0.35  0.05  Sig
0.676463  0.0199327  570  10  -0.25  0.05  Sig
0.624332  0.0205755  570  10  -0.15  0.05  Sig
0.677488  0.0205798  570  10  -0.05  0.05  Sig
0.611833  0.019801  570  10  0.05  0.05  Sig
0.617544  0.0212128  570  10  0.15  0.05  Sig
0.560767  0.0238794  570  10  0.25  0.05  Sig
0.555815  0.0267428  570  10  0.35  0.05  Sig
0.548103  0.0304073  570  10  0.45  0.05  Sig
0.526132  0.0383996  570  10  0.55  0.05  Sig
0.294185  0.0524119  570  10  0.65  0.05  Sig
0.161723  0.0995628  570  10  0.75  0.05  Sig
0.420206  0.419068  570  10  0.85  0.05  Sig
0.000379842  54.4609  570  10  0.95  0.05  Sig
-3.02739  0.0942742  590  10  -0.95  0.05  Sig
0.40818  0.0278703  590  10  -0.85  0.05  Sig
0.561643  0.0227323  590  10  -0.75  0.05  Sig
0.575673  0.0198237  590  10  -0.65  0.05  Sig
0.476201  0.0149777  590  10  -0.55  0.05  Sig
0.656449  0.0182684  590  10  -0.45  0.05  Sig
0.679095  0.0179335  590  10  -0.35  0.05  Sig
0.668673  0.0174362  590  10  -0.25  0.05  Sig
0.684684  0.0173863  590  10  -0.15  0.05  Sig
0.636316  0.0169494  590  10  -0.05  0.05  Sig
0.641487  0.0176104  590  10  0.05  0.05  Sig
0.588473  0.0188874  590  10  0.15  0.05  Sig
0.594021  0.0202468  590  10  0.25  0.05  Sig
0.551421  0.0235657  590  10  0.35  0.05  Sig
0.516638  0.0274013  590  10  0.45  0.05  Sig
0.470414  0.0351546  590  10  0.55  0.05  Sig
0.323483  0.0467779  590  10  0.65  0.05  Sig
0.370956  0.0896926  590  10  0.75  0.05  Sig
0  0  590  10  0.85  0.05  Sig
-0.72516  0.780886  590  10  0.95  0.05  Sig
0.138632  0.0744019  610  10  -0.95  0.05  Sig
0.427122  0.0303128  610  10  -0.85  0.05  Sig
0.535672  0.0255435  610  10  -0.75  0.05  Sig
0.58806  0.0224287  610  10  -0.65  0.05  Sig
0.623473  0.0209028  610  10  -0.55  0.05  Sig
0.695011  0.0204994  610  10  -0.45  0.05  Sig
0.663724  0.0195784  610  10  -0.35  0.05  Sig
0.636285  0.0192708  610  10  -0.25  0.05  Sig
0.686715  0.0191601  610  10  -0.15  0.05  Sig
0.653754  0.0194119  610  10  -0.05  0.05  Sig
0.691183  0.0196685  610  10  0.05  0.05  Sig
0.634465  0.0209432  610  10  0.15  0.05  Sig
0.629916  0.0221183  610  10  0.25  0.05  Sig
0.627228  0.0259988  610  10  0.35  0.05  Sig
0.513766  0.03491  610  10  0.45  0.05  Sig
0.529575  0.0396737  610  10  0.55  0.05  Sig
0.444756  0.052444  610  10  0.65  0.05  Sig
0.115148  0.110039  610  10  0.75  0.05  Sig
-0.0804877  1.95296  610  10  0.85  0.05  Sig
0.450594  0.0628213  610  10  0.95  0.05  Sig
0.248021  0.107407  630  10  -0.95  0.05  Sig
0.443858  0.0546465  630  10  -0.85  0.05  Sig
0.481556  0.0514007  630  10  -0.75  0.05  Sig
0.575785  0.0421619  630  10  -0.65  0.05  Sig
0.614395  0.0408346  630  10  -0.55  0.05  Sig
0.654853  0.0419211  630  10  -0.45  0.05  Sig
0.686878  0.0406254  630  10  -0.35  0.05  Sig
0.735202  0.038141  630  10  -0.25  0.05  Sig
0.716288  0.0381725  630  10  -0.15  0.05  Sig
0.723801  0.0396267  630  10  -0.05  0.05  Sig
0.740742  0.0390795  630  10  0.05  0.05  Sig
0.72675  0.0418254  630  10  0.15  0.05  Sig
0.658795  0.0451995  630  10  0.25  0.05  Sig
0.577833  0.0452744  630  10  0.35  0.05  Sig
0.551807  0.062719  630  10  0.45  0.05  Sig
0.612471  0.0774711  630  10  0.55  0.05  Sig
0.749799  0.114101  630  10  0.65  0.05  Sig
0.475616  0.218251  630  10  0.75  0.05  Sig
-2.11701e-05  41.8724  630  10  0.85  0.05  Sig
0  0  630  10  0.95  0.05  Sig
3.39958  0.0947284  650  10  -0.95  0.05  Sig
0.373305  0.172942  650  10  -0.85  0.05  Sig
0.309796  0.13452  650  10  -0.75  0.05  Sig
0.577567  0.125824  650  10  -0.65  0.05  Sig
0.836401  0.115687  650  10  -0.55  0.05  Sig
0.450191  0.105652  650  10  -0.45  0.05  Sig
0.883535  0.116957  650  10  -0.35  0.05  Sig
0.753304  0.109169  650  10  -0.25  0.05  Sig
0.669497  0.110977  650  10  -0.15  0.05  Sig
0.551716  0.113107  650  10  -0.05  0.05  Sig
0.782412  0.108177  650  10  0.05  0.05  Sig
0.539447  0.115647  650  10  0.15  0.05  Sig
0.437328  0.125869  650  10  0.25  0.05  Sig
0.433307  0.135149  650  10  0.35  0.05  Sig
0.545436  0.159445  650  10  0.45  0.05  Sig
0.718343  0.22619  650  10  0.55  0.05  Sig
0.215607  0.269827  650  10  0.65  0.05  Sig
0.598136  0.755256  650  10  0.75  0.05  Sig
-0.000197358  4.38882  650  10  0.85  0.05  Sig
0  0  650  10  0.95  0.05  Sig
0  0  670  10  -0.95  0.05  Sig
0.256171  0.641228  670  10  -0.85  0.05  Sig
1.50494  0.519934  670  10  -0.75  0.05  Sig
1.00033  0.465286  670  10  -0.65  0.05  Sig
0.194995  0.42107  670  10  -0.55  0.05  Sig
1.3463  0.470284  670  10  -0.45  0.05  Sig
1.31593  0.426714  670  10  -0.35  0.05  Sig
0.857056  0.458499  670  10  -0.25  0.05  Sig
0.938099  0.447688  670  10  -0.15  0.05  Sig
0.785911  0.446887  670  10  -0.05  0.05  Sig
0.326508  0.441331  670  10  0.05  0.05  Sig
0.316265  0.47309  670  10  0.15  0.05  Sig
2.32342  0.516196  670  10  0.25  0.05  Sig
0.458626  0.594945  670  10  0.35  0.05  Sig
1.67746  0.663387  670  10  0.45  0.05  Sig
1.35687  0.818487  670  10  0.55  0.05  Sig
0.834679  1.09433  670  10  0.65  0.05  Sig
0.13596  2.48123  670  10  0.75  0.05  Sig
0.0853088  106.583  670  10  0.85  0.05  Sig
0.00576266  113.399  670  10  0.95  0.05  Sig
0  0  690  10  -0.95  0.05  Sig
0.549622  0.526116  690  10  -0.85  0.05  Sig
0.264437  0.445705  690  10  -0.75  0.05  Sig
0.886784  0.452403  690  10  -0.65  0.05  Sig
0.910203  0.47841  690  10  -0.55  0.05  Sig
1.36141  0.401413  690  10  -0.45  0.05  Sig
0.497494  0.413916  690  10  -0.35  0.05  Sig
0.979136  0.369277  690  10  -0.25  0.05  Sig
0.195785  0.394585  690  10  -0.15  0.05  Sig
1.21524  0.423134  690  10  -0.05  0.05  Sig
0.773192  0.417889  690  10  0.05  0.05  Sig
1.07554  0.437633  690  10  0.15  0.05  Sig
1.09816  0.438275  690  10  0.25  0.05  Sig
0.317303  0.532232  690  10  0.35  0.05  Sig
1.07729  0.637654  690  10  0.45  0.05  Sig
1.23843  0.725584  690  10  0.55  0.05  Sig
0.242125  1.14392  690  10  0.65  0.05  Sig
-1.03903  2.61281  690  10  0.75  0.05  Sig
1.90335  1.64227  690  10  0.85  0.05  Sig
6.9144e-05  19.7945  690  10  0.95  0.05  Sig
0  0  710  10  -0.95  0.05  Sig
-0.151836  0.546039  710  10  -0.85  0.05  Sig
-0.326834  0.51416  710  10  -0.75  0.05  Sig
-0.162361  0.615196  710  10  -0.65  0.05  Sig
0.710547  0.552231  710  10  -0.55  0.05  Sig
1.01706  0.537362  710  10  -0.45  0.05  Sig
1.44655  0.488328  710  10  -0.35  0.05  Sig
0.518606  0.553025  710  10  -0.25  0.05  Sig
0.139019  0.541367  710  10  -0.15  0.05  Sig
1.61497  0.513217  710  10  -0.05  0.05  Sig
0.111418  0.546092  710  10  0.05  0.05  Sig
1.02368  0.583141  710  10  0.15  0.05  Sig
0.581071  0.552164  710  10  0.25  0.05  Sig
1.29987  0.614987  710  10  0.35  0.05  Sig
-0.476545  0.866358  710  10  0.45  0.05  Sig
0.612129  0.942672  710  10  0.55  0.05  Sig
-0.972136  1.34044  710  10  0.65  0.05  Sig
1.05401  2.78507  710  10  0.75  0.05  Sig
-7.68892e-05  27.3291  710  10  0.85  0.05  Sig
0  0  710  10  0.95  0.05  Sig
