4.39158  2.56083  250  10  -0.95  0.05  SignalTiming
0.776472  1.72676  250  10  -0.85  0.05  SignalTiming
-1.39955  1.23701  250  10  -0.75  0.05  SignalTiming
0.852708  1.1049  250  10  -0.65  0.05  SignalTiming
1.74879  1.00577  250  10  -0.55  0.05  SignalTiming
-1.01713  0.937733  250  10  -0.45  0.05  SignalTiming
0.283345  0.973383  250  10  -0.35  0.05  SignalTiming
0.678153  1.0031  250  10  -0.25  0.05  SignalTiming
0.229378  1.10937  250  10  -0.15  0.05  SignalTiming
0.636452  1.28919  250  10  -0.05  0.05  SignalTiming
-0.362521  1.39406  250  10  0.05  0.05  SignalTiming
2.52639  1.62474  250  10  0.15  0.05  SignalTiming
4.51978  2.11662  250  10  0.25  0.05  SignalTiming
-2.92065  3.27217  250  10  0.35  0.05  SignalTiming
8.82215  5.33687  250  10  0.45  0.05  SignalTiming
9.33918  10.4011  250  10  0.55  0.05  SignalTiming
-9.20635  -46.3684  250  10  0.65  0.05  SignalTiming
10.5748  15.307  250  10  0.75  0.05  SignalTiming
-8.9597  12.208  250  10  0.85  0.05  SignalTiming
3.52965  13.8234  250  10  0.95  0.05  SignalTiming
0.387781  0.790051  270  10  -0.95  0.05  SignalTiming
0.847798  0.519444  270  10  -0.85  0.05  SignalTiming
0.152065  0.396839  270  10  -0.75  0.05  SignalTiming
-0.372089  0.326081  270  10  -0.65  0.05  SignalTiming
0.551891  0.299188  270  10  -0.55  0.05  SignalTiming
0.682713  0.290432  270  10  -0.45  0.05  SignalTiming
0.624976  0.288025  270  10  -0.35  0.05  SignalTiming
-0.291284  0.299548  270  10  -0.25  0.05  SignalTiming
-0.45022  0.320766  270  10  -0.15  0.05  SignalTiming
-0.332445  0.355333  270  10  -0.05  0.05  SignalTiming
1.37245  0.396426  270  10  0.05  0.05  SignalTiming
0.862254  0.473341  270  10  0.15  0.05  SignalTiming
0.92621  0.585036  270  10  0.25  0.05  SignalTiming
0.964489  0.74562  270  10  0.35  0.05  SignalTiming
-2.03473  1.18618  270  10  0.45  0.05  SignalTiming
0.466955  2.06474  270  10  0.55  0.05  SignalTiming
-7.68142  6.3052  270  10  0.65  0.05  SignalTiming
8.39668  11.443  270  10  0.75  0.05  SignalTiming
-3.57151  15.4159  270  10  0.85  0.05  SignalTiming
-11.2083  9.5634  270  10  0.95  0.05  SignalTiming
-0.509359  0.709611  290  10  -0.95  0.05  SignalTiming
-0.83881  0.454652  290  10  -0.85  0.05  SignalTiming
-0.162647  0.337233  290  10  -0.75  0.05  SignalTiming
0.343042  0.273304  290  10  -0.65  0.05  SignalTiming
0.356055  0.252407  290  10  -0.55  0.05  SignalTiming
0.39137  0.237557  290  10  -0.45  0.05  SignalTiming
0.291821  0.233446  290  10  -0.35  0.05  SignalTiming
0.323985  0.246266  290  10  -0.25  0.05  SignalTiming
-0.159471  0.262306  290  10  -0.15  0.05  SignalTiming
0.651448  0.286596  290  10  -0.05  0.05  SignalTiming
0.26092  0.321444  290  10  0.05  0.05  SignalTiming
0.720036  0.365125  290  10  0.15  0.05  SignalTiming
1.32485  0.438643  290  10  0.25  0.05  SignalTiming
1.14524  0.544177  290  10  0.35  0.05  SignalTiming
0.390457  0.758269  290  10  0.45  0.05  SignalTiming
-0.782806  1.14843  290  10  0.55  0.05  SignalTiming
1.36817  2.31998  290  10  0.65  0.05  SignalTiming
-2.34918  6.97782  290  10  0.75  0.05  SignalTiming
7.52505  8.51861  290  10  0.85  0.05  SignalTiming
-3.13703  11.9914  290  10  0.95  0.05  SignalTiming
0.574442  0.252641  310  10  -0.95  0.05  SignalTiming
0.340019  0.16127  310  10  -0.85  0.05  SignalTiming
0.432754  0.117211  310  10  -0.75  0.05  SignalTiming
0.560088  0.0952448  310  10  -0.65  0.05  SignalTiming
0.383722  0.0842125  310  10  -0.55  0.05  SignalTiming
0.396332  0.0813883  310  10  -0.45  0.05  SignalTiming
0.444372  0.0809203  310  10  -0.35  0.05  SignalTiming
0.482345  0.0826449  310  10  -0.25  0.05  SignalTiming
0.558764  0.0867758  310  10  -0.15  0.05  SignalTiming
0.540799  0.0935084  310  10  -0.05  0.05  SignalTiming
0.654049  0.104349  310  10  0.05  0.05  SignalTiming
0.655428  0.118411  310  10  0.15  0.05  SignalTiming
0.428153  0.14073  310  10  0.25  0.05  SignalTiming
0.521605  0.175026  310  10  0.35  0.05  SignalTiming
0.840941  0.226318  310  10  0.45  0.05  SignalTiming
0.119453  0.34363  310  10  0.55  0.05  SignalTiming
0.77116  0.607371  310  10  0.65  0.05  SignalTiming
0.508541  2.034  310  10  0.75  0.05  SignalTiming
4.58206  6.80991  310  10  0.85  0.05  SignalTiming
2.41997  5.80128  310  10  0.95  0.05  SignalTiming
0.0846616  0.231193  330  10  -0.95  0.05  SignalTiming
0.585498  0.148697  330  10  -0.85  0.05  SignalTiming
0.40075  0.107397  330  10  -0.75  0.05  SignalTiming
0.460045  0.0865347  330  10  -0.65  0.05  SignalTiming
0.490145  0.0760664  330  10  -0.55  0.05  SignalTiming
0.550966  0.0725105  330  10  -0.45  0.05  SignalTiming
0.404971  0.0716317  330  10  -0.35  0.05  SignalTiming
0.456984  0.0721494  330  10  -0.25  0.05  SignalTiming
0.623041  0.0754772  330  10  -0.15  0.05  SignalTiming
0.521377  0.0808319  330  10  -0.05  0.05  SignalTiming
0.347558  0.0875816  330  10  0.05  0.05  SignalTiming
0.489457  0.0982261  330  10  0.15  0.05  SignalTiming
0.412497  0.112882  330  10  0.25  0.05  SignalTiming
0.486943  0.139437  330  10  0.35  0.05  SignalTiming
0.425288  0.180775  330  10  0.45  0.05  SignalTiming
0.785057  0.254817  330  10  0.55  0.05  SignalTiming
-0.0848666  0.404309  330  10  0.65  0.05  SignalTiming
-1.42257  0.972646  330  10  0.75  0.05  SignalTiming
3.92331  7.7291  330  10  0.85  0.05  SignalTiming
0.703975  6.63085  330  10  0.95  0.05  SignalTiming
0.23353  0.17079  350  10  -0.95  0.05  SignalTiming
0.334445  0.109288  350  10  -0.85  0.05  SignalTiming
0.570993  0.0802187  350  10  -0.75  0.05  SignalTiming
0.497949  0.0633695  350  10  -0.65  0.05  SignalTiming
0.490892  0.0558552  350  10  -0.55  0.05  SignalTiming
0.502247  0.0531932  350  10  -0.45  0.05  SignalTiming
0.645287  0.0518104  350  10  -0.35  0.05  SignalTiming
0.691047  0.0521455  350  10  -0.25  0.05  SignalTiming
0.563493  0.0540626  350  10  -0.15  0.05  SignalTiming
0.609863  0.0566998  350  10  -0.05  0.05  SignalTiming
0.561298  0.0611599  350  10  0.05  0.05  SignalTiming
0.495625  0.068191  350  10  0.15  0.05  SignalTiming
0.380422  0.0779452  350  10  0.25  0.05  SignalTiming
0.50909  0.0929601  350  10  0.35  0.05  SignalTiming
0.440469  0.117132  350  10  0.45  0.05  SignalTiming
0.473802  0.163508  350  10  0.55  0.05  SignalTiming
0.269831  0.257183  350  10  0.65  0.05  SignalTiming
-0.0527286  0.571961  350  10  0.75  0.05  SignalTiming
0.656988  1.86108  350  10  0.85  0.05  SignalTiming
-4.02554  2.24033  350  10  0.95  0.05  SignalTiming
0.39862  0.133918  370  10  -0.95  0.05  SignalTiming
0.304794  0.0822827  370  10  -0.85  0.05  SignalTiming
0.446169  0.0595248  370  10  -0.75  0.05  SignalTiming
0.472299  0.0469603  370  10  -0.65  0.05  SignalTiming
0.521688  0.0412582  370  10  -0.55  0.05  SignalTiming
0.642614  0.0389292  370  10  -0.45  0.05  SignalTiming
0.602456  0.0377358  370  10  -0.35  0.05  SignalTiming
0.681666  0.0376404  370  10  -0.25  0.05  SignalTiming
0.56683  0.0387889  370  10  -0.15  0.05  SignalTiming
0.549516  0.0404176  370  10  -0.05  0.05  SignalTiming
0.614783  0.0431364  370  10  0.05  0.05  SignalTiming
0.593632  0.0472727  370  10  0.15  0.05  SignalTiming
0.451146  0.0545603  370  10  0.25  0.05  SignalTiming
0.418568  0.0638152  370  10  0.35  0.05  SignalTiming
0.494736  0.0795197  370  10  0.45  0.05  SignalTiming
0.539194  0.108146  370  10  0.55  0.05  SignalTiming
0.417321  0.165779  370  10  0.65  0.05  SignalTiming
0.665628  0.344893  370  10  0.75  0.05  SignalTiming
-0.753571  1.34518  370  10  0.85  0.05  SignalTiming
1.33502  2.53773  370  10  0.95  0.05  SignalTiming
0.621193  0.180883  390  10  -0.95  0.05  SignalTiming
0.301687  0.104539  390  10  -0.85  0.05  SignalTiming
0.567801  0.0769473  390  10  -0.75  0.05  SignalTiming
0.410565  0.0589642  390  10  -0.65  0.05  SignalTiming
0.574575  0.0523376  390  10  -0.55  0.05  SignalTiming
0.619795  0.0492777  390  10  -0.45  0.05  SignalTiming
0.704686  0.0474151  390  10  -0.35  0.05  SignalTiming
0.587518  0.0468647  390  10  -0.25  0.05  SignalTiming
0.616857  0.0478131  390  10  -0.15  0.05  SignalTiming
0.642129  0.0496719  390  10  -0.05  0.05  SignalTiming
0.562118  0.0522366  390  10  0.05  0.05  SignalTiming
0.695052  0.0570015  390  10  0.15  0.05  SignalTiming
0.632196  0.0644919  390  10  0.25  0.05  SignalTiming
0.524046  0.0751861  390  10  0.35  0.05  SignalTiming
0.461837  0.0918752  390  10  0.45  0.05  SignalTiming
0.373855  0.124533  390  10  0.55  0.05  SignalTiming
-0.273458  0.189705  390  10  0.65  0.05  SignalTiming
-0.166793  0.373794  390  10  0.75  0.05  SignalTiming
1.68063  1.05733  390  10  0.85  0.05  SignalTiming
-1.26248  1.94715  390  10  0.95  0.05  SignalTiming
0.319345  0.118889  410  10  -0.95  0.05  SignalTiming
0.350725  0.0696647  410  10  -0.85  0.05  SignalTiming
0.536583  0.0501331  410  10  -0.75  0.05  SignalTiming
0.537783  0.0390638  410  10  -0.65  0.05  SignalTiming
0.571387  0.0339126  410  10  -0.55  0.05  SignalTiming
0.644567  0.0317638  410  10  -0.45  0.05  SignalTiming
0.708744  0.0303429  410  10  -0.35  0.05  SignalTiming
0.657254  0.0297037  410  10  -0.25  0.05  SignalTiming
0.643381  0.030106  410  10  -0.15  0.05  SignalTiming
0.647288  0.0308057  410  10  -0.05  0.05  SignalTiming
0.661967  0.0321484  410  10  0.05  0.05  SignalTiming
0.572177  0.0347652  410  10  0.15  0.05  SignalTiming
0.532004  0.0384032  410  10  0.25  0.05  SignalTiming
0.586974  0.0445372  410  10  0.35  0.05  SignalTiming
0.606175  0.0545723  410  10  0.45  0.05  SignalTiming
0.400813  0.0722598  410  10  0.55  0.05  SignalTiming
0.318663  0.106702  410  10  0.65  0.05  SignalTiming
0.393292  0.20061  410  10  0.75  0.05  SignalTiming
-1.09894  0.766433  410  10  0.85  0.05  SignalTiming
-0.336001  2.76213  410  10  0.95  0.05  SignalTiming
0.38273  0.11731  430  10  -0.95  0.05  SignalTiming
0.576623  0.0652607  430  10  -0.85  0.05  SignalTiming
0.518919  0.0464575  430  10  -0.75  0.05  SignalTiming
0.60578  0.0359357  430  10  -0.65  0.05  SignalTiming
0.626  0.0313049  430  10  -0.55  0.05  SignalTiming
0.653254  0.0289219  430  10  -0.45  0.05  SignalTiming
0.652254  0.0277293  430  10  -0.35  0.05  SignalTiming
0.651427  0.0270015  430  10  -0.25  0.05  SignalTiming
0.659908  0.0269933  430  10  -0.15  0.05  SignalTiming
0.622231  0.0276827  430  10  -0.05  0.05  SignalTiming
0.596295  0.0284786  430  10  0.05  0.05  SignalTiming
0.619987  0.0300374  430  10  0.15  0.05  SignalTiming
0.613508  0.0332929  430  10  0.25  0.05  SignalTiming
0.57046  0.0377844  430  10  0.35  0.05  SignalTiming
0.544881  0.0458554  430  10  0.45  0.05  SignalTiming
0.381578  0.0602681  430  10  0.55  0.05  SignalTiming
0.495756  0.0881056  430  10  0.65  0.05  SignalTiming
0.0770379  0.16936  430  10  0.75  0.05  SignalTiming
0.514951  0.588213  430  10  0.85  0.05  SignalTiming
2.22493  2.09712  430  10  0.95  0.05  SignalTiming
0.433593  0.11157  450  10  -0.95  0.05  SignalTiming
0.411875  0.0611076  450  10  -0.85  0.05  SignalTiming
0.510491  0.0434898  450  10  -0.75  0.05  SignalTiming
0.648708  0.0335513  450  10  -0.65  0.05  SignalTiming
0.653072  0.0293763  450  10  -0.55  0.05  SignalTiming
0.691316  0.0267101  450  10  -0.45  0.05  SignalTiming
0.648155  0.0250335  450  10  -0.35  0.05  SignalTiming
0.631849  0.0243992  450  10  -0.25  0.05  SignalTiming
0.653554  0.0243509  450  10  -0.15  0.05  SignalTiming
0.671942  0.0243716  450  10  -0.05  0.05  SignalTiming
0.628439  0.0250465  450  10  0.05  0.05  SignalTiming
0.603406  0.0265005  450  10  0.15  0.05  SignalTiming
0.605693  0.0287862  450  10  0.25  0.05  SignalTiming
0.621294  0.0326522  450  10  0.35  0.05  SignalTiming
0.484421  0.0391529  450  10  0.45  0.05  SignalTiming
0.480765  0.0494107  450  10  0.55  0.05  SignalTiming
0.225292  0.0749009  450  10  0.65  0.05  SignalTiming
0.0763835  0.142386  450  10  0.75  0.05  SignalTiming
0.756733  0.53639  450  10  0.85  0.05  SignalTiming
1.02254  1.28258  450  10  0.95  0.05  SignalTiming
0.415549  0.121586  470  10  -0.95  0.05  SignalTiming
0.500068  0.0632194  470  10  -0.85  0.05  SignalTiming
0.662867  0.04205  470  10  -0.75  0.05  SignalTiming
0.650528  0.0320195  470  10  -0.65  0.05  SignalTiming
0.698662  0.027898  470  10  -0.55  0.05  SignalTiming
0.744901  0.0253357  470  10  -0.45  0.05  SignalTiming
0.677072  0.023802  470  10  -0.35  0.05  SignalTiming
0.656512  0.0226668  470  10  -0.25  0.05  SignalTiming
0.629072  0.0223814  470  10  -0.15  0.05  SignalTiming
0.657386  0.0221155  470  10  -0.05  0.05  SignalTiming
0.636715  0.0224536  470  10  0.05  0.05  SignalTiming
0.617848  0.0235323  470  10  0.15  0.05  SignalTiming
0.55179  0.0255211  470  10  0.25  0.05  SignalTiming
0.573683  0.0285665  470  10  0.35  0.05  SignalTiming
0.48906  0.0342082  470  10  0.45  0.05  SignalTiming
0.473247  0.0437097  470  10  0.55  0.05  SignalTiming
0.389679  0.063088  470  10  0.65  0.05  SignalTiming
0.343398  0.121494  470  10  0.75  0.05  SignalTiming
-0.199083  0.408062  470  10  0.85  0.05  SignalTiming
0.826478  1.1255  470  10  0.95  0.05  SignalTiming
0.578546  0.150252  490  10  -0.95  0.05  SignalTiming
0.480985  0.0705591  490  10  -0.85  0.05  SignalTiming
0.59911  0.0479641  490  10  -0.75  0.05  SignalTiming
0.644168  0.0364903  490  10  -0.65  0.05  SignalTiming
0.730296  0.03131  490  10  -0.55  0.05  SignalTiming
0.725342  0.0281309  490  10  -0.45  0.05  SignalTiming
0.689168  0.0258518  490  10  -0.35  0.05  SignalTiming
0.685191  0.0244975  490  10  -0.25  0.05  SignalTiming
0.67166  0.0240727  490  10  -0.15  0.05  SignalTiming
0.64008  0.0236899  490  10  -0.05  0.05  SignalTiming
0.638509  0.0240322  490  10  0.05  0.05  SignalTiming
0.626926  0.0246382  490  10  0.15  0.05  SignalTiming
0.646261  0.0268815  490  10  0.25  0.05  SignalTiming
0.523918  0.0298932  490  10  0.35  0.05  SignalTiming
0.562889  0.0349933  490  10  0.45  0.05  SignalTiming
0.550889  0.0449609  490  10  0.55  0.05  SignalTiming
0.361404  0.067481  490  10  0.65  0.05  SignalTiming
0.488754  0.125777  490  10  0.75  0.05  SignalTiming
0.481041  0.469275  490  10  0.85  0.05  SignalTiming
-0.750701  1.2281  490  10  0.95  0.05  SignalTiming
0.519054  0.145093  510  10  -0.95  0.05  SignalTiming
0.636932  0.0600582  510  10  -0.85  0.05  SignalTiming
0.595548  0.0414013  510  10  -0.75  0.05  SignalTiming
0.684311  0.031265  510  10  -0.65  0.05  SignalTiming
0.755968  0.0266861  510  10  -0.55  0.05  SignalTiming
0.713938  0.0238304  510  10  -0.45  0.05  SignalTiming
0.701308  0.0218333  510  10  -0.35  0.05  SignalTiming
0.709223  0.020715  510  10  -0.25  0.05  SignalTiming
0.671459  0.0203079  510  10  -0.15  0.05  SignalTiming
0.681199  0.0200207  510  10  -0.05  0.05  SignalTiming
0.661045  0.0197743  510  10  0.05  0.05  SignalTiming
0.619797  0.020761  510  10  0.15  0.05  SignalTiming
0.610956  0.0220238  510  10  0.25  0.05  SignalTiming
0.59731  0.0244647  510  10  0.35  0.05  SignalTiming
0.534425  0.0286377  510  10  0.45  0.05  SignalTiming
0.428281  0.037264  510  10  0.55  0.05  SignalTiming
0.375073  0.0548864  510  10  0.65  0.05  SignalTiming
0.491382  0.111877  510  10  0.75  0.05  SignalTiming
0.689695  0.398574  510  10  0.85  0.05  SignalTiming
0.122442  0.802706  510  10  0.95  0.05  SignalTiming
0.335877  0.145888  530  10  -0.95  0.05  SignalTiming
0.52925  0.0668292  530  10  -0.85  0.05  SignalTiming
0.648996  0.0439288  530  10  -0.75  0.05  SignalTiming
0.774087  0.0344253  530  10  -0.65  0.05  SignalTiming
0.797916  0.0293932  530  10  -0.55  0.05  SignalTiming
0.730255  0.0260866  530  10  -0.45  0.05  SignalTiming
0.688456  0.0236233  530  10  -0.35  0.05  SignalTiming
0.707801  0.0222768  530  10  -0.25  0.05  SignalTiming
0.68591  0.0210988  530  10  -0.15  0.05  SignalTiming
0.70509  0.0209725  530  10  -0.05  0.05  SignalTiming
0.678079  0.0210318  530  10  0.05  0.05  SignalTiming
0.652462  0.0218995  530  10  0.15  0.05  SignalTiming
0.609741  0.0233614  530  10  0.25  0.05  SignalTiming
0.557002  0.0254777  530  10  0.35  0.05  SignalTiming
0.537572  0.0307265  530  10  0.45  0.05  SignalTiming
0.449838  0.0383816  530  10  0.55  0.05  SignalTiming
0.496677  0.0582715  530  10  0.65  0.05  SignalTiming
0.374771  0.11208  530  10  0.75  0.05  SignalTiming
0.00950069  0.386218  530  10  0.85  0.05  SignalTiming
-0.446678  0.860858  530  10  0.95  0.05  SignalTiming
0.39591  0.162874  550  10  -0.95  0.05  SignalTiming
0.55095  0.0719363  550  10  -0.85  0.05  SignalTiming
0.649661  0.0496039  550  10  -0.75  0.05  SignalTiming
0.732174  0.0382359  550  10  -0.65  0.05  SignalTiming
0.777809  0.033183  550  10  -0.55  0.05  SignalTiming
0.761199  0.0294649  550  10  -0.45  0.05  SignalTiming
0.769955  0.0268254  550  10  -0.35  0.05  SignalTiming
0.701251  0.024722  550  10  -0.25  0.05  SignalTiming
0.688445  0.0238418  550  10  -0.15  0.05  SignalTiming
0.70877  0.0234645  550  10  -0.05  0.05  SignalTiming
0.71  0.0236255  550  10  0.05  0.05  SignalTiming
0.707591  0.0239219  550  10  0.15  0.05  SignalTiming
0.620483  0.026177  550  10  0.25  0.05  SignalTiming
0.607389  0.0284943  550  10  0.35  0.05  SignalTiming
0.555018  0.0327852  550  10  0.45  0.05  SignalTiming
0.491716  0.0447784  550  10  0.55  0.05  SignalTiming
0.493174  0.0650785  550  10  0.65  0.05  SignalTiming
0.437907  0.125897  550  10  0.75  0.05  SignalTiming
-0.403178  0.506282  550  10  0.85  0.05  SignalTiming
0.201968  0.747856  550  10  0.95  0.05  SignalTiming
0.405613  0.11328  570  10  -0.95  0.05  SignalTiming
0.499384  0.0544626  570  10  -0.85  0.05  SignalTiming
0.641837  0.0360463  570  10  -0.75  0.05  SignalTiming
0.752352  0.0281728  570  10  -0.65  0.05  SignalTiming
0.740425  0.0245593  570  10  -0.55  0.05  SignalTiming
0.758354  0.0222246  570  10  -0.45  0.05  SignalTiming
0.744373  0.0204379  570  10  -0.35  0.05  SignalTiming
0.721964  0.0190806  570  10  -0.25  0.05  SignalTiming
0.726732  0.0185864  570  10  -0.15  0.05  SignalTiming
0.717732  0.018446  570  10  -0.05  0.05  SignalTiming
0.679147  0.0184799  570  10  0.05  0.05  SignalTiming
0.715992  0.0186059  570  10  0.15  0.05  SignalTiming
0.634037  0.0201064  570  10  0.25  0.05  SignalTiming
0.63112  0.0220789  570  10  0.35  0.05  SignalTiming
0.529331  0.0261628  570  10  0.45  0.05  SignalTiming
0.525326  0.0340193  570  10  0.55  0.05  SignalTiming
0.432593  0.0508991  570  10  0.65  0.05  SignalTiming
0.287551  0.103435  570  10  0.75  0.05  SignalTiming
-0.0756954  0.441652  570  10  0.85  0.05  SignalTiming
-0.0647768  0.47032  570  10  0.95  0.05  SignalTiming
0.307842  0.0815832  590  10  -0.95  0.05  SignalTiming
0.48334  0.0448139  590  10  -0.85  0.05  SignalTiming
0.697528  0.0294348  590  10  -0.75  0.05  SignalTiming
0.711985  0.0233465  590  10  -0.65  0.05  SignalTiming
0.739814  0.0198119  590  10  -0.55  0.05  SignalTiming
0.748976  0.0182749  590  10  -0.45  0.05  SignalTiming
0.794036  0.0172625  590  10  -0.35  0.05  SignalTiming
0.741376  0.016049  590  10  -0.25  0.05  SignalTiming
0.773484  0.0153116  590  10  -0.15  0.05  SignalTiming
0.718143  0.015221  590  10  -0.05  0.05  SignalTiming
0.706908  0.0155732  590  10  0.05  0.05  SignalTiming
0.675438  0.0160964  590  10  0.15  0.05  SignalTiming
0.669531  0.0171067  590  10  0.25  0.05  SignalTiming
0.617996  0.0186914  590  10  0.35  0.05  SignalTiming
0.595005  0.0222008  590  10  0.45  0.05  SignalTiming
0.586213  0.0285856  590  10  0.55  0.05  SignalTiming
0.468945  0.04533  590  10  0.65  0.05  SignalTiming
0.276002  0.0918384  590  10  0.75  0.05  SignalTiming
0.934629  0.367963  590  10  0.85  0.05  SignalTiming
-0.0631748  0.566328  590  10  0.95  0.05  SignalTiming
0.355803  0.0738856  610  10  -0.95  0.05  SignalTiming
0.54378  0.0414999  610  10  -0.85  0.05  SignalTiming
0.649257  0.0305426  610  10  -0.75  0.05  SignalTiming
0.687147  0.022699  610  10  -0.65  0.05  SignalTiming
0.740215  0.0198863  610  10  -0.55  0.05  SignalTiming
0.77627  0.0183582  610  10  -0.45  0.05  SignalTiming
0.754141  0.0176536  610  10  -0.35  0.05  SignalTiming
0.737578  0.016824  610  10  -0.25  0.05  SignalTiming
0.772587  0.0162914  610  10  -0.15  0.05  SignalTiming
0.758121  0.0160779  610  10  -0.05  0.05  SignalTiming
0.741564  0.0162753  610  10  0.05  0.05  SignalTiming
0.721145  0.0169737  610  10  0.15  0.05  SignalTiming
0.694667  0.018087  610  10  0.25  0.05  SignalTiming
0.673418  0.0203437  610  10  0.35  0.05  SignalTiming
0.641642  0.0241725  610  10  0.45  0.05  SignalTiming
0.59347  0.0313862  610  10  0.55  0.05  SignalTiming
0.523462  0.0486561  610  10  0.65  0.05  SignalTiming
0.402729  0.107076  610  10  0.75  0.05  SignalTiming
0.210574  0.368534  610  10  0.85  0.05  SignalTiming
-0.560786  0.814641  610  10  0.95  0.05  SignalTiming
0.416255  0.137672  630  10  -0.95  0.05  SignalTiming
0.429175  0.0792746  630  10  -0.85  0.05  SignalTiming
0.629774  0.0560666  630  10  -0.75  0.05  SignalTiming
0.671179  0.0444874  630  10  -0.65  0.05  SignalTiming
0.7193  0.0379457  630  10  -0.55  0.05  SignalTiming
0.752156  0.037373  630  10  -0.45  0.05  SignalTiming
0.839459  0.0338697  630  10  -0.35  0.05  SignalTiming
0.806139  0.0338275  630  10  -0.25  0.05  SignalTiming
0.797121  0.0324142  630  10  -0.15  0.05  SignalTiming
0.796296  0.0324034  630  10  -0.05  0.05  SignalTiming
0.886206  0.0326786  630  10  0.05  0.05  SignalTiming
0.748812  0.0342622  630  10  0.15  0.05  SignalTiming
0.737312  0.0367473  630  10  0.25  0.05  SignalTiming
0.762041  0.0404065  630  10  0.35  0.05  SignalTiming
0.674342  0.0479525  630  10  0.45  0.05  SignalTiming
0.665735  0.0632442  630  10  0.55  0.05  SignalTiming
0.759935  0.103042  630  10  0.65  0.05  SignalTiming
0.26276  0.198547  630  10  0.75  0.05  SignalTiming
0.259756  0.664348  630  10  0.85  0.05  SignalTiming
1.75286  2.58105  630  10  0.95  0.05  SignalTiming
0.370052  0.335113  650  10  -0.95  0.05  SignalTiming
0.329363  0.225392  650  10  -0.85  0.05  SignalTiming
0.219737  0.16498  650  10  -0.75  0.05  SignalTiming
0.368553  0.1299  650  10  -0.65  0.05  SignalTiming
0.571588  0.108144  650  10  -0.55  0.05  SignalTiming
0.373621  0.107229  650  10  -0.45  0.05  SignalTiming
0.4715  0.102233  650  10  -0.35  0.05  SignalTiming
0.582668  0.0983533  650  10  -0.25  0.05  SignalTiming
0.392368  0.100515  650  10  -0.15  0.05  SignalTiming
0.551004  0.0971098  650  10  -0.05  0.05  SignalTiming
0.42611  0.0953652  650  10  0.05  0.05  SignalTiming
0.448742  0.0972621  650  10  0.15  0.05  SignalTiming
0.409033  0.107484  650  10  0.25  0.05  SignalTiming
0.467626  0.119314  650  10  0.35  0.05  SignalTiming
0.459773  0.140926  650  10  0.45  0.05  SignalTiming
0.389943  0.177721  650  10  0.55  0.05  SignalTiming
-0.145944  0.283484  650  10  0.65  0.05  SignalTiming
-0.378836  0.679248  650  10  0.75  0.05  SignalTiming
-0.290396  1.19341  650  10  0.85  0.05  SignalTiming
-0.245722  2.0034  650  10  0.95  0.05  SignalTiming
2.06522  1.22433  670  10  -0.95  0.05  SignalTiming
0.0342216  0.691489  670  10  -0.85  0.05  SignalTiming
0.671313  0.551536  670  10  -0.75  0.05  SignalTiming
0.157392  0.452195  670  10  -0.65  0.05  SignalTiming
-0.185821  0.395823  670  10  -0.55  0.05  SignalTiming
-0.723452  0.370539  670  10  -0.45  0.05  SignalTiming
-0.491873  0.370627  670  10  -0.35  0.05  SignalTiming
-0.36684  0.348017  670  10  -0.25  0.05  SignalTiming
-0.591792  0.359789  670  10  -0.15  0.05  SignalTiming
-0.236144  0.35837  670  10  -0.05  0.05  SignalTiming
-1.19959  0.350443  670  10  0.05  0.05  SignalTiming
-0.138141  0.373146  670  10  0.15  0.05  SignalTiming
-0.156012  0.397071  670  10  0.25  0.05  SignalTiming
0.676221  0.43395  670  10  0.35  0.05  SignalTiming
-0.686153  0.514347  670  10  0.45  0.05  SignalTiming
-1.32854  0.652961  670  10  0.55  0.05  SignalTiming
-0.170169  0.976101  670  10  0.65  0.05  SignalTiming
-0.240277  1.94683  670  10  0.75  0.05  SignalTiming
1.88722e+16  2.07336e+16  670  10  0.85  0.05  SignalTiming
6.5475  15.776  670  10  0.95  0.05  SignalTiming
-1.69271  0.993193  690  10  -0.95  0.05  SignalTiming
0.210547  0.662099  690  10  -0.85  0.05  SignalTiming
-0.420395  0.49199  690  10  -0.75  0.05  SignalTiming
0.0463881  0.405884  690  10  -0.65  0.05  SignalTiming
-0.635716  0.373448  690  10  -0.55  0.05  SignalTiming
-0.129644  0.356855  690  10  -0.45  0.05  SignalTiming
-0.479904  0.335837  690  10  -0.35  0.05  SignalTiming
0.270479  0.335572  690  10  -0.25  0.05  SignalTiming
-0.143537  0.332214  690  10  -0.15  0.05  SignalTiming
-0.138182  0.338368  690  10  -0.05  0.05  SignalTiming
0.389307  0.349735  690  10  0.05  0.05  SignalTiming
-0.326105  0.357638  690  10  0.15  0.05  SignalTiming
-0.524276  0.381149  690  10  0.25  0.05  SignalTiming
0.362407  0.409147  690  10  0.35  0.05  SignalTiming
-0.0454515  0.473225  690  10  0.45  0.05  SignalTiming
0.495777  0.602908  690  10  0.55  0.05  SignalTiming
1.26808  0.900147  690  10  0.65  0.05  SignalTiming
1.70255  2.05565  690  10  0.75  0.05  SignalTiming
1.74119  5.42546  690  10  0.85  0.05  SignalTiming
-9.58114  11.0848  690  10  0.95  0.05  SignalTiming
-0.0735914  0.962139  710  10  -0.95  0.05  SignalTiming
-1.08857  0.65383  710  10  -0.85  0.05  SignalTiming
-0.735265  0.558874  710  10  -0.75  0.05  SignalTiming
-0.112843  0.440496  710  10  -0.65  0.05  SignalTiming
0.507155  0.405361  710  10  -0.55  0.05  SignalTiming
-0.471248  0.39777  710  10  -0.45  0.05  SignalTiming
-0.176873  0.377347  710  10  -0.35  0.05  SignalTiming
0.609146  0.38896  710  10  -0.25  0.05  SignalTiming
0.244914  0.401684  710  10  -0.15  0.05  SignalTiming
0.66325  0.392603  710  10  -0.05  0.05  SignalTiming
0.258512  0.397627  710  10  0.05  0.05  SignalTiming
0.44778  0.408869  710  10  0.15  0.05  SignalTiming
0.527729  0.414534  710  10  0.25  0.05  SignalTiming
0.515164  0.454304  710  10  0.35  0.05  SignalTiming
0.328309  0.506139  710  10  0.45  0.05  SignalTiming
1.50171  0.666136  710  10  0.55  0.05  SignalTiming
-0.8705  0.937519  710  10  0.65  0.05  SignalTiming
1.07861  2.15451  710  10  0.75  0.05  SignalTiming
0.561138  4.6726  710  10  0.85  0.05  SignalTiming
-19.6664  16.4792  710  10  0.95  0.05  SignalTiming
