2  0.00186107   250.00   10  -0.95  0.05
-0.697571  2.57983   250.00   10  -0.85  0.05
-1.99999  0.0428802   250.00   10  -0.75  0.05
1.2602  1.12348   250.00   10  -0.65  0.05
-1.31215  79.3613   250.00   10  -0.55  0.05
0.193713  1.06524   250.00   10  -0.45  0.05
-0.673982  0.885254   250.00   10  -0.35  0.05
0.475601  2.28123   250.00   10  -0.25  0.05
-1.9999  0.0178856   250.00   10  -0.15  0.05
1.99997  0.00493292   250.00   10  -0.05  0.05
1.78284  0.17034   250.00   10  0.05  0.05
-0.96429  1.12329   250.00   10  0.15  0.05
2  5.9375e-05   250.00   10  0.25  0.05
-1.99999  0.0180341   250.00   10  0.35  0.05
-2  0.152724   250.00   10  0.45  0.05
2  0.000141259   250.00   10  0.55  0.05
-0.976354  1.68294   250.00   10  0.65  0.05
-2  0.00474443   250.00   10  0.75  0.05
2  0.000217978   250.00   10  0.85  0.05
-2  2.56203e-05   250.00   10  0.95  0.05
2  0.000286158   270.00   10  -0.95  0.05
0.581461  4.79947   270.00   10  -0.85  0.05
0.917813  0.408525   270.00   10  -0.75  0.05
-0.226971  0.465036   270.00   10  -0.65  0.05
-0.502039  0.257341   270.00   10  -0.55  0.05
0.620129  0.156667   270.00   10  -0.45  0.05
0.645888  0.218711   270.00   10  -0.35  0.05
0.479617  0.252429   270.00   10  -0.25  0.05
-0.371682  0.372116   270.00   10  -0.15  0.05
0.516313  0.293004   270.00   10  -0.05  0.05
0.965161  0.241988   270.00   10  0.05  0.05
0.572514  0.5592   270.00   10  0.15  0.05
0.865542  0.397548   270.00   10  0.25  0.05
0.441594  2.75207   270.00   10  0.35  0.05
-1.73707  8.55447   270.00   10  0.45  0.05
2  0.00110702   270.00   10  0.55  0.05
-2  0.00183101   270.00   10  0.65  0.05
2  2.34581e-05   270.00   10  0.75  0.05
-2  6.7647e-05   270.00   10  0.85  0.05
-2  0.000386382   270.00   10  0.95  0.05
-2  5.53014e-05   290.00   10  -0.95  0.05
0.196564  2.16149   290.00   10  -0.85  0.05
-0.41395  0.47566   290.00   10  -0.75  0.05
0.643666  0.212639   290.00   10  -0.65  0.05
0.555514  0.184152   290.00   10  -0.55  0.05
-0.546518  0.198243   290.00   10  -0.45  0.05
-0.248986  39.4698   290.00   10  -0.35  0.05
0.48672  0.370481   290.00   10  -0.25  0.05
0.112638  0.638883   290.00   10  -0.15  0.05
0.512113  0.186661   290.00   10  -0.05  0.05
0.812301  0.756177   290.00   10  0.05  0.05
0.253217  1.73873   290.00   10  0.15  0.05
1.63  0.109591   290.00   10  0.25  0.05
-1.37204  0.98101   290.00   10  0.35  0.05
0.813348  1.81407   290.00   10  0.45  0.05
-0.976354  1.68294   290.00   10  0.55  0.05
-1.68294  1.47692   290.00   10  0.65  0.05
-0.125051  0.253517   290.00   10  0.75  0.05
-2  2.33322e-06   290.00   10  0.85  0.05
-2  0.0212565   290.00   10  0.95  0.05
-1.26579  2.27239   310.00   10  -0.95  0.05
0.762168  0.180284   310.00   10  -0.85  0.05
0.469012  0.14833   310.00   10  -0.75  0.05
0.633315  0.111157   310.00   10  -0.65  0.05
0.504362  0.095537   310.00   10  -0.55  0.05
0.536696  0.0723797   310.00   10  -0.45  0.05
0.488312  0.0678897   310.00   10  -0.35  0.05
0.575755  0.0695054   310.00   10  -0.25  0.05
0.452036  0.0721325   310.00   10  -0.15  0.05
0.563673  0.0953881   310.00   10  -0.05  0.05
0.713685  1.58584   310.00   10  0.05  0.05
0.582995  0.157977   310.00   10  0.15  0.05
0.404735  0.498475   310.00   10  0.25  0.05
2  0.000583455   310.00   10  0.35  0.05
0.181136  0.087598   310.00   10  0.45  0.05
-0.67397  71.4377   310.00   10  0.55  0.05
-0.668412  0.834313   310.00   10  0.65  0.05
2  0.00276701   310.00   10  0.75  0.05
-2  0.000129985   310.00   10  0.85  0.05
-2  0.000111512   310.00   10  0.95  0.05
-0.976354  1.68294   330.00   10  -0.95  0.05
0.779692  0.140809   330.00   10  -0.85  0.05
0.415904  0.120136   330.00   10  -0.75  0.05
0.614197  0.0784398   330.00   10  -0.65  0.05
0.531638  0.0658211   330.00   10  -0.55  0.05
0.607187  0.0594554   330.00   10  -0.45  0.05
0.514911  0.062546   330.00   10  -0.35  0.05
0.497592  0.0590406   330.00   10  -0.25  0.05
0.612994  0.153947   330.00   10  -0.15  0.05
0.59254  0.0640183   330.00   10  -0.05  0.05
0.573261  1.1243   330.00   10  0.05  0.05
0.551726  0.0845687   330.00   10  0.15  0.05
0.508798  0.607845   330.00   10  0.25  0.05
0.51781  0.107386   330.00   10  0.35  0.05
0.957318  0.194881   330.00   10  0.45  0.05
0.64396  1.28616   330.00   10  0.55  0.05
-0.919657  0.504965   330.00   10  0.65  0.05
-1.54864  0.363313   330.00   10  0.75  0.05
-2  0.00345708   330.00   10  0.85  0.05
0.0239084  0.122152   330.00   10  0.95  0.05
-0.715522  4.60178   350.00   10  -0.95  0.05
0.560282  0.115836   350.00   10  -0.85  0.05
0.532827  0.12319   350.00   10  -0.75  0.05
0.518019  0.0529458   350.00   10  -0.65  0.05
0.55074  0.0478122   350.00   10  -0.55  0.05
0.527002  0.0860321   350.00   10  -0.45  0.05
0.632926  0.0426841   350.00   10  -0.35  0.05
0.704482  0.0637622   350.00   10  -0.25  0.05
0.520524  0.0424359   350.00   10  -0.15  0.05
0.55935  0.101484   350.00   10  -0.05  0.05
0.59472  0.098358   350.00   10  0.05  0.05
0.56021  0.110654   350.00   10  0.15  0.05
0.43097  0.0610561   350.00   10  0.25  0.05
0.984785  0.113897   350.00   10  0.35  0.05
1.02903  0.183882   350.00   10  0.45  0.05
2  0.0168502   350.00   10  0.55  0.05
0.471592  0.243467   350.00   10  0.65  0.05
0.985451  0.551069   350.00   10  0.75  0.05
-1.89682  67.1342   350.00   10  0.85  0.05
-0.808009  0.0904401   350.00   10  0.95  0.05
-2  1.64527e-05   370.00   10  -0.95  0.05
0.375945  0.260983   370.00   10  -0.85  0.05
0.496358  0.0854855   370.00   10  -0.75  0.05
0.456666  0.0424071   370.00   10  -0.65  0.05
0.503745  0.0505779   370.00   10  -0.55  0.05
0.648515  0.0448174   370.00   10  -0.45  0.05
0.595924  0.0408972   370.00   10  -0.35  0.05
0.717854  0.0400434   370.00   10  -0.25  0.05
0.611299  0.0401551   370.00   10  -0.15  0.05
0.585195  0.0310262   370.00   10  -0.05  0.05
0.607419  0.0384148   370.00   10  0.05  0.05
0.652928  0.0391849   370.00   10  0.15  0.05
0.461132  0.138809   370.00   10  0.25  0.05
0.427299  0.080257   370.00   10  0.35  0.05
0.509529  0.0628833   370.00   10  0.45  0.05
0.59705  0.0825287   370.00   10  0.55  0.05
0.538145  0.331926   370.00   10  0.65  0.05
1.10074  0.453713   370.00   10  0.75  0.05
0.74573  1.49498   370.00   10  0.85  0.05
-2  5.1285e-05   370.00   10  0.95  0.05
2  1.59703e-05   390.00   10  -0.95  0.05
0.337479  0.185438   390.00   10  -0.85  0.05
0.533207  0.0808677   390.00   10  -0.75  0.05
0.481246  0.0504737   390.00   10  -0.65  0.05
0.517734  0.0435998   390.00   10  -0.55  0.05
0.59903  0.0613713   390.00   10  -0.45  0.05
0.638366  0.036567   390.00   10  -0.35  0.05
0.589937  0.048156   390.00   10  -0.25  0.05
0.639741  0.0477233   390.00   10  -0.15  0.05
0.646089  0.056904   390.00   10  -0.05  0.05
0.587118  0.0429082   390.00   10  0.05  0.05
0.601786  0.0641512   390.00   10  0.15  0.05
0.596864  0.0524834   390.00   10  0.25  0.05
0.485089  0.0860236   390.00   10  0.35  0.05
0.237131  0.101083   390.00   10  0.45  0.05
0.464203  0.191105   390.00   10  0.55  0.05
-0.461765  1.51889   390.00   10  0.65  0.05
-0.739593  0.319747   390.00   10  0.75  0.05
-0.394725  8.19848   390.00   10  0.85  0.05
2  3.35685e-07   390.00   10  0.95  0.05
-0.415859  0.290275   410.00   10  -0.95  0.05
0.361805  0.0630722   410.00   10  -0.85  0.05
0.560816  0.0489086   410.00   10  -0.75  0.05
0.572385  0.0355208   410.00   10  -0.65  0.05
0.557478  0.0274296   410.00   10  -0.55  0.05
0.616426  0.0286224   410.00   10  -0.45  0.05
0.676914  0.0226778   410.00   10  -0.35  0.05
0.665499  0.0226651   410.00   10  -0.25  0.05
0.641382  0.0269775   410.00   10  -0.15  0.05
0.631526  0.0255758   410.00   10  -0.05  0.05
0.662069  0.0333771   410.00   10  0.05  0.05
0.637063  0.0319126   410.00   10  0.15  0.05
0.566117  0.0421388   410.00   10  0.25  0.05
0.647151  0.0446619   410.00   10  0.35  0.05
0.50065  0.0636765   410.00   10  0.45  0.05
-0.0954461  0.210603   410.00   10  0.55  0.05
-0.389344  0.170147   410.00   10  0.65  0.05
0.379598  0.163881   410.00   10  0.75  0.05
0.123942  549.845   410.00   10  0.85  0.05
-0.976354  1.68294   410.00   10  0.95  0.05
0.617013  0.183313   430.00   10  -0.95  0.05
0.492112  0.0611407   430.00   10  -0.85  0.05
0.488576  0.0454811   430.00   10  -0.75  0.05
0.634551  0.0303775   430.00   10  -0.65  0.05
0.60277  0.0238822   430.00   10  -0.55  0.05
0.607656  0.0218604   430.00   10  -0.45  0.05
0.660274  0.0231761   430.00   10  -0.35  0.05
0.649344  0.0203448   430.00   10  -0.25  0.05
0.613876  0.0202993   430.00   10  -0.15  0.05
0.65804  0.022721   430.00   10  -0.05  0.05
0.590484  0.0266821   430.00   10  0.05  0.05
0.635739  0.0286869   430.00   10  0.15  0.05
0.602872  0.0276252   430.00   10  0.25  0.05
0.556926  0.0323545   430.00   10  0.35  0.05
0.464504  0.0515392   430.00   10  0.45  0.05
0.366123  0.101037   430.00   10  0.55  0.05
0.452908  0.0763766   430.00   10  0.65  0.05
0.214969  0.746394   430.00   10  0.75  0.05
0.484902  0.479157   430.00   10  0.85  0.05
2  5.6808e-07   430.00   10  0.95  0.05
0.164175  98.5265   450.00   10  -0.95  0.05
0.438768  0.0470996   450.00   10  -0.85  0.05
0.493772  0.0338559   450.00   10  -0.75  0.05
0.59105  0.0256291   450.00   10  -0.65  0.05
0.609391  0.0204179   450.00   10  -0.55  0.05
0.624461  0.0190076   450.00   10  -0.45  0.05
0.661422  0.0181924   450.00   10  -0.35  0.05
0.635741  0.02044   450.00   10  -0.25  0.05
0.609522  0.0180758   450.00   10  -0.15  0.05
0.654515  0.0219246   450.00   10  -0.05  0.05
0.62809  0.022498   450.00   10  0.05  0.05
0.602917  0.0218894   450.00   10  0.15  0.05
0.59202  0.0256575   450.00   10  0.25  0.05
0.55749  0.0303086   450.00   10  0.35  0.05
0.464671  0.0458521   450.00   10  0.45  0.05
-0.350681  0.0557807   450.00   10  0.55  0.05
-0.367182  0.0915823   450.00   10  0.65  0.05
0.186291  0.773133   450.00   10  0.75  0.05
-0.296088  3.3435   450.00   10  0.85  0.05
2  9.55038e-10   450.00   10  0.95  0.05
-0.267852  9.53789   470.00   10  -0.95  0.05
0.40238  0.0544826   470.00   10  -0.85  0.05
0.560083  0.0311079   470.00   10  -0.75  0.05
0.595066  0.0208675   470.00   10  -0.65  0.05
0.627992  0.0197073   470.00   10  -0.55  0.05
0.669239  0.0184988   470.00   10  -0.45  0.05
0.649111  0.0165276   470.00   10  -0.35  0.05
0.644081  0.0168121   470.00   10  -0.25  0.05
0.619746  0.0173735   470.00   10  -0.15  0.05
0.63512  0.0172909   470.00   10  -0.05  0.05
0.621225  0.0205949   470.00   10  0.05  0.05
0.591008  0.0184896   470.00   10  0.15  0.05
0.539371  0.0220931   470.00   10  0.25  0.05
0.578038  0.0248874   470.00   10  0.35  0.05
0.495578  0.0330942   470.00   10  0.45  0.05
0.416815  0.0486204   470.00   10  0.55  0.05
0.439899  0.0612185   470.00   10  0.65  0.05
0.220206  0.153833   470.00   10  0.75  0.05
0.634944  2.75243   470.00   10  0.85  0.05
-2  1.02769e-07   470.00   10  0.95  0.05
0.310415  0.396748   490.00   10  -0.95  0.05
0.451772  0.0462559   490.00   10  -0.85  0.05
0.543008  0.0332888   490.00   10  -0.75  0.05
0.613806  0.0254297   490.00   10  -0.65  0.05
0.604762  0.0200434   490.00   10  -0.55  0.05
0.64103  0.0206662   490.00   10  -0.45  0.05
0.625608  0.0175711   490.00   10  -0.35  0.05
0.625616  0.0194726   490.00   10  -0.25  0.05
0.674995  0.0188669   490.00   10  -0.15  0.05
0.649521  0.0190935   490.00   10  -0.05  0.05
0.623276  0.0196325   490.00   10  0.05  0.05
0.610317  0.0201434   490.00   10  0.15  0.05
0.622362  0.021904   490.00   10  0.25  0.05
0.51487  0.0244135   490.00   10  0.35  0.05
0.502251  0.0304492   490.00   10  0.45  0.05
0.554659  0.0581038   490.00   10  0.55  0.05
0.346701  0.0566053   490.00   10  0.65  0.05
0.284956  0.097949   490.00   10  0.75  0.05
1.15243  0.632907   490.00   10  0.85  0.05
2  0.000504589   490.00   10  0.95  0.05
0.315712  0.240769   510.00   10  -0.95  0.05
0.461377  0.0384413   510.00   10  -0.85  0.05
0.516119  0.0254443   510.00   10  -0.75  0.05
0.651543  0.0196463   510.00   10  -0.65  0.05
0.635354  0.0167933   510.00   10  -0.55  0.05
0.623075  0.015046   510.00   10  -0.45  0.05
0.652706  0.0146069   510.00   10  -0.35  0.05
0.666436  0.0160844   510.00   10  -0.25  0.05
0.661933  0.0154471   510.00   10  -0.15  0.05
0.627747  0.0162211   510.00   10  -0.05  0.05
0.622274  0.0168765   510.00   10  0.05  0.05
0.600316  0.0177898   510.00   10  0.15  0.05
0.577278  0.0180039   510.00   10  0.25  0.05
0.578717  0.0210469   510.00   10  0.35  0.05
0.537104  0.0261832   510.00   10  0.45  0.05
0.467352  0.0345771   510.00   10  0.55  0.05
0.377815  0.0490357   510.00   10  0.65  0.05
0.423316  0.0853048   510.00   10  0.75  0.05
-0.615983  1.90711   510.00   10  0.85  0.05
1.21483  1.02891   510.00   10  0.95  0.05
-0.518174  0.171408   530.00   10  -0.95  0.05
0.4242  0.0567257   530.00   10  -0.85  0.05
0.54827  0.0283243   530.00   10  -0.75  0.05
0.619484  0.0210282   530.00   10  -0.65  0.05
0.65944  0.0174312   530.00   10  -0.55  0.05
0.638071  0.0175528   530.00   10  -0.45  0.05
0.639362  0.0172322   530.00   10  -0.35  0.05
0.643779  0.0174463   530.00   10  -0.25  0.05
0.637823  0.016831   530.00   10  -0.15  0.05
0.667316  0.0171692   530.00   10  -0.05  0.05
0.647674  0.0168182   530.00   10  0.05  0.05
0.666457  0.0182517   530.00   10  0.15  0.05
0.606539  0.0183324   530.00   10  0.25  0.05
0.567816  0.0224235   530.00   10  0.35  0.05
0.483202  0.0254412   530.00   10  0.45  0.05
0.395065  0.0358366   530.00   10  0.55  0.05
0.359995  0.0558949   530.00   10  0.65  0.05
0.287956  0.123777   530.00   10  0.75  0.05
-0.520578  5.04783   530.00   10  0.85  0.05
-2  3.21296e-07   530.00   10  0.95  0.05
0.178479  0.116315   550.00   10  -0.95  0.05
0.377642  0.046502   550.00   10  -0.85  0.05
0.35453  0.0315897   550.00   10  -0.75  0.05
0.636918  0.0248362   550.00   10  -0.65  0.05
0.622443  0.0173635   550.00   10  -0.55  0.05
0.631407  0.0206395   550.00   10  -0.45  0.05
0.658892  0.0182626   550.00   10  -0.35  0.05
0.660492  0.0191496   550.00   10  -0.25  0.05
0.665227  0.0171905   550.00   10  -0.15  0.05
0.653737  0.0162601   550.00   10  -0.05  0.05
0.633849  0.0194633   550.00   10  0.05  0.05
0.664037  0.0197632   550.00   10  0.15  0.05
0.595739  0.0226228   550.00   10  0.25  0.05
0.586808  0.0244494   550.00   10  0.35  0.05
0.548255  0.0289996   550.00   10  0.45  0.05
0.492679  0.039663   550.00   10  0.55  0.05
0.428958  0.0507222   550.00   10  0.65  0.05
0.340172  0.105799   550.00   10  0.75  0.05
0.484545  8.47526   550.00   10  0.85  0.05
-2  2.37749e-06   550.00   10  0.95  0.05
0.318666  0.114479   570.00   10  -0.95  0.05
0.413368  0.037792   570.00   10  -0.85  0.05
0.568878  0.0237864   570.00   10  -0.75  0.05
0.629612  0.0181996   570.00   10  -0.65  0.05
0.610882  0.0154525   570.00   10  -0.55  0.05
0.656683  0.0155876   570.00   10  -0.45  0.05
0.654082  0.0153056   570.00   10  -0.35  0.05
0.66329  0.0148253   570.00   10  -0.25  0.05
0.672474  0.0146454   570.00   10  -0.15  0.05
0.684224  0.0146154   570.00   10  -0.05  0.05
0.641153  0.0147063   570.00   10  0.05  0.05
0.649551  0.0142086   570.00   10  0.15  0.05
0.613189  0.0176416   570.00   10  0.25  0.05
0.601705  0.0202834   570.00   10  0.35  0.05
0.552312  0.0217641   570.00   10  0.45  0.05
0.52427  0.0288006   570.00   10  0.55  0.05
0.36117  0.0411003   570.00   10  0.65  0.05
0.230627  0.092003   570.00   10  0.75  0.05
0.715395  2.29846   570.00   10  0.85  0.05
-1.22457  8.68864   570.00   10  0.95  0.05
0.378101  0.0875548   590.00   10  -0.95  0.05
0.440472  0.0288828   590.00   10  -0.85  0.05
0.575916  0.0201123   590.00   10  -0.75  0.05
0.620701  0.0157634   590.00   10  -0.65  0.05
0.635283  0.0136553   590.00   10  -0.55  0.05
0.683054  0.0135225   590.00   10  -0.45  0.05
0.702097  0.0130718   590.00   10  -0.35  0.05
0.673475  0.0126964   590.00   10  -0.25  0.05
0.732573  0.0122692   590.00   10  -0.15  0.05
0.670629  0.0119431   590.00   10  -0.05  0.05
0.641471  0.0130447   590.00   10  0.05  0.05
0.610429  0.0137569   590.00   10  0.15  0.05
0.62825  0.0144734   590.00   10  0.25  0.05
0.584904  0.0169031   590.00   10  0.35  0.05
0.551973  0.020394   590.00   10  0.45  0.05
0.559642  0.0244177   590.00   10  0.55  0.05
0.384915  0.035083   590.00   10  0.65  0.05
0.303341  0.13108   590.00   10  0.75  0.05
-1.76794  6919.22   590.00   10  0.85  0.05
-1.78868  99021.7   590.00   10  0.95  0.05
0.173153  0.0614726   610.00   10  -0.95  0.05
0.386638  0.0300083   610.00   10  -0.85  0.05
0.543242  0.0231048   610.00   10  -0.75  0.05
0.614519  0.0177499   610.00   10  -0.65  0.05
0.681717  0.0151231   610.00   10  -0.55  0.05
0.727804  0.0141866   610.00   10  -0.45  0.05
0.701055  0.0131665   610.00   10  -0.35  0.05
0.672689  0.0119663   610.00   10  -0.25  0.05
0.712579  0.01298   610.00   10  -0.15  0.05
0.721023  0.0137264   610.00   10  -0.05  0.05
0.699222  0.0139691   610.00   10  0.05  0.05
0.68618  0.0149468   610.00   10  0.15  0.05
0.673218  0.0162818   610.00   10  0.25  0.05
0.630851  0.0181407   610.00   10  0.35  0.05
0.600844  0.0230493   610.00   10  0.45  0.05
0.546915  0.0281438   610.00   10  0.55  0.05
0.5312  0.0448947   610.00   10  0.65  0.05
0.298775  0.101163   610.00   10  0.75  0.05
-1.80503  41585   610.00   10  0.85  0.05
-1.8062  34.6195   610.00   10  0.95  0.05
0.550358  0.139906   630.00   10  -0.95  0.05
0.342834  0.058635   630.00   10  -0.85  0.05
0.582528  0.0436694   630.00   10  -0.75  0.05
0.672137  0.0331459   630.00   10  -0.65  0.05
0.665181  0.0315571   630.00   10  -0.55  0.05
0.641404  0.0287576   630.00   10  -0.45  0.05
0.789313  0.0276817   630.00   10  -0.35  0.05
0.744626  0.0259001   630.00   10  -0.25  0.05
0.734845  0.0260856   630.00   10  -0.15  0.05
0.784594  0.02707   630.00   10  -0.05  0.05
0.796585  0.0271066   630.00   10  0.05  0.05
0.667782  0.0283641   630.00   10  0.15  0.05
0.669325  0.0309556   630.00   10  0.25  0.05
0.680597  0.0350589   630.00   10  0.35  0.05
0.627349  0.0438794   630.00   10  0.45  0.05
0.654833  0.0551601   630.00   10  0.55  0.05
0.632272  0.0780573   630.00   10  0.65  0.05
0.538799  0.19889   630.00   10  0.75  0.05
-1.34798  1.90954   630.00   10  0.85  0.05
-1.85938  1.51378   630.00   10  0.95  0.05
-0.805953  0.625447   650.00   10  -0.95  0.05
0.526378  0.161701   650.00   10  -0.85  0.05
0.63925  0.114734   650.00   10  -0.75  0.05
0.611536  0.0875158   650.00   10  -0.65  0.05
0.772925  0.0834449   650.00   10  -0.55  0.05
0.609143  0.0779538   650.00   10  -0.45  0.05
0.78391  0.0707282   650.00   10  -0.35  0.05
0.746705  0.0704308   650.00   10  -0.25  0.05
0.781748  0.0716861   650.00   10  -0.15  0.05
0.667326  0.0753256   650.00   10  -0.05  0.05
0.569006  0.0756731   650.00   10  0.05  0.05
0.643809  0.0747412   650.00   10  0.15  0.05
0.567515  0.0767097   650.00   10  0.25  0.05
0.602242  0.0990562   650.00   10  0.35  0.05
0.655996  0.107592   650.00   10  0.45  0.05
0.519947  0.169653   650.00   10  0.55  0.05
0.588151  0.202727   650.00   10  0.65  0.05
1.35625  0.397463   650.00   10  0.75  0.05
2  2.14656e-06   650.00   10  0.85  0.05
-0.122026  0.0625568   650.00   10  0.95  0.05
-1.92508  0.0115656   670.00   10  -0.95  0.05
-0.269951  1.20855   670.00   10  -0.85  0.05
-1.55271  0.128873   670.00   10  -0.75  0.05
1.57641  0.689535   670.00   10  -0.65  0.05
0.66666  0.540003   670.00   10  -0.55  0.05
-0.937989  0.261316   670.00   10  -0.45  0.05
0.997308  0.330755   670.00   10  -0.35  0.05
1.11346  0.446106   670.00   10  -0.25  0.05
0.746931  0.368542   670.00   10  -0.15  0.05
0.895092  0.715938   670.00   10  -0.05  0.05
0.55796  0.503327   670.00   10  0.05  0.05
-1.42775  0.278859   670.00   10  0.15  0.05
-0.805145  0.359353   670.00   10  0.25  0.05
1.6285  41.2941   670.00   10  0.35  0.05
-1.15857  1.84215   670.00   10  0.45  0.05
-1.884  0.203111   670.00   10  0.55  0.05
0.730009  3.42598   670.00   10  0.65  0.05
2  0.0486266   670.00   10  0.75  0.05
-1.94215  0.848422   670.00   10  0.85  0.05
-1.64064  0.231597   670.00   10  0.95  0.05
-2  0.671169   690.00   10  -0.95  0.05
-0.785725  0.917286   690.00   10  -0.85  0.05
0.668734  8.33192   690.00   10  -0.75  0.05
0.584591  1.63662   690.00   10  -0.65  0.05
0.498951  0.10614   690.00   10  -0.55  0.05
0.553542  0.63977   690.00   10  -0.45  0.05
-0.804175  7.8673   690.00   10  -0.35  0.05
1.24666  0.256468   690.00   10  -0.25  0.05
0.834745  0.245072   690.00   10  -0.15  0.05
1.48905  0.284687   690.00   10  -0.05  0.05
1.04654  0.375977   690.00   10  0.05  0.05
0.676668  0.282065   690.00   10  0.15  0.05
0.482602  0.242927   690.00   10  0.25  0.05
0.911178  0.526544   690.00   10  0.35  0.05
1.15743  0.460824   690.00   10  0.45  0.05
1.05042  0.69585   690.00   10  0.55  0.05
-0.497813  14.8773   690.00   10  0.65  0.05
2  0.000157857   690.00   10  0.75  0.05
-0.747469  0.197649   690.00   10  0.85  0.05
-0.976354  1.68294   690.00   10  0.95  0.05
1.99985  0.19554   710.00   10  -0.95  0.05
1.30715  0.384672   710.00   10  -0.85  0.05
1.08076  1.29886   710.00   10  -0.75  0.05
-0.913179  0.648754   710.00   10  -0.65  0.05
1.22832  0.497514   710.00   10  -0.55  0.05
0.655128  1.42611   710.00   10  -0.45  0.05
0.90297  0.393943   710.00   10  -0.35  0.05
0.380432  0.853428   710.00   10  -0.25  0.05
-0.743033  0.123646   710.00   10  -0.15  0.05
0.628257  0.364463   710.00   10  -0.05  0.05
1.04065  0.477894   710.00   10  0.05  0.05
1.04159  0.733336   710.00   10  0.15  0.05
1.2419  0.312692   710.00   10  0.25  0.05
0.606214  1.10064   710.00   10  0.35  0.05
0.981667  1.20077   710.00   10  0.45  0.05
1.89488  0.463687   710.00   10  0.55  0.05
-0.968814  3.41617   710.00   10  0.65  0.05
2  0.000400078   710.00   10  0.75  0.05
2  5.41523e-06   710.00   10  0.85  0.05
0.822381  0.31982   710.00   10  0.95  0.05
