1  0.000838342   250.00   10  -0.95  0.05
1  0.0007659   250.00   10  -0.85  0.05
-1  1.81208e-06   250.00   10  -0.75  0.05
-0.47325  2.15842   250.00   10  -0.65  0.05
0.999996  0.00598126   250.00   10  -0.55  0.05
0.999635  0.0500393   250.00   10  -0.45  0.05
0.641168  2.0973   250.00   10  -0.35  0.05
-1  0.000434972   250.00   10  -0.25  0.05
-0.999998  0.000888622   250.00   10  -0.15  0.05
0.851416  1.63455   250.00   10  -0.05  0.05
0.999999  0.0137124   250.00   10  0.05  0.05
-0.99986  0.036433   250.00   10  0.15  0.05
1  0.000248598   250.00   10  0.25  0.05
0.999957  0.191606   250.00   10  0.35  0.05
-1  0.00193732   250.00   10  0.45  0.05
0.999998  0.00683246   250.00   10  0.55  0.05
1  4.1225e-05   250.00   10  0.65  0.05
-0.488177  0.841471   250.00   10  0.75  0.05
1  0.00112474   250.00   10  0.85  0.05
-1  2.2846e-05   250.00   10  0.95  0.05
-1  5.15931e-05   270.00   10  -0.95  0.05
-1  9.96957e-06   270.00   10  -0.85  0.05
0.661127  0.847815   270.00   10  -0.75  0.05
-0.271635  0.363282   270.00   10  -0.65  0.05
0.220742  0.0362485   270.00   10  -0.55  0.05
0.697092  0.205861   270.00   10  -0.45  0.05
0.525125  0.377925   270.00   10  -0.35  0.05
0.266669  0.286704   270.00   10  -0.25  0.05
0.212809  0.327462   270.00   10  -0.15  0.05
0.0639959  125.62   270.00   10  -0.05  0.05
0.740243  0.101949   270.00   10  0.05  0.05
0.470454  2.0727   270.00   10  0.15  0.05
-0.826687  0.904622   270.00   10  0.25  0.05
1  3.22551e-07   270.00   10  0.35  0.05
-0.999975  0.0395636   270.00   10  0.45  0.05
0.353626  0.227389   270.00   10  0.55  0.05
1  0.00170917   270.00   10  0.65  0.05
-1  8.47133e-05   270.00   10  0.75  0.05
1  7.98352e-06   270.00   10  0.85  0.05
-1  0.00421752   270.00   10  0.95  0.05
-1  2.31613e-05   290.00   10  -0.95  0.05
-0.303779  0.383465   290.00   10  -0.85  0.05
-0.201051  0.411319   290.00   10  -0.75  0.05
0.582816  0.349846   290.00   10  -0.65  0.05
-0.324116  0.231854   290.00   10  -0.55  0.05
0.801099  0.0433361   290.00   10  -0.45  0.05
0.47593  0.214793   290.00   10  -0.35  0.05
0.399437  4.88054   290.00   10  -0.25  0.05
-0.346033  0.230632   290.00   10  -0.15  0.05
0.32724  0.239201   290.00   10  -0.05  0.05
0.892715  0.203899   290.00   10  0.05  0.05
0.531386  0.400061   290.00   10  0.15  0.05
0.876944  0.393511   290.00   10  0.25  0.05
1  2.42745e-05   290.00   10  0.35  0.05
-1  0.009945   290.00   10  0.45  0.05
-0.488177  0.841471   290.00   10  0.55  0.05
0.229374  0.244074   290.00   10  0.65  0.05
-1  0.00634379   290.00   10  0.75  0.05
-0.999998  0.00195266   290.00   10  0.85  0.05
-1  0.00326367   290.00   10  0.95  0.05
-1  6.16534e-05   310.00   10  -0.95  0.05
0.478096  0.212081   310.00   10  -0.85  0.05
0.520958  0.122204   310.00   10  -0.75  0.05
0.634975  0.112123   310.00   10  -0.65  0.05
0.507689  0.0949553   310.00   10  -0.55  0.05
0.652475  0.0840957   310.00   10  -0.45  0.05
-0.492751  0.0901247   310.00   10  -0.35  0.05
0.650456  0.088023   310.00   10  -0.25  0.05
0.492206  0.0863563   310.00   10  -0.15  0.05
0.62981  0.089273   310.00   10  -0.05  0.05
0.606073  0.101933   310.00   10  0.05  0.05
0.714465  0.182764   310.00   10  0.15  0.05
0.500825  0.128493   310.00   10  0.25  0.05
0.473813  0.811702   310.00   10  0.35  0.05
1  0.00187641   310.00   10  0.45  0.05
0.999999  0.000387742   310.00   10  0.55  0.05
-1  0.000726269   310.00   10  0.65  0.05
1  9.24208e-05   310.00   10  0.75  0.05
-0.999997  0.0128569   310.00   10  0.85  0.05
0.652628  0.117802   310.00   10  0.95  0.05
0.956997  18.6905   330.00   10  -0.95  0.05
0.692666  0.13859   330.00   10  -0.85  0.05
0.33501  0.120216   330.00   10  -0.75  0.05
0.430149  0.112902   330.00   10  -0.65  0.05
0.536184  0.139538   330.00   10  -0.55  0.05
0.56657  0.118785   330.00   10  -0.45  0.05
0.52603  0.0771538   330.00   10  -0.35  0.05
0.510322  0.070191   330.00   10  -0.25  0.05
0.494528  0.0729291   330.00   10  -0.15  0.05
0.67341  0.118798   330.00   10  -0.05  0.05
0.437844  0.0943695   330.00   10  0.05  0.05
0.350256  0.0875393   330.00   10  0.15  0.05
0.510376  0.124782   330.00   10  0.25  0.05
0.410065  0.167931   330.00   10  0.35  0.05
-0.488177  0.841471   330.00   10  0.45  0.05
0.960984  0.0619776   330.00   10  0.55  0.05
-0.520674  5.25694   330.00   10  0.65  0.05
-0.318968  0.592073   330.00   10  0.75  0.05
-1  0.000124173   330.00   10  0.85  0.05
-1  2.12604e-06   330.00   10  0.95  0.05
0.0985648  0.726016   350.00   10  -0.95  0.05
0.62868  0.172375   350.00   10  -0.85  0.05
0.419523  0.165371   350.00   10  -0.75  0.05
0.460079  0.118342   350.00   10  -0.65  0.05
0.646993  0.0519851   350.00   10  -0.55  0.05
0.497445  0.0532986   350.00   10  -0.45  0.05
0.62629  0.0667055   350.00   10  -0.35  0.05
0.684456  0.0496501   350.00   10  -0.25  0.05
0.526878  0.104563   350.00   10  -0.15  0.05
0.474489  0.133777   350.00   10  -0.05  0.05
0.605373  0.0648396   350.00   10  0.05  0.05
0.624503  0.0818855   350.00   10  0.15  0.05
0.451044  0.0948713   350.00   10  0.25  0.05
1  2.59372e-05   350.00   10  0.35  0.05
0.545457  0.10744   350.00   10  0.45  0.05
0.317091  0.129174   350.00   10  0.55  0.05
1  1.4401e-06   350.00   10  0.65  0.05
-0.473495  495.829   350.00   10  0.75  0.05
-1  0.00432246   350.00   10  0.85  0.05
1  0.00139567   350.00   10  0.95  0.05
-0.999999  0.177488   370.00   10  -0.95  0.05
0.420819  0.146633   370.00   10  -0.85  0.05
0.457859  0.0576008   370.00   10  -0.75  0.05
0.451107  0.0661982   370.00   10  -0.65  0.05
0.552499  0.0412846   370.00   10  -0.55  0.05
0.540142  0.038668   370.00   10  -0.45  0.05
0.606408  0.0480338   370.00   10  -0.35  0.05
0.653903  0.0419674   370.00   10  -0.25  0.05
0.654091  0.0450252   370.00   10  -0.15  0.05
0.570954  0.0531027   370.00   10  -0.05  0.05
0.661105  0.0415544   370.00   10  0.05  0.05
0.60884  0.0451216   370.00   10  0.15  0.05
0.49349  0.079088   370.00   10  0.25  0.05
0.480032  0.0632581   370.00   10  0.35  0.05
0.525695  0.0711646   370.00   10  0.45  0.05
-0.611392  0.0967829   370.00   10  0.55  0.05
0.386274  1.3575   370.00   10  0.65  0.05
0.674485  0.331921   370.00   10  0.75  0.05
-0.0443592  0.0648311   370.00   10  0.85  0.05
1  1.74445e-08   370.00   10  0.95  0.05
0.999999  0.0101539   390.00   10  -0.95  0.05
0.303586  0.442178   390.00   10  -0.85  0.05
0.50284  0.08531   390.00   10  -0.75  0.05
0.422473  0.0901337   390.00   10  -0.65  0.05
0.620423  0.0586706   390.00   10  -0.55  0.05
0.610116  0.0459019   390.00   10  -0.45  0.05
0.57628  0.0428631   390.00   10  -0.35  0.05
0.646859  0.0496677   390.00   10  -0.25  0.05
0.560269  0.0442871   390.00   10  -0.15  0.05
0.663404  0.0426118   390.00   10  -0.05  0.05
0.628029  0.0608631   390.00   10  0.05  0.05
0.472814  0.0748677   390.00   10  0.15  0.05
0.573998  0.0580575   390.00   10  0.25  0.05
0.703501  0.0582536   390.00   10  0.35  0.05
-0.670323  0.0863117   390.00   10  0.45  0.05
0.532056  0.134363   390.00   10  0.55  0.05
-0.524297  0.410773   390.00   10  0.65  0.05
0.586125  0.28457   390.00   10  0.75  0.05
-0.68684  35.0766   390.00   10  0.85  0.05
1  1.83861e-11   390.00   10  0.95  0.05
-0.582416  0.714548   410.00   10  -0.95  0.05
0.431019  0.0843874   410.00   10  -0.85  0.05
0.617921  0.043803   410.00   10  -0.75  0.05
0.540709  0.0452552   410.00   10  -0.65  0.05
0.598962  0.0310822   410.00   10  -0.55  0.05
0.565242  0.031   410.00   10  -0.45  0.05
0.637331  0.0297465   410.00   10  -0.35  0.05
0.622755  0.0303833   410.00   10  -0.25  0.05
0.65269  0.0262322   410.00   10  -0.15  0.05
0.588025  0.0277871   410.00   10  -0.05  0.05
0.670823  0.0328661   410.00   10  0.05  0.05
0.618631  0.0409772   410.00   10  0.15  0.05
0.597544  0.0402784   410.00   10  0.25  0.05
0.571564  0.0562932   410.00   10  0.35  0.05
0.534908  0.089313   410.00   10  0.45  0.05
0.303458  0.234911   410.00   10  0.55  0.05
-0.488177  0.841471   410.00   10  0.65  0.05
0.186497  0.19277   410.00   10  0.75  0.05
0.304832  15.7577   410.00   10  0.85  0.05
1  0.000149499   410.00   10  0.95  0.05
0.450904  0.145493   430.00   10  -0.95  0.05
0.503946  0.0620089   430.00   10  -0.85  0.05
0.485252  0.0473088   430.00   10  -0.75  0.05
0.593547  0.0381626   430.00   10  -0.65  0.05
0.611159  0.0289852   430.00   10  -0.55  0.05
0.616324  0.023899   430.00   10  -0.45  0.05
0.650012  0.0249386   430.00   10  -0.35  0.05
0.644286  0.0245252   430.00   10  -0.25  0.05
0.60802  0.0280554   430.00   10  -0.15  0.05
0.669843  0.0251601   430.00   10  -0.05  0.05
0.582074  0.0273559   430.00   10  0.05  0.05
0.606519  0.0291162   430.00   10  0.15  0.05
0.676997  0.0289218   430.00   10  0.25  0.05
0.545735  0.033656   430.00   10  0.35  0.05
0.523596  0.0427613   430.00   10  0.45  0.05
0.330375  0.103085   430.00   10  0.55  0.05
0.478643  0.0695741   430.00   10  0.65  0.05
0.301824  0.386913   430.00   10  0.75  0.05
0.787426  0.0867021   430.00   10  0.85  0.05
1  1.60674e-07   430.00   10  0.95  0.05
-0.198484  0.288653   450.00   10  -0.95  0.05
0.441756  0.0548404   450.00   10  -0.85  0.05
0.545985  0.0375233   450.00   10  -0.75  0.05
0.552009  0.027179   450.00   10  -0.65  0.05
0.584473  0.0250025   450.00   10  -0.55  0.05
0.600328  0.0246705   450.00   10  -0.45  0.05
0.609378  0.0218165   450.00   10  -0.35  0.05
0.639475  0.0211492   450.00   10  -0.25  0.05
0.646954  0.0205376   450.00   10  -0.15  0.05
0.604151  0.0258448   450.00   10  -0.05  0.05
0.552886  0.0286091   450.00   10  0.05  0.05
0.632924  0.0258933   450.00   10  0.15  0.05
0.574315  0.0302251   450.00   10  0.25  0.05
0.595253  0.0334925   450.00   10  0.35  0.05
0.482353  0.0486621   450.00   10  0.45  0.05
0.390874  0.0525367   450.00   10  0.55  0.05
-0.294255  59.1864   450.00   10  0.65  0.05
0.130836  0.259091   450.00   10  0.75  0.05
-0.658139  0.211914   450.00   10  0.85  0.05
1  3.42844e-08   450.00   10  0.95  0.05
0.167512  18.5498   470.00   10  -0.95  0.05
0.382787  0.0417148   470.00   10  -0.85  0.05
0.567631  0.0316044   470.00   10  -0.75  0.05
0.590713  0.0267483   470.00   10  -0.65  0.05
0.638412  0.0222176   470.00   10  -0.55  0.05
0.645059  0.0199894   470.00   10  -0.45  0.05
0.6555  0.0204996   470.00   10  -0.35  0.05
0.634836  0.0206038   470.00   10  -0.25  0.05
0.658276  0.0219774   470.00   10  -0.15  0.05
0.580547  0.023182   470.00   10  -0.05  0.05
0.635721  0.0221378   470.00   10  0.05  0.05
0.561987  0.0228465   470.00   10  0.15  0.05
0.591055  0.0271378   470.00   10  0.25  0.05
0.491024  0.0299922   470.00   10  0.35  0.05
0.478565  0.0317967   470.00   10  0.45  0.05
-0.400603  0.0760532   470.00   10  0.55  0.05
0.364244  0.0611515   470.00   10  0.65  0.05
0.323597  0.130308   470.00   10  0.75  0.05
0.613909  0.290096   470.00   10  0.85  0.05
-1  2.49121e-07   470.00   10  0.95  0.05
0.213872  0.179026   490.00   10  -0.95  0.05
0.38422  0.0454124   490.00   10  -0.85  0.05
0.567181  0.033386   490.00   10  -0.75  0.05
0.638868  0.0277543   490.00   10  -0.65  0.05
0.607429  0.0243306   490.00   10  -0.55  0.05
0.597028  0.0243337   490.00   10  -0.45  0.05
0.6567  0.0211322   490.00   10  -0.35  0.05
0.617634  0.0229918   490.00   10  -0.25  0.05
0.617424  0.0231733   490.00   10  -0.15  0.05
0.649325  0.0244827   490.00   10  -0.05  0.05
0.592269  0.0238887   490.00   10  0.05  0.05
0.625857  0.0262173   490.00   10  0.15  0.05
0.5686  0.0286289   490.00   10  0.25  0.05
0.530326  0.0309495   490.00   10  0.35  0.05
0.476685  0.0438139   490.00   10  0.45  0.05
0.666636  0.0608826   490.00   10  0.55  0.05
0.331956  0.0608999   490.00   10  0.65  0.05
0.273349  0.0993913   490.00   10  0.75  0.05
0.0813799  0.408856   490.00   10  0.85  0.05
1  5.32016e-06   490.00   10  0.95  0.05
0.514881  0.17683   510.00   10  -0.95  0.05
0.409507  0.0358666   510.00   10  -0.85  0.05
0.557159  0.0291709   510.00   10  -0.75  0.05
0.665801  0.0230151   510.00   10  -0.65  0.05
0.622189  0.0207279   510.00   10  -0.55  0.05
0.617959  0.0186965   510.00   10  -0.45  0.05
0.643477  0.0190592   510.00   10  -0.35  0.05
0.638811  0.0201416   510.00   10  -0.25  0.05
0.655031  0.0195336   510.00   10  -0.15  0.05
0.610604  0.0203795   510.00   10  -0.05  0.05
0.606832  0.0191374   510.00   10  0.05  0.05
0.593302  0.0225355   510.00   10  0.15  0.05
0.610697  0.0241573   510.00   10  0.25  0.05
0.531699  0.0268556   510.00   10  0.35  0.05
0.559812  0.0315356   510.00   10  0.45  0.05
0.404599  0.0404805   510.00   10  0.55  0.05
0.424735  0.0509379   510.00   10  0.65  0.05
0.293606  0.0966361   510.00   10  0.75  0.05
0.721627  0.2054   510.00   10  0.85  0.05
1  3.19855e-06   510.00   10  0.95  0.05
-0.488177  0.841471   530.00   10  -0.95  0.05
0.412035  0.0399287   530.00   10  -0.85  0.05
0.5008  0.0305609   530.00   10  -0.75  0.05
0.597463  0.0231077   530.00   10  -0.65  0.05
0.619723  0.0215287   530.00   10  -0.55  0.05
0.631087  0.0217046   530.00   10  -0.45  0.05
0.647496  0.0219394   530.00   10  -0.35  0.05
0.635115  0.0210784   530.00   10  -0.25  0.05
0.636179  0.0209006   530.00   10  -0.15  0.05
0.619232  0.0207697   530.00   10  -0.05  0.05
0.644377  0.021665   530.00   10  0.05  0.05
0.607881  0.0233446   530.00   10  0.15  0.05
0.600314  0.0248227   530.00   10  0.25  0.05
0.588135  0.0261109   530.00   10  0.35  0.05
0.462896  0.0353087   530.00   10  0.45  0.05
0.446939  0.0407059   530.00   10  0.55  0.05
0.383092  0.0524525   530.00   10  0.65  0.05
0.27628  0.835484   530.00   10  0.75  0.05
-1  0.000738916   530.00   10  0.85  0.05
-1  1.56617e-08   530.00   10  0.95  0.05
0.349107  0.299264   550.00   10  -0.95  0.05
0.422756  0.0448079   550.00   10  -0.85  0.05
0.533578  0.0329459   550.00   10  -0.75  0.05
0.60307  0.0281249   550.00   10  -0.65  0.05
0.623306  0.024301   550.00   10  -0.55  0.05
0.609158  0.024105   550.00   10  -0.45  0.05
0.655415  0.0231293   550.00   10  -0.35  0.05
0.676726  0.0222103   550.00   10  -0.25  0.05
0.680614  0.0223708   550.00   10  -0.15  0.05
0.657027  0.0230049   550.00   10  -0.05  0.05
0.658577  0.0227715   550.00   10  0.05  0.05
0.617586  0.0253344   550.00   10  0.15  0.05
0.617566  0.0276084   550.00   10  0.25  0.05
0.57439  0.0321525   550.00   10  0.35  0.05
0.558665  0.0385962   550.00   10  0.45  0.05
0.514475  0.0480408   550.00   10  0.55  0.05
0.368463  0.0609269   550.00   10  0.65  0.05
0.302511  0.106464   550.00   10  0.75  0.05
0.631115  7.4963   550.00   10  0.85  0.05
-0.405742  16.3875   550.00   10  0.95  0.05
0.328772  0.0938684   570.00   10  -0.95  0.05
0.42174  0.0396601   570.00   10  -0.85  0.05
0.552036  0.0247773   570.00   10  -0.75  0.05
0.586932  0.022315   570.00   10  -0.65  0.05
0.628096  0.019661   570.00   10  -0.55  0.05
0.622172  0.0194841   570.00   10  -0.45  0.05
0.651576  0.0162021   570.00   10  -0.35  0.05
0.685785  0.0178526   570.00   10  -0.25  0.05
0.6307  0.0163585   570.00   10  -0.15  0.05
0.693095  0.0158061   570.00   10  -0.05  0.05
0.622765  0.0169184   570.00   10  0.05  0.05
0.62868  0.0190942   570.00   10  0.15  0.05
0.563931  0.021431   570.00   10  0.25  0.05
0.556344  0.0242069   570.00   10  0.35  0.05
0.576033  0.0273792   570.00   10  0.45  0.05
0.522686  0.0292562   570.00   10  0.55  0.05
0.360025  0.0574283   570.00   10  0.65  0.05
-0.147153  0.0888933   570.00   10  0.75  0.05
-0.468579  0.535923   570.00   10  0.85  0.05
-1  0.000824903   570.00   10  0.95  0.05
0.388054  0.0738315   590.00   10  -0.95  0.05
0.428554  0.0284111   590.00   10  -0.85  0.05
0.576571  0.0209264   590.00   10  -0.75  0.05
0.589881  0.0168771   590.00   10  -0.65  0.05
0.459051  0.0171552   590.00   10  -0.55  0.05
0.670629  0.0164211   590.00   10  -0.45  0.05
0.685528  0.0153259   590.00   10  -0.35  0.05
0.682767  0.0149592   590.00   10  -0.25  0.05
0.704771  0.0150326   590.00   10  -0.15  0.05
0.651294  0.0152452   590.00   10  -0.05  0.05
0.649038  0.0162678   590.00   10  0.05  0.05
0.613761  0.0170833   590.00   10  0.15  0.05
0.616793  0.0188679   590.00   10  0.25  0.05
0.572319  0.0217222   590.00   10  0.35  0.05
0.524483  0.0259455   590.00   10  0.45  0.05
0.495877  0.0346914   590.00   10  0.55  0.05
0.33376  0.0436676   590.00   10  0.65  0.05
0.377996  0.0878489   590.00   10  0.75  0.05
-0.488177  0.841471   590.00   10  0.85  0.05
1  1.85927e-06   590.00   10  0.95  0.05
-0.0407886  0.0783332   610.00   10  -0.95  0.05
0.444903  0.0298716   610.00   10  -0.85  0.05
0.579466  0.0227729   610.00   10  -0.75  0.05
0.615122  0.0204668   610.00   10  -0.65  0.05
0.648554  0.0186879   610.00   10  -0.55  0.05
0.708219  0.0166466   610.00   10  -0.45  0.05
0.67828  0.0171432   610.00   10  -0.35  0.05
0.661839  0.0169625   610.00   10  -0.25  0.05
0.700046  0.0166855   610.00   10  -0.15  0.05
0.673101  0.0174321   610.00   10  -0.05  0.05
0.703083  0.0166505   610.00   10  0.05  0.05
0.632216  0.0181518   610.00   10  0.15  0.05
0.643882  0.0180755   610.00   10  0.25  0.05
0.634128  0.0284012   610.00   10  0.35  0.05
0.51766  0.0347573   610.00   10  0.45  0.05
0.522229  0.0349866   610.00   10  0.55  0.05
0.45538  0.0475149   610.00   10  0.65  0.05
-0.228698  0.0998814   610.00   10  0.75  0.05
1  7.37374e-07   610.00   10  0.85  0.05
1  1.08674e-07   610.00   10  0.95  0.05
0.335657  0.109449   630.00   10  -0.95  0.05
0.428847  0.052928   630.00   10  -0.85  0.05
0.543129  0.046523   630.00   10  -0.75  0.05
0.640329  0.0374877   630.00   10  -0.65  0.05
0.591703  0.0380212   630.00   10  -0.55  0.05
0.699529  0.0352479   630.00   10  -0.45  0.05
0.717637  0.0329304   630.00   10  -0.35  0.05
0.742777  0.0306991   630.00   10  -0.25  0.05
0.745896  0.0302498   630.00   10  -0.15  0.05
0.752421  0.0306136   630.00   10  -0.05  0.05
0.761966  0.0308767   630.00   10  0.05  0.05
0.725993  0.0347379   630.00   10  0.15  0.05
0.664783  0.03895   630.00   10  0.25  0.05
0.622539  0.0423395   630.00   10  0.35  0.05
0.560576  0.0566627   630.00   10  0.45  0.05
0.620865  0.06884   630.00   10  0.55  0.05
0.833385  0.00101999   630.00   10  0.65  0.05
0.496515  0.200887   630.00   10  0.75  0.05
1  2.45033e-07   630.00   10  0.85  0.05
-0.015432  0.0277598   630.00   10  0.95  0.05
-0.123696  4.05048   650.00   10  -0.95  0.05
0.447443  0.159431   650.00   10  -0.85  0.05
0.617455  0.129772   650.00   10  -0.75  0.05
0.707124  0.107154   650.00   10  -0.65  0.05
0.857765  0.00974489   650.00   10  -0.55  0.05
0.482698  0.0943529   650.00   10  -0.45  0.05
0.926382  0.00778835   650.00   10  -0.35  0.05
0.713841  0.0822166   650.00   10  -0.25  0.05
0.726202  0.0776491   650.00   10  -0.15  0.05
0.514342  0.114743   650.00   10  -0.05  0.05
0.74892  0.0760338   650.00   10  0.05  0.05
0.546088  0.0984484   650.00   10  0.15  0.05
0.512268  0.103913   650.00   10  0.25  0.05
0.537507  0.129146   650.00   10  0.35  0.05
0.688184  0.121847   650.00   10  0.45  0.05
0.79505  0.0145672   650.00   10  0.55  0.05
-0.260781  0.473839   650.00   10  0.65  0.05
1  4.61095e-05   650.00   10  0.75  0.05
-1  1.99063e-05   650.00   10  0.85  0.05
-0.488177  0.841471   650.00   10  0.95  0.05
-0.871998  611.739   670.00   10  -0.95  0.05
-0.420896  1.26565   670.00   10  -0.85  0.05
-1  3.81119e-05   670.00   10  -0.75  0.05
0.904376  0.606439   670.00   10  -0.65  0.05
0.423955  0.43997   670.00   10  -0.55  0.05
1  2.29708e-06   670.00   10  -0.45  0.05
0.999999  0.000456299   670.00   10  -0.35  0.05
-0.850665  46.5378   670.00   10  -0.25  0.05
-0.86083  45.952   670.00   10  -0.15  0.05
0.769805  0.913726   670.00   10  -0.05  0.05
0.332096  0.476796   670.00   10  0.05  0.05
0.493528  1.19791   670.00   10  0.15  0.05
1  0.000153382   670.00   10  0.25  0.05
0.793922  0.655404   670.00   10  0.35  0.05
-1  9.30245e-05   670.00   10  0.45  0.05
-0.999999  0.000258265   670.00   10  0.55  0.05
-0.999999  0.000375014   670.00   10  0.65  0.05
1  1.47262e-05   670.00   10  0.75  0.05
-1  0.00018258   670.00   10  0.85  0.05
1  0.00481988   670.00   10  0.95  0.05
0.999999  0.00113091   690.00   10  -0.95  0.05
0.638095  1.05659   690.00   10  -0.85  0.05
0.438455  0.958111   690.00   10  -0.75  0.05
0.999987  0.0124481   690.00   10  -0.65  0.05
0.682117  0.645992   690.00   10  -0.55  0.05
1  4.85921e-05   690.00   10  -0.45  0.05
-0.999878  0.0254514   690.00   10  -0.35  0.05
0.948821  0.501901   690.00   10  -0.25  0.05
0.484048  0.34093   690.00   10  -0.15  0.05
0.999997  0.00194802   690.00   10  -0.05  0.05
0.860033  0.275143   690.00   10  0.05  0.05
0.999996  0.00744482   690.00   10  0.15  0.05
1  1.12986e-05   690.00   10  0.25  0.05
0.639659  0.60996   690.00   10  0.35  0.05
-0.999989  0.0128125   690.00   10  0.45  0.05
1  0.000142055   690.00   10  0.55  0.05
-0.999985  0.225551   690.00   10  0.65  0.05
1  0.00196617   690.00   10  0.75  0.05
1  1.66284e-05   690.00   10  0.85  0.05
-1  7.47557e-07   690.00   10  0.95  0.05
0.26227  14.7749   710.00   10  -0.95  0.05
-0.999979  0.00704278   710.00   10  -0.85  0.05
0.703351  1.59536   710.00   10  -0.75  0.05
-1  5.15862e-06   710.00   10  -0.65  0.05
0.651213  1.20263   710.00   10  -0.55  0.05
1  5.12651e-05   710.00   10  -0.45  0.05
1  9.77864e-05   710.00   10  -0.35  0.05
0.99998  0.0020961   710.00   10  -0.25  0.05
-0.211  0.14153   710.00   10  -0.15  0.05
1  0.000108059   710.00   10  -0.05  0.05
0.188542  0.537825   710.00   10  0.05  0.05
1  0.000339233   710.00   10  0.15  0.05
0.493108  1.75786   710.00   10  0.25  0.05
1  1.81465e-05   710.00   10  0.35  0.05
0.999996  0.00266328   710.00   10  0.45  0.05
0.501839  3.58754   710.00   10  0.55  0.05
-1  0.000479548   710.00   10  0.65  0.05
1  2.0305e-05   710.00   10  0.75  0.05
1  6.65897e-05   710.00   10  0.85  0.05
0.999995  0.0505025   710.00   10  0.95  0.05
