2  0.00405389   250.00   10  -0.95  0.05
-0.792377  7.29877   250.00   10  -0.85  0.05
-2  5.06815e-05   250.00   10  -0.75  0.05
1.81761  0.576   250.00   10  -0.65  0.05
1.75154  1.31815   250.00   10  -0.55  0.05
0.485074  0.879161   250.00   10  -0.45  0.05
0.925911  0.85925   250.00   10  -0.35  0.05
0.565945  1.96832   250.00   10  -0.25  0.05
-1.99996  0.0104051   250.00   10  -0.15  0.05
1.99998  0.00391984   250.00   10  -0.05  0.05
1.74273  0.606095   250.00   10  0.05  0.05
0.982117  0.966378   250.00   10  0.15  0.05
0.277338  0.326375   250.00   10  0.25  0.05
-2  0.000177488   250.00   10  0.35  0.05
-2  0.293671   250.00   10  0.45  0.05
1.99986  0.206874   250.00   10  0.55  0.05
2  3.99041e-05   250.00   10  0.65  0.05
2  0.000520598   250.00   10  0.75  0.05
-2  6.29857e-05   250.00   10  0.85  0.05
-2  1.74173e-05   250.00   10  0.95  0.05
2  0.00206288   270.00   10  -0.95  0.05
0.586935  1.29954   270.00   10  -0.85  0.05
1.07295  0.606934   270.00   10  -0.75  0.05
-0.224859  0.983836   270.00   10  -0.65  0.05
0.789967  0.360804   270.00   10  -0.55  0.05
0.753093  0.339646   270.00   10  -0.45  0.05
0.514116  0.260961   270.00   10  -0.35  0.05
0.380433  0.503239   270.00   10  -0.25  0.05
-0.229103  0.774409   270.00   10  -0.15  0.05
0.390041  0.943957   270.00   10  -0.05  0.05
0.803087  0.386425   270.00   10  0.05  0.05
0.704912  0.475962   270.00   10  0.15  0.05
0.840611  0.396827   270.00   10  0.25  0.05
0.507929  2.96846   270.00   10  0.35  0.05
0.496427  0.88494   270.00   10  0.45  0.05
1.05788  0.771338   270.00   10  0.55  0.05
-2  0.0134497   270.00   10  0.65  0.05
-0.30005  0.252862   270.00   10  0.75  0.05
-2  0.0293892   270.00   10  0.85  0.05
-1.99999  0.177017   270.00   10  0.95  0.05
-2  8.28963e-06   290.00   10  -0.95  0.05
-0.31897  1.17119   290.00   10  -0.85  0.05
-0.498501  1.60918   290.00   10  -0.75  0.05
0.773368  0.392914   290.00   10  -0.65  0.05
0.590353  0.277306   290.00   10  -0.55  0.05
0.51477  0.195447   290.00   10  -0.45  0.05
-0.300455  0.237652   290.00   10  -0.35  0.05
0.425955  0.294813   290.00   10  -0.25  0.05
0.11755  0.368634   290.00   10  -0.15  0.05
0.541309  0.2431   290.00   10  -0.05  0.05
0.41448  0.110698   290.00   10  0.05  0.05
0.611834  0.227802   290.00   10  0.15  0.05
0.578249  0.141736   290.00   10  0.25  0.05
0.448451  2.08213   290.00   10  0.35  0.05
0.291595  0.193578   290.00   10  0.45  0.05
-1.16854  0.61282   290.00   10  0.55  0.05
1.89766  0.946001   290.00   10  0.65  0.05
0.490907  0.262605   290.00   10  0.75  0.05
-2  8.3282e-05   290.00   10  0.85  0.05
-2  0.0216625   290.00   10  0.95  0.05
1.03141  1.06463   310.00   10  -0.95  0.05
0.878951  0.275367   310.00   10  -0.85  0.05
0.430603  0.148473   310.00   10  -0.75  0.05
0.785374  0.102997   310.00   10  -0.65  0.05
0.528313  0.0871554   310.00   10  -0.55  0.05
0.496982  0.0827325   310.00   10  -0.45  0.05
0.492484  0.0886248   310.00   10  -0.35  0.05
0.527306  0.084181   310.00   10  -0.25  0.05
0.53153  0.0960791   310.00   10  -0.15  0.05
0.664917  0.107777   310.00   10  -0.05  0.05
0.681699  0.0992647   310.00   10  0.05  0.05
0.604607  0.115379   310.00   10  0.15  0.05
0.424657  0.436134   310.00   10  0.25  0.05
0.443959  0.0733422   310.00   10  0.35  0.05
0.207911  0.0875894   310.00   10  0.45  0.05
0.273553  0.105311   310.00   10  0.55  0.05
-0.253989  1.57529   310.00   10  0.65  0.05
2  0.000420268   310.00   10  0.75  0.05
2  0.000113416   310.00   10  0.85  0.05
-2  0.00104604   310.00   10  0.95  0.05
2  0.00177842   330.00   10  -0.95  0.05
0.876305  0.208129   330.00   10  -0.85  0.05
0.423318  0.139873   330.00   10  -0.75  0.05
0.615578  0.0905828   330.00   10  -0.65  0.05
0.458581  0.0789783   330.00   10  -0.55  0.05
0.601217  0.0635303   330.00   10  -0.45  0.05
0.459976  0.0710962   330.00   10  -0.35  0.05
0.508718  0.0639707   330.00   10  -0.25  0.05
0.602449  0.0723912   330.00   10  -0.15  0.05
0.558898  6.48837   330.00   10  -0.05  0.05
0.537188  0.543588   330.00   10  0.05  0.05
0.557451  0.427433   330.00   10  0.15  0.05
0.537686  0.100066   330.00   10  0.25  0.05
0.514511  0.527392   330.00   10  0.35  0.05
0.33489  0.0715897   330.00   10  0.45  0.05
0.574393  0.416862   330.00   10  0.55  0.05
0.18882  0.108684   330.00   10  0.65  0.05
-0.54323  2.9564   330.00   10  0.75  0.05
-2  0.000427532   330.00   10  0.85  0.05
0.290817  0.122046   330.00   10  0.95  0.05
-0.293677  0.531019   350.00   10  -0.95  0.05
0.295509  0.0421373   350.00   10  -0.85  0.05
0.520137  0.0894826   350.00   10  -0.75  0.05
0.548278  0.0595069   350.00   10  -0.65  0.05
0.523743  0.0523974   350.00   10  -0.55  0.05
0.526413  0.0473269   350.00   10  -0.45  0.05
0.639732  0.0688745   350.00   10  -0.35  0.05
0.686628  0.0698252   350.00   10  -0.25  0.05
0.579584  0.0457116   350.00   10  -0.15  0.05
0.590097  0.118959   350.00   10  -0.05  0.05
0.597008  0.0538177   350.00   10  0.05  0.05
0.587254  0.0556821   350.00   10  0.15  0.05
0.457866  0.150058   350.00   10  0.25  0.05
0.455104  0.0434957   350.00   10  0.35  0.05
0.304496  0.0497654   350.00   10  0.45  0.05
-0.37525  27.4039   350.00   10  0.55  0.05
0.401428  2.00384   350.00   10  0.65  0.05
0.680552  0.636217   350.00   10  0.75  0.05
-0.663054  1.78677   350.00   10  0.85  0.05
0.0595214  0.0907766   350.00   10  0.95  0.05
0.345034  0.272398   370.00   10  -0.95  0.05
0.254566  0.0286455   370.00   10  -0.85  0.05
0.532345  0.0623063   370.00   10  -0.75  0.05
0.490961  0.0574217   370.00   10  -0.65  0.05
0.523777  0.05158   370.00   10  -0.55  0.05
0.638368  0.047872   370.00   10  -0.45  0.05
0.649681  0.0413058   370.00   10  -0.35  0.05
0.70335  0.0322768   370.00   10  -0.25  0.05
0.614462  0.0445665   370.00   10  -0.15  0.05
0.633908  0.0332309   370.00   10  -0.05  0.05
0.617288  0.0375621   370.00   10  0.05  0.05
0.590722  0.0669726   370.00   10  0.15  0.05
0.436562  0.0480206   370.00   10  0.25  0.05
0.435264  0.0576977   370.00   10  0.35  0.05
0.295637  0.0346482   370.00   10  0.45  0.05
0.590781  0.0810423   370.00   10  0.55  0.05
0.174233  0.0517282   370.00   10  0.65  0.05
0.724366  0.356129   370.00   10  0.75  0.05
-0.526341  0.896218   370.00   10  0.85  0.05
-2  2.20481e-05   370.00   10  0.95  0.05
1.72124  0.0128714   390.00   10  -0.95  0.05
0.361172  0.150148   390.00   10  -0.85  0.05
0.524175  0.0782893   390.00   10  -0.75  0.05
0.456961  0.0583605   390.00   10  -0.65  0.05
0.51377  0.0497001   390.00   10  -0.55  0.05
0.558644  0.0425138   390.00   10  -0.45  0.05
0.651483  0.0460038   390.00   10  -0.35  0.05
0.604612  0.0518668   390.00   10  -0.25  0.05
0.643152  0.0505459   390.00   10  -0.15  0.05
0.64649  0.0420142   390.00   10  -0.05  0.05
0.588191  0.0424032   390.00   10  0.05  0.05
0.666493  0.0466961   390.00   10  0.15  0.05
0.613138  0.0576564   390.00   10  0.25  0.05
0.476092  0.0543419   390.00   10  0.35  0.05
0.562835  0.0683713   390.00   10  0.45  0.05
0.487072  0.215062   390.00   10  0.55  0.05
-0.0731595  0.137646   390.00   10  0.65  0.05
0.613751  0.312876   390.00   10  0.75  0.05
0.596483  8.13663   390.00   10  0.85  0.05
2  7.71967e-06   390.00   10  0.95  0.05
1.27328  0.363029   410.00   10  -0.95  0.05
0.44104  0.105582   410.00   10  -0.85  0.05
0.609221  0.047762   410.00   10  -0.75  0.05
0.558784  0.0332617   410.00   10  -0.65  0.05
0.577388  0.0285885   410.00   10  -0.55  0.05
0.62845  0.0303854   410.00   10  -0.45  0.05
0.706652  0.0243647   410.00   10  -0.35  0.05
0.669769  0.0244422   410.00   10  -0.25  0.05
0.645971  0.0282755   410.00   10  -0.15  0.05
0.650152  0.0267255   410.00   10  -0.05  0.05
0.637686  0.0385883   410.00   10  0.05  0.05
0.630113  0.0315533   410.00   10  0.15  0.05
0.563346  0.031627   410.00   10  0.25  0.05
0.66607  0.0436629   410.00   10  0.35  0.05
0.499737  0.0461647   410.00   10  0.45  0.05
0.30358  0.130523   410.00   10  0.55  0.05
-0.282545  0.0440698   410.00   10  0.65  0.05
0.424886  0.245185   410.00   10  0.75  0.05
0.318715  9.49056   410.00   10  0.85  0.05
-0.120141  0.0431423   410.00   10  0.95  0.05
0.67614  0.202752   430.00   10  -0.95  0.05
0.495718  0.083527   430.00   10  -0.85  0.05
0.482355  0.051197   430.00   10  -0.75  0.05
0.618732  0.0301136   430.00   10  -0.65  0.05
0.611  0.0298342   430.00   10  -0.55  0.05
0.633947  0.0232053   430.00   10  -0.45  0.05
0.671611  0.0244459   430.00   10  -0.35  0.05
0.637734  0.0202422   430.00   10  -0.25  0.05
0.655405  0.0226588   430.00   10  -0.15  0.05
0.664192  0.0258633   430.00   10  -0.05  0.05
0.598948  0.0298735   430.00   10  0.05  0.05
0.612883  0.0290698   430.00   10  0.15  0.05
0.643038  0.0315464   430.00   10  0.25  0.05
0.587642  0.0326132   430.00   10  0.35  0.05
0.482209  0.0506713   430.00   10  0.45  0.05
0.386477  0.091867   430.00   10  0.55  0.05
0.437284  0.0789006   430.00   10  0.65  0.05
0.244981  0.154973   430.00   10  0.75  0.05
0.60281  0.561971   430.00   10  0.85  0.05
2  8.80915e-07   430.00   10  0.95  0.05
0.121208  0.15331   450.00   10  -0.95  0.05
0.504939  0.0669907   450.00   10  -0.85  0.05
0.528655  0.040999   450.00   10  -0.75  0.05
0.555916  0.026914   450.00   10  -0.65  0.05
0.635878  0.0223506   450.00   10  -0.55  0.05
0.640313  0.0217011   450.00   10  -0.45  0.05
0.659002  0.0198572   450.00   10  -0.35  0.05
0.638657  0.0193018   450.00   10  -0.25  0.05
0.629642  0.0199708   450.00   10  -0.15  0.05
0.636744  0.0194944   450.00   10  -0.05  0.05
0.616479  0.0200901   450.00   10  0.05  0.05
0.594054  0.0244009   450.00   10  0.15  0.05
0.577821  0.0258126   450.00   10  0.25  0.05
0.558292  0.028151   450.00   10  0.35  0.05
0.470837  0.0450018   450.00   10  0.45  0.05
0.498263  0.0471512   450.00   10  0.55  0.05
0.301747  0.870728   450.00   10  0.65  0.05
0.168108  0.730559   450.00   10  0.75  0.05
-0.307467  4.36466   450.00   10  0.85  0.05
2  3.23009e-08   450.00   10  0.95  0.05
0.16997  4.63913   470.00   10  -0.95  0.05
0.356215  0.05587   470.00   10  -0.85  0.05
0.537938  0.0350284   470.00   10  -0.75  0.05
0.620912  0.0247034   470.00   10  -0.65  0.05
0.62213  0.0198314   470.00   10  -0.55  0.05
0.681037  0.0184246   470.00   10  -0.45  0.05
0.671677  0.0178965   470.00   10  -0.35  0.05
0.650459  0.016494   470.00   10  -0.25  0.05
0.606654  0.0170902   470.00   10  -0.15  0.05
0.650005  0.0175097   470.00   10  -0.05  0.05
0.611602  0.0179461   470.00   10  0.05  0.05
0.579805  0.0184404   470.00   10  0.15  0.05
0.535857  0.0240094   470.00   10  0.25  0.05
0.56284  0.0241033   470.00   10  0.35  0.05
0.502532  0.0312801   470.00   10  0.45  0.05
0.416451  0.0366713   470.00   10  0.55  0.05
0.374176  0.055966   470.00   10  0.65  0.05
0.231332  0.0962063   470.00   10  0.75  0.05
0.620153  1.39709   470.00   10  0.85  0.05
-2  2.28389e-08   470.00   10  0.95  0.05
0.257581  0.194451   490.00   10  -0.95  0.05
0.433081  0.0562332   490.00   10  -0.85  0.05
0.53023  0.0347933   490.00   10  -0.75  0.05
0.617195  0.02705   490.00   10  -0.65  0.05
0.605635  0.0216632   490.00   10  -0.55  0.05
0.655846  0.0195792   490.00   10  -0.45  0.05
0.641703  0.0205669   490.00   10  -0.35  0.05
0.650806  0.0191048   490.00   10  -0.25  0.05
0.660914  0.0187846   490.00   10  -0.15  0.05
0.663872  0.0198416   490.00   10  -0.05  0.05
0.624569  0.0203184   490.00   10  0.05  0.05
0.606491  0.0202291   490.00   10  0.15  0.05
0.607405  0.0227895   490.00   10  0.25  0.05
0.515763  0.0259093   490.00   10  0.35  0.05
0.478821  0.0305459   490.00   10  0.45  0.05
0.199649  0.0139913   490.00   10  0.55  0.05
0.385944  0.0585226   490.00   10  0.65  0.05
0.253353  0.110706   490.00   10  0.75  0.05
1.03304  0.753701   490.00   10  0.85  0.05
2  1.07844e-06   490.00   10  0.95  0.05
0.311304  0.0901982   510.00   10  -0.95  0.05
0.454601  0.0466645   510.00   10  -0.85  0.05
0.547306  0.0328348   510.00   10  -0.75  0.05
0.638602  0.0214931   510.00   10  -0.65  0.05
0.653715  0.0182918   510.00   10  -0.55  0.05
0.641116  0.0173943   510.00   10  -0.45  0.05
0.672843  0.0163732   510.00   10  -0.35  0.05
0.65029  0.0162698   510.00   10  -0.25  0.05
0.669116  0.0154609   510.00   10  -0.15  0.05
0.642543  0.0159692   510.00   10  -0.05  0.05
0.627028  0.016894   510.00   10  0.05  0.05
0.582097  0.016884   510.00   10  0.15  0.05
0.581392  0.018135   510.00   10  0.25  0.05
0.583468  0.0209787   510.00   10  0.35  0.05
0.556233  0.025994   510.00   10  0.45  0.05
0.451152  0.0363148   510.00   10  0.55  0.05
0.367778  0.0460946   510.00   10  0.65  0.05
0.422543  0.0889339   510.00   10  0.75  0.05
-0.471023  243.664   510.00   10  0.85  0.05
2  0.015981   510.00   10  0.95  0.05
0.417509  0.14122   530.00   10  -0.95  0.05
0.107522  0.00856349   530.00   10  -0.85  0.05
0.581136  0.038298   530.00   10  -0.75  0.05
0.627819  0.0226023   530.00   10  -0.65  0.05
0.672184  0.0178695   530.00   10  -0.55  0.05
0.66116  0.0184096   530.00   10  -0.45  0.05
0.636634  0.0173417   530.00   10  -0.35  0.05
0.643199  0.0174417   530.00   10  -0.25  0.05
0.646636  0.0171498   530.00   10  -0.15  0.05
0.65091  0.0165787   530.00   10  -0.05  0.05
0.650913  0.0168161   530.00   10  0.05  0.05
0.659373  0.0182717   530.00   10  0.15  0.05
0.584044  0.0196597   530.00   10  0.25  0.05
0.570711  0.0224723   530.00   10  0.35  0.05
0.475354  0.027175   530.00   10  0.45  0.05
0.425305  0.0328005   530.00   10  0.55  0.05
0.334339  0.0569832   530.00   10  0.65  0.05
0.307446  0.13066   530.00   10  0.75  0.05
-0.441575  3.17305   530.00   10  0.85  0.05
-2  8.29333e-09   530.00   10  0.95  0.05
0.126696  0.0143469   550.00   10  -0.95  0.05
0.443942  0.0539893   550.00   10  -0.85  0.05
0.396924  0.0394448   550.00   10  -0.75  0.05
0.663743  0.0265217   550.00   10  -0.65  0.05
0.637633  0.0214295   550.00   10  -0.55  0.05
0.617665  0.0204136   550.00   10  -0.45  0.05
0.666056  0.0185413   550.00   10  -0.35  0.05
0.662841  0.0195832   550.00   10  -0.25  0.05
0.65532  0.0186423   550.00   10  -0.15  0.05
0.656627  0.0184253   550.00   10  -0.05  0.05
0.635303  0.0204068   550.00   10  0.05  0.05
0.659862  0.0201929   550.00   10  0.15  0.05
0.598959  0.0221802   550.00   10  0.25  0.05
0.585237  0.0236494   550.00   10  0.35  0.05
0.533882  0.0293176   550.00   10  0.45  0.05
0.496604  0.0387712   550.00   10  0.55  0.05
0.406512  0.052371   550.00   10  0.65  0.05
0.335143  0.111124   550.00   10  0.75  0.05
0.534518  6.60557   550.00   10  0.85  0.05
-2  0.000233142   550.00   10  0.95  0.05
0.125276  0.0106684   570.00   10  -0.95  0.05
0.385831  0.046632   570.00   10  -0.85  0.05
0.559939  0.027864   570.00   10  -0.75  0.05
0.62185  0.018952   570.00   10  -0.65  0.05
0.612877  0.0169632   570.00   10  -0.55  0.05
0.638578  0.0163845   570.00   10  -0.45  0.05
0.659799  0.0153702   570.00   10  -0.35  0.05
0.665033  0.0143006   570.00   10  -0.25  0.05
0.669469  0.0144347   570.00   10  -0.15  0.05
0.659465  0.0153079   570.00   10  -0.05  0.05
0.630095  0.0147134   570.00   10  0.05  0.05
0.675577  0.0155872   570.00   10  0.15  0.05
0.611156  0.0176448   570.00   10  0.25  0.05
0.590722  0.0184929   570.00   10  0.35  0.05
0.555616  0.0221582   570.00   10  0.45  0.05
0.548891  0.0299398   570.00   10  0.55  0.05
0.361057  0.0447364   570.00   10  0.65  0.05
0.221834  0.0915277   570.00   10  0.75  0.05
0.844991  6.43597   570.00   10  0.85  0.05
-0.700386  8.49441   570.00   10  0.95  0.05
0.260938  0.0513144   590.00   10  -0.95  0.05
0.451548  0.0359977   590.00   10  -0.85  0.05
0.561106  0.0229908   590.00   10  -0.75  0.05
0.625885  0.0170869   590.00   10  -0.65  0.05
0.614327  0.0141855   590.00   10  -0.55  0.05
0.674877  0.0137025   590.00   10  -0.45  0.05
0.691525  0.012754   590.00   10  -0.35  0.05
0.685355  0.0127675   590.00   10  -0.25  0.05
0.726039  0.0121558   590.00   10  -0.15  0.05
0.69122  0.0124383   590.00   10  -0.05  0.05
0.652056  0.012471   590.00   10  0.05  0.05
0.631009  0.0136632   590.00   10  0.15  0.05
0.633436  0.0146149   590.00   10  0.25  0.05
0.578278  0.0166809   590.00   10  0.35  0.05
0.553107  0.0203478   590.00   10  0.45  0.05
0.564657  0.026433   590.00   10  0.55  0.05
0.379709  0.0351257   590.00   10  0.65  0.05
0.230668  0.0773137   590.00   10  0.75  0.05
-1.77291  13320.2   590.00   10  0.85  0.05
-1.78868  5.14102e-08   590.00   10  0.95  0.05
0.192625  0.083209   610.00   10  -0.95  0.05
0.394914  0.0352439   610.00   10  -0.85  0.05
0.572925  0.0269884   610.00   10  -0.75  0.05
0.615627  0.0184829   610.00   10  -0.65  0.05
0.676875  0.0154646   610.00   10  -0.55  0.05
0.719235  0.0145459   610.00   10  -0.45  0.05
0.698673  0.0144867   610.00   10  -0.35  0.05
0.697582  0.0138392   610.00   10  -0.25  0.05
0.679754  0.0133625   610.00   10  -0.15  0.05
0.736836  0.0136486   610.00   10  -0.05  0.05
0.681124  0.0140766   610.00   10  0.05  0.05
0.6733  0.0142273   610.00   10  0.15  0.05
0.656581  0.0161336   610.00   10  0.25  0.05
0.610968  0.0186526   610.00   10  0.35  0.05
0.578361  0.0241162   610.00   10  0.45  0.05
0.529414  0.0289164   610.00   10  0.55  0.05
0.534252  0.0448243   610.00   10  0.65  0.05
-0.282112  0.0910825   610.00   10  0.75  0.05
-1.80486  0.153587   610.00   10  0.85  0.05
-1.80567  0.128685   610.00   10  0.95  0.05
0.470523  0.153116   630.00   10  -0.95  0.05
0.325  0.0646955   630.00   10  -0.85  0.05
0.575082  0.0493365   630.00   10  -0.75  0.05
0.682667  0.0376271   630.00   10  -0.65  0.05
0.659788  0.0309021   630.00   10  -0.55  0.05
0.680413  0.0291008   630.00   10  -0.45  0.05
0.766377  0.0267211   630.00   10  -0.35  0.05
0.753107  0.0263747   630.00   10  -0.25  0.05
0.722707  0.0255693   630.00   10  -0.15  0.05
0.763305  0.0274557   630.00   10  -0.05  0.05
0.790362  0.0272824   630.00   10  0.05  0.05
0.682321  0.0291571   630.00   10  0.15  0.05
0.685473  0.0332912   630.00   10  0.25  0.05
0.676641  0.0332652   630.00   10  0.35  0.05
0.616318  0.0438203   630.00   10  0.45  0.05
0.615118  0.0537258   630.00   10  0.55  0.05
0.682217  0.0778703   630.00   10  0.65  0.05
0.623007  0.196461   630.00   10  0.75  0.05
-0.918948  2.52606   630.00   10  0.85  0.05
0.208714  0.0284823   630.00   10  0.95  0.05
-0.100913  0.0352805   650.00   10  -0.95  0.05
0.605666  0.206402   650.00   10  -0.85  0.05
0.638238  0.121706   650.00   10  -0.75  0.05
0.603151  0.0853329   650.00   10  -0.65  0.05
0.822334  0.0827741   650.00   10  -0.55  0.05
0.599039  0.0792757   650.00   10  -0.45  0.05
0.841824  0.0722226   650.00   10  -0.35  0.05
0.7037  0.0695073   650.00   10  -0.25  0.05
0.782524  0.0716561   650.00   10  -0.15  0.05
0.706242  0.073194   650.00   10  -0.05  0.05
0.577579  0.0752715   650.00   10  0.05  0.05
0.648053  0.0834136   650.00   10  0.15  0.05
0.597144  0.0785981   650.00   10  0.25  0.05
0.594455  0.0983729   650.00   10  0.35  0.05
0.619113  0.109607   650.00   10  0.45  0.05
0.308405  0.0307628   650.00   10  0.55  0.05
-0.534686  0.193179   650.00   10  0.65  0.05
-1.29795  1.34507   650.00   10  0.75  0.05
2  2.04731e-05   650.00   10  0.85  0.05
-2  2.35327e-13   650.00   10  0.95  0.05
-1.94385  0.00604274   670.00   10  -0.95  0.05
-0.537636  1.03915   670.00   10  -0.85  0.05
-1.66732  65.6383   670.00   10  -0.75  0.05
1.94297  1.25327e+06   670.00   10  -0.65  0.05
0.742194  0.529741   670.00   10  -0.55  0.05
0.943141  0.768805   670.00   10  -0.45  0.05
0.929535  0.286381   670.00   10  -0.35  0.05
0.99894  0.386783   670.00   10  -0.25  0.05
-0.970094  0.107846   670.00   10  -0.15  0.05
0.578009  0.491711   670.00   10  -0.05  0.05
-0.608015  0.352566   670.00   10  0.05  0.05
1.28118  0.327729   670.00   10  0.15  0.05
-0.97931  0.389149   670.00   10  0.25  0.05
1.84449  0.106712   670.00   10  0.35  0.05
1.17011  0.433736   670.00   10  0.45  0.05
-1.9998  0.0159235   670.00   10  0.55  0.05
1.03973  0.593922   670.00   10  0.65  0.05
2  0.00214587   670.00   10  0.75  0.05
-1.94215  0.848817   670.00   10  0.85  0.05
-0.413104  0.268498   670.00   10  0.95  0.05
-1.0347  36.217   690.00   10  -0.95  0.05
0.761399  3.38646   690.00   10  -0.85  0.05
-1.04629  2.73369   690.00   10  -0.75  0.05
0.878546  0.576693   690.00   10  -0.65  0.05
-0.651277  54.7706   690.00   10  -0.55  0.05
0.512822  0.473702   690.00   10  -0.45  0.05
0.895079  0.272935   690.00   10  -0.35  0.05
0.954903  0.27171   690.00   10  -0.25  0.05
0.827015  0.260695   690.00   10  -0.15  0.05
1.29778  0.304621   690.00   10  -0.05  0.05
1.01503  0.382911   690.00   10  0.05  0.05
0.695119  0.2808   690.00   10  0.15  0.05
0.593391  0.901599   690.00   10  0.25  0.05
-0.98649  0.315166   690.00   10  0.35  0.05
0.918373  0.377935   690.00   10  0.45  0.05
1.44084  0.465105   690.00   10  0.55  0.05
0.324353  3.93311   690.00   10  0.65  0.05
2  5.34117e-05   690.00   10  0.75  0.05
0.545274  0.196983   690.00   10  0.85  0.05
-2  0.0459791   690.00   10  0.95  0.05
-0.790879  1.56368   710.00   10  -0.95  0.05
1.07095  0.770127   710.00   10  -0.85  0.05
1.31255  1.55408   710.00   10  -0.75  0.05
-1.1174  0.547549   710.00   10  -0.65  0.05
1.23084  0.500835   710.00   10  -0.55  0.05
0.53027  2.47523   710.00   10  -0.45  0.05
0.842312  0.376545   710.00   10  -0.35  0.05
0.426121  0.361577   710.00   10  -0.25  0.05
0.743587  0.207594   710.00   10  -0.15  0.05
0.589286  0.274476   710.00   10  -0.05  0.05
1.03376  0.481719   710.00   10  0.05  0.05
0.916005  0.734183   710.00   10  0.15  0.05
1.2663  0.336536   710.00   10  0.25  0.05
0.370213  0.494251   710.00   10  0.35  0.05
0.872012  1.00911   710.00   10  0.45  0.05
1.94056  0.404095   710.00   10  0.55  0.05
1.04055  827.712   710.00   10  0.65  0.05
2  0.00249613   710.00   10  0.75  0.05
2  2.51112e-05   710.00   10  0.85  0.05
-0.366874  0.320785   710.00   10  0.95  0.05
