-9.30631  -15.3679  250  10  -0.95  0.05  Sig
-0.649987  2.55228  250  10  -0.85  0.05  Sig
-1.03151  1.10196  250  10  -0.75  0.05  Sig
1.34355  0.892177  250  10  -0.65  0.05  Sig
0.930377  0.7473  250  10  -0.55  0.05  Sig
-0.0514888  0.793542  250  10  -0.45  0.05  Sig
-0.453032  0.748967  250  10  -0.35  0.05  Sig
0.339786  0.76228  250  10  -0.25  0.05  Sig
0.576031  0.687135  250  10  -0.15  0.05  Sig
2.01271  0.830932  250  10  -0.05  0.05  Sig
2.01685  0.852187  250  10  0.05  0.05  Sig
-0.771383  0.878157  250  10  0.15  0.05  Sig
0  0  250  10  0.25  0.05  Sig
-2.2225  1.52299  250  10  0.35  0.05  Sig
0  0  250  10  0.45  0.05  Sig
2.18469  3.29318  250  10  0.55  0.05  Sig
0  0  250  10  0.65  0.05  Sig
-0.0420704  141.94  250  10  0.75  0.05  Sig
-7.23472  16.5567  250  10  0.85  0.05  Sig
9.0555  13.5863  250  10  0.95  0.05  Sig
6.10942  1.73262  270  10  -0.95  0.05  Sig
0.634343  0.923724  270  10  -0.85  0.05  Sig
0.87053  0.398909  270  10  -0.75  0.05  Sig
-0.126011  0.297191  270  10  -0.65  0.05  Sig
0.590958  0.253837  270  10  -0.55  0.05  Sig
0.527484  0.236062  270  10  -0.45  0.05  Sig
0.591974  0.224352  270  10  -0.35  0.05  Sig
0.0416807  0.238025  270  10  -0.25  0.05  Sig
-0.31136  0.249045  270  10  -0.15  0.05  Sig
0.0732623  0.266298  270  10  -0.05  0.05  Sig
0.562433  0.333375  270  10  0.05  0.05  Sig
-20.2938  2.07802  270  10  0.15  0.05  Sig
0.450831  0.455455  270  10  0.25  0.05  Sig
0.823616  0.635446  270  10  0.35  0.05  Sig
0.294804  1.10541  270  10  0.45  0.05  Sig
-19.7739  0.808642  270  10  0.55  0.05  Sig
0  0  270  10  0.65  0.05  Sig
-0.00636191  80.039  270  10  0.75  0.05  Sig
0.00298342  719.231  270  10  0.85  0.05  Sig
-8.46199  9.92143  270  10  0.95  0.05  Sig
-7.86381  3.63239  290  10  -0.95  0.05  Sig
-0.0712937  0.545328  290  10  -0.85  0.05  Sig
0.0302613  0.318815  290  10  -0.75  0.05  Sig
0.639854  0.232331  290  10  -0.65  0.05  Sig
0.472454  0.200752  290  10  -0.55  0.05  Sig
0.509864  0.184077  290  10  -0.45  0.05  Sig
0.208188  0.176212  290  10  -0.35  0.05  Sig
0.372348  0.184279  290  10  -0.25  0.05  Sig
-0.0253316  0.194145  290  10  -0.15  0.05  Sig
0.488135  0.217377  290  10  -0.05  0.05  Sig
0  0  290  10  0.05  0.05  Sig
0.00443876  0.00382828  290  10  0.15  0.05  Sig
0  0  290  10  0.25  0.05  Sig
0  0  290  10  0.35  0.05  Sig
0.462661  0.516821  290  10  0.45  0.05  Sig
85.9741  3462.94  290  10  0.55  0.05  Sig
0  0  290  10  0.65  0.05  Sig
0.00268333  407.244  290  10  0.75  0.05  Sig
5.45748  9.25279  290  10  0.85  0.05  Sig
-9.27508  10.7127  290  10  0.95  0.05  Sig
0.596508  1.14534  310  10  -0.95  0.05  Sig
0.714725  0.20501  310  10  -0.85  0.05  Sig
0.4242  0.127878  310  10  -0.75  0.05  Sig
0.601701  0.0942156  310  10  -0.65  0.05  Sig
0.525899  0.0814637  310  10  -0.55  0.05  Sig
0.479374  0.0757256  310  10  -0.45  0.05  Sig
0.483464  0.0728083  310  10  -0.35  0.05  Sig
0.528638  0.0739501  310  10  -0.25  0.05  Sig
0.538743  0.0763615  310  10  -0.15  0.05  Sig
0.555243  0.0846389  310  10  -0.05  0.05  Sig
0.710579  0.105142  310  10  0.05  0.05  Sig
0.631425  0.112177  310  10  0.15  0.05  Sig
0.34736  0.130174  310  10  0.25  0.05  Sig
0  0  310  10  0.35  0.05  Sig
0  0  310  10  0.45  0.05  Sig
0.657133  0.268867  310  10  0.55  0.05  Sig
-12.2463  0.292822  310  10  0.65  0.05  Sig
0  0  310  10  0.75  0.05  Sig
0.0917236  18.1727  310  10  0.85  0.05  Sig
0.0143025  156.712  310  10  0.95  0.05  Sig
-15.4651  645.65  330  10  -0.95  0.05  Sig
0.742862  0.169929  330  10  -0.85  0.05  Sig
0.428309  0.113826  330  10  -0.75  0.05  Sig
0.493605  0.0849795  330  10  -0.65  0.05  Sig
0.47527  0.0703522  330  10  -0.55  0.05  Sig
0.619713  0.064174  330  10  -0.45  0.05  Sig
0.461813  0.0631072  330  10  -0.35  0.05  Sig
0.498968  0.0630024  330  10  -0.25  0.05  Sig
0.563313  0.06483  330  10  -0.15  0.05  Sig
0.556872  0.0682769  330  10  -0.05  0.05  Sig
0.542118  0.0794422  330  10  0.05  0.05  Sig
0.536662  0.0889053  330  10  0.15  0.05  Sig
0.483081  0.0988844  330  10  0.25  0.05  Sig
0.491144  0.115001  330  10  0.35  0.05  Sig
0  0  330  10  0.45  0.05  Sig
0.522038  0.217227  330  10  0.55  0.05  Sig
0  0  330  10  0.65  0.05  Sig
0  0  330  10  0.75  0.05  Sig
-1.5143  2.03655  330  10  0.85  0.05  Sig
9.14517e-05  165.578  330  10  0.95  0.05  Sig
-0.242224  0.407315  350  10  -0.95  0.05  Sig
0.524132  0.123042  350  10  -0.85  0.05  Sig
0.530543  0.0796641  350  10  -0.75  0.05  Sig
0.538871  0.0593035  350  10  -0.65  0.05  Sig
0.526053  0.0510194  350  10  -0.55  0.05  Sig
0.524068  0.0472266  350  10  -0.45  0.05  Sig
0.608934  0.045058  350  10  -0.35  0.05  Sig
0.676788  0.0450729  350  10  -0.25  0.05  Sig
0.565946  0.0461689  350  10  -0.15  0.05  Sig
0.590631  0.0508515  350  10  -0.05  0.05  Sig
0.609799  0.0566416  350  10  0.05  0.05  Sig
0.560892  0.0627136  350  10  0.15  0.05  Sig
0.43942  0.0670211  350  10  0.25  0.05  Sig
0  0  350  10  0.35  0.05  Sig
0  0  350  10  0.45  0.05  Sig
-13.6218  466.162  350  10  0.55  0.05  Sig
0.501379  0.23412  350  10  0.65  0.05  Sig
0.346071  10.9558  350  10  0.75  0.05  Sig
0  0  350  10  0.85  0.05  Sig
0  0  350  10  0.95  0.05  Sig
15.1756  0.129435  370  10  -0.95  0.05  Sig
0.37609  0.0948462  370  10  -0.85  0.05  Sig
0.511048  0.0598692  370  10  -0.75  0.05  Sig
0.472008  0.0424707  370  10  -0.65  0.05  Sig
0.511523  0.0362921  370  10  -0.55  0.05  Sig
0.611785  0.0336623  370  10  -0.45  0.05  Sig
0.614673  0.0322398  370  10  -0.35  0.05  Sig
0.689031  0.0321572  370  10  -0.25  0.05  Sig
0.576105  0.0327278  370  10  -0.15  0.05  Sig
0.590545  0.0336434  370  10  -0.05  0.05  Sig
0.593764  0.0391828  370  10  0.05  0.05  Sig
0.623155  0.0420006  370  10  0.15  0.05  Sig
0.42961  0.0477165  370  10  0.25  0.05  Sig
0.43974  0.0572491  370  10  0.35  0.05  Sig
0.506747  0.067304  370  10  0.45  0.05  Sig
0.519106  0.0929855  370  10  0.55  0.05  Sig
0  0  370  10  0.65  0.05  Sig
0  0  370  10  0.75  0.05  Sig
0.528975  0.917263  370  10  0.85  0.05  Sig
0.00196806  356.743  370  10  0.95  0.05  Sig
1.84058  0.688892  390  10  -0.95  0.05  Sig
0.287913  0.107634  390  10  -0.85  0.05  Sig
0.49273  0.0709561  390  10  -0.75  0.05  Sig
0.440873  0.0535863  390  10  -0.65  0.05  Sig
0.525609  0.0442606  390  10  -0.55  0.05  Sig
0.586623  0.0409481  390  10  -0.45  0.05  Sig
0.671139  0.0386143  390  10  -0.35  0.05  Sig
0.575576  0.0384019  390  10  -0.25  0.05  Sig
0.623185  0.038801  390  10  -0.15  0.05  Sig
0.645012  0.0425068  390  10  -0.05  0.05  Sig
0.57522  0.0431167  390  10  0.05  0.05  Sig
0.629723  0.0492719  390  10  0.15  0.05  Sig
0.591734  0.0570659  390  10  0.25  0.05  Sig
0.480249  0.0647683  390  10  0.35  0.05  Sig
0.000225912  0.00121211  390  10  0.45  0.05  Sig
0.463551  0.10151  390  10  0.55  0.05  Sig
0  0  390  10  0.65  0.05  Sig
0.664251  0.312786  390  10  0.75  0.05  Sig
0.398608  29.4668  390  10  0.85  0.05  Sig
-9.81701e-08  0.000145576  390  10  0.95  0.05  Sig
0.130495  0.268732  410  10  -0.95  0.05  Sig
0.388292  0.066831  410  10  -0.85  0.05  Sig
0.567385  0.0429064  410  10  -0.75  0.05  Sig
0.541702  0.0316987  410  10  -0.65  0.05  Sig
0.554238  0.0275544  410  10  -0.55  0.05  Sig
0.614491  0.0251477  410  10  -0.45  0.05  Sig
0.668362  0.0241447  410  10  -0.35  0.05  Sig
0.644291  0.023634  410  10  -0.25  0.05  Sig
0.623763  0.024046  410  10  -0.15  0.05  Sig
0.638975  0.0264267  410  10  -0.05  0.05  Sig
0.627171  0.0275958  410  10  0.05  0.05  Sig
0.608164  0.0300514  410  10  0.15  0.05  Sig
0.554534  0.0331347  410  10  0.25  0.05  Sig
0.62435  0.039899  410  10  0.35  0.05  Sig
0.484643  0.0479662  410  10  0.45  0.05  Sig
-2.96954  0.00277122  410  10  0.55  0.05  Sig
0.000240585  0.197503  410  10  0.65  0.05  Sig
0.330821  0.164362  410  10  0.75  0.05  Sig
-0.158233  0.51487  410  10  0.85  0.05  Sig
0  0  410  10  0.95  0.05  Sig
0.508173  0.210023  430  10  -0.95  0.05  Sig
0.512495  0.0618088  430  10  -0.85  0.05  Sig
0.492004  0.0389959  430  10  -0.75  0.05  Sig
0.583096  0.0283861  430  10  -0.65  0.05  Sig
0.595943  0.024694  430  10  -0.55  0.05  Sig
0.616633  0.0225229  430  10  -0.45  0.05  Sig
0.651273  0.0212623  430  10  -0.35  0.05  Sig
0.616728  0.021018  430  10  -0.25  0.05  Sig
0.624548  0.0211926  430  10  -0.15  0.05  Sig
0.655166  0.0239544  430  10  -0.05  0.05  Sig
0.584046  0.0241663  430  10  0.05  0.05  Sig
0.616355  0.0258453  430  10  0.15  0.05  Sig
0.602292  0.0289226  430  10  0.25  0.05  Sig
0.559471  0.0329586  430  10  0.35  0.05  Sig
0.478177  0.0405262  430  10  0.45  0.05  Sig
0.383151  0.0586346  430  10  0.55  0.05  Sig
0.423247  0.0804798  430  10  0.65  0.05  Sig
0.242982  0.151457  430  10  0.75  0.05  Sig
0.407183  0.471935  430  10  0.85  0.05  Sig
0.320388  0.48349  430  10  0.95  0.05  Sig
0.12218  0.288434  450  10  -0.95  0.05  Sig
0.431354  0.0492352  450  10  -0.85  0.05  Sig
0.501882  0.0339748  450  10  -0.75  0.05  Sig
0.561317  0.0248026  450  10  -0.65  0.05  Sig
0.62013  0.0214642  450  10  -0.55  0.05  Sig
0.619918  0.0197535  450  10  -0.45  0.05  Sig
0.62533  0.0186611  450  10  -0.35  0.05  Sig
0.617485  0.0182672  450  10  -0.25  0.05  Sig
0.607124  0.0188656  450  10  -0.15  0.05  Sig
0.630756  0.0201947  450  10  -0.05  0.05  Sig
0.607628  0.021122  450  10  0.05  0.05  Sig
0.587413  0.0224027  450  10  0.15  0.05  Sig
0.580445  0.0243137  450  10  0.25  0.05  Sig
0.552871  0.0284976  450  10  0.35  0.05  Sig
0.448845  0.0349373  450  10  0.45  0.05  Sig
0  0  450  10  0.55  0.05  Sig
0.000228088  0.00170497  450  10  0.65  0.05  Sig
0.101442  0.113551  450  10  0.75  0.05  Sig
0.031338  0.406137  450  10  0.85  0.05  Sig
0.397634  0.414282  450  10  0.95  0.05  Sig
-0.0644779  0.27935  470  10  -0.95  0.05  Sig
0.375658  0.0446231  470  10  -0.85  0.05  Sig
0.530353  0.0306827  470  10  -0.75  0.05  Sig
0.591264  0.0218054  470  10  -0.65  0.05  Sig
0.614991  0.0192122  470  10  -0.55  0.05  Sig
0.656015  0.0177942  470  10  -0.45  0.05  Sig
0.63303  0.0168814  470  10  -0.35  0.05  Sig
0.636151  0.0162936  470  10  -0.25  0.05  Sig
0.616503  0.0175013  470  10  -0.15  0.05  Sig
0.644228  0.0181825  470  10  -0.05  0.05  Sig
0.609264  0.0185773  470  10  0.05  0.05  Sig
0.573577  0.020302  470  10  0.15  0.05  Sig
0.528918  0.0226911  470  10  0.25  0.05  Sig
0.557983  0.0252648  470  10  0.35  0.05  Sig
0.470689  0.0304747  470  10  0.45  0.05  Sig
0.412818  0.0380836  470  10  0.55  0.05  Sig
0.400176  0.0578128  470  10  0.65  0.05  Sig
0.216878  0.0910333  470  10  0.75  0.05  Sig
0.342043  0.304515  470  10  0.85  0.05  Sig
-0.000269761  5.30143  470  10  0.95  0.05  Sig
1.55165  0.266895  490  10  -0.95  0.05  Sig
0.431115  0.0471509  490  10  -0.85  0.05  Sig
0.535905  0.0321036  490  10  -0.75  0.05  Sig
0.588653  0.0239038  490  10  -0.65  0.05  Sig
0.592004  0.0209695  490  10  -0.55  0.05  Sig
0.629664  0.0193956  490  10  -0.45  0.05  Sig
0.627934  0.0177544  490  10  -0.35  0.05  Sig
0.626366  0.01885  490  10  -0.25  0.05  Sig
0.659298  0.0186169  490  10  -0.15  0.05  Sig
0.640669  0.0193477  490  10  -0.05  0.05  Sig
0.598694  0.0197534  490  10  0.05  0.05  Sig
0.601979  0.021022  490  10  0.15  0.05  Sig
0.59397  0.022332  490  10  0.25  0.05  Sig
0.50002  0.0251476  490  10  0.35  0.05  Sig
0.483472  0.0311783  490  10  0.45  0.05  Sig
0  0  490  10  0.55  0.05  Sig
0.345352  0.0559516  490  10  0.65  0.05  Sig
0.214185  0.113407  490  10  0.75  0.05  Sig
-0.368474  0.53457  490  10  0.85  0.05  Sig
1.28969e-05  5.54427  490  10  0.95  0.05  Sig
0.000200958  0.00249132  510  10  -0.95  0.05  Sig
0.431615  0.0371588  510  10  -0.85  0.05  Sig
0.525332  0.0267161  510  10  -0.75  0.05  Sig
0.628445  0.0203361  510  10  -0.65  0.05  Sig
0.631154  0.0175051  510  10  -0.55  0.05  Sig
0.622683  0.0156397  510  10  -0.45  0.05  Sig
0.647879  0.0151703  510  10  -0.35  0.05  Sig
0.648764  0.0162928  510  10  -0.25  0.05  Sig
0.654229  0.0161107  510  10  -0.15  0.05  Sig
0.636793  0.016162  510  10  -0.05  0.05  Sig
0.606741  0.0163965  510  10  0.05  0.05  Sig
0.592697  0.0174363  510  10  0.15  0.05  Sig
0.583766  0.0182613  510  10  0.25  0.05  Sig
0.569406  0.0213222  510  10  0.35  0.05  Sig
0.525908  0.0255552  510  10  0.45  0.05  Sig
0.460857  0.0330513  510  10  0.55  0.05  Sig
0.356359  0.0461257  510  10  0.65  0.05  Sig
0.382203  0.0783325  510  10  0.75  0.05  Sig
0.230421  0.333361  510  10  0.85  0.05  Sig
0.0916031  0.633433  510  10  0.95  0.05  Sig
0  0  530  10  -0.95  0.05  Sig
0  0  530  10  -0.85  0.05  Sig
0.524534  0.0283921  530  10  -0.75  0.05  Sig
0.61599  0.0210038  530  10  -0.65  0.05  Sig
0.649712  0.0182139  530  10  -0.55  0.05  Sig
0.635845  0.0172129  530  10  -0.45  0.05  Sig
0.624579  0.0170187  530  10  -0.35  0.05  Sig
0.634106  0.0173979  530  10  -0.25  0.05  Sig
0.64257  0.016615  530  10  -0.15  0.05  Sig
0.651213  0.0173268  530  10  -0.05  0.05  Sig
0.642591  0.0174471  530  10  0.05  0.05  Sig
0.63441  0.0182092  530  10  0.15  0.05  Sig
0.586034  0.0199674  530  10  0.25  0.05  Sig
0.550896  0.022654  530  10  0.35  0.05  Sig
0.477489  0.0278859  530  10  0.45  0.05  Sig
0.403803  0.0351553  530  10  0.55  0.05  Sig
0.354499  0.0473347  530  10  0.65  0.05  Sig
0.308521  0.0923977  530  10  0.75  0.05  Sig
0.544678  0.4709  530  10  0.85  0.05  Sig
-0.539141  1.07229  530  10  0.95  0.05  Sig
0  0  550  10  -0.95  0.05  Sig
0.412675  0.0411161  550  10  -0.85  0.05  Sig
0.398223  0.0284145  550  10  -0.75  0.05  Sig
0.580015  0.0242828  550  10  -0.65  0.05  Sig
0.634416  0.0201655  550  10  -0.55  0.05  Sig
0.541699  0.0188875  550  10  -0.45  0.05  Sig
0.650405  0.0189448  550  10  -0.35  0.05  Sig
0.650163  0.0193794  550  10  -0.25  0.05  Sig
0.647225  0.0187726  550  10  -0.15  0.05  Sig
0.640048  0.0188889  550  10  -0.05  0.05  Sig
0.624032  0.0196349  550  10  0.05  0.05  Sig
0.653551  0.0201135  550  10  0.15  0.05  Sig
0.593151  0.0220492  550  10  0.25  0.05  Sig
0.588113  0.0246289  550  10  0.35  0.05  Sig
0.527272  0.0286305  550  10  0.45  0.05  Sig
0.486368  0.0370666  550  10  0.55  0.05  Sig
0.446873  0.0515793  550  10  0.65  0.05  Sig
0.290326  0.105377  550  10  0.75  0.05  Sig
-0.138608  0.531306  550  10  0.85  0.05  Sig
0.362228  0.994291  550  10  0.95  0.05  Sig
1.2244  0.473867  570  10  -0.95  0.05  Sig
0.420981  0.0374138  570  10  -0.85  0.05  Sig
0.527283  0.023542  570  10  -0.75  0.05  Sig
0.632456  0.0181607  570  10  -0.65  0.05  Sig
0.602518  0.0160482  570  10  -0.55  0.05  Sig
0.64942  0.0156226  570  10  -0.45  0.05  Sig
0.638202  0.0153098  570  10  -0.35  0.05  Sig
0.650131  0.0148381  570  10  -0.25  0.05  Sig
0.663529  0.0146363  570  10  -0.15  0.05  Sig
0.671632  0.0150745  570  10  -0.05  0.05  Sig
0.633404  0.0152334  570  10  0.05  0.05  Sig
0.655563  0.0159685  570  10  0.15  0.05  Sig
0.600467  0.0176453  570  10  0.25  0.05  Sig
0.577875  0.0202312  570  10  0.35  0.05  Sig
0.534588  0.0226003  570  10  0.45  0.05  Sig
0.510092  0.0285825  570  10  0.55  0.05  Sig
0.341619  0.0414024  570  10  0.65  0.05  Sig
0.207877  0.0893773  570  10  0.75  0.05  Sig
-0.272138  37.0567  570  10  0.85  0.05  Sig
-0.0323612  0.0377544  570  10  0.95  0.05  Sig
0.952146  0.0131783  590  10  -0.95  0.05  Sig
0.414672  0.0291545  590  10  -0.85  0.05  Sig
0.555344  0.0202146  590  10  -0.75  0.05  Sig
0.591913  0.0159798  590  10  -0.65  0.05  Sig
0.623352  0.0136792  590  10  -0.55  0.05  Sig
0.667352  0.0136199  590  10  -0.45  0.05  Sig
0.687635  0.0132332  590  10  -0.35  0.05  Sig
0.667811  0.0126585  590  10  -0.25  0.05  Sig
0.705054  0.012378  590  10  -0.15  0.05  Sig
0.659272  0.012437  590  10  -0.05  0.05  Sig
0.641548  0.0129878  590  10  0.05  0.05  Sig
0.608907  0.0137319  590  10  0.15  0.05  Sig
0.62107  0.0150743  590  10  0.25  0.05  Sig
0.568554  0.0170574  590  10  0.35  0.05  Sig
0.545574  0.0213058  590  10  0.45  0.05  Sig
0.525776  0.024598  590  10  0.55  0.05  Sig
0.366779  0.0358518  590  10  0.65  0.05  Sig
-2.91863  1.7192  590  10  0.75  0.05  Sig
6.16544  48.5335  590  10  0.85  0.05  Sig
0.00302746  0.00481556  590  10  0.95  0.05  Sig
0.199054  0.0550355  610  10  -0.95  0.05  Sig
0.417639  0.0296305  610  10  -0.85  0.05  Sig
0.527672  0.0232988  610  10  -0.75  0.05  Sig
0.590537  0.017895  610  10  -0.65  0.05  Sig
0.661633  0.0157094  610  10  -0.55  0.05  Sig
0.69272  0.0147746  610  10  -0.45  0.05  Sig
0.680365  0.0144662  610  10  -0.35  0.05  Sig
0.668029  0.0140758  610  10  -0.25  0.05  Sig
0.675662  0.0133849  610  10  -0.15  0.05  Sig
0.709081  0.0138636  610  10  -0.05  0.05  Sig
0.685132  0.0142649  610  10  0.05  0.05  Sig
0.665882  0.0148798  610  10  0.15  0.05  Sig
0.660638  0.0168926  610  10  0.25  0.05  Sig
0.620488  0.0185298  610  10  0.35  0.05  Sig
0.584672  0.0239346  610  10  0.45  0.05  Sig
0.521018  0.0285498  610  10  0.55  0.05  Sig
0.506358  0.0453148  610  10  0.65  0.05  Sig
0.180029  0.095174  610  10  0.75  0.05  Sig
0.00292221  11.4529  610  10  0.85  0.05  Sig
-0.011088  0.160386  610  10  0.95  0.05  Sig
0.349982  0.126972  630  10  -0.95  0.05  Sig
0.355362  0.0570126  630  10  -0.85  0.05  Sig
0.534974  0.0457227  630  10  -0.75  0.05  Sig
0.629211  0.0345161  630  10  -0.65  0.05  Sig
0.652779  0.0315054  630  10  -0.55  0.05  Sig
0.584871  0.0290201  630  10  -0.45  0.05  Sig
0.768084  0.0287599  630  10  -0.35  0.05  Sig
0.724524  0.0273793  630  10  -0.25  0.05  Sig
0.709913  0.0266025  630  10  -0.15  0.05  Sig
0.753943  0.0274976  630  10  -0.05  0.05  Sig
0.784205  0.0283942  630  10  0.05  0.05  Sig
0.639156  0.0286654  630  10  0.15  0.05  Sig
0.674952  0.0327966  630  10  0.25  0.05  Sig
0.65659  0.0342992  630  10  0.35  0.05  Sig
0.610645  0.0441073  630  10  0.45  0.05  Sig
0.605828  0.0561584  630  10  0.55  0.05  Sig
0.632368  0.0804978  630  10  0.65  0.05  Sig
0.337587  0.188175  630  10  0.75  0.05  Sig
0.00393824  75.6672  630  10  0.85  0.05  Sig
0.000731125  5.86819  630  10  0.95  0.05  Sig
6.89251  533.677  650  10  -0.95  0.05  Sig
0.67776  0.188208  650  10  -0.85  0.05  Sig
0.452952  0.116502  650  10  -0.75  0.05  Sig
0.547151  0.0931791  650  10  -0.65  0.05  Sig
0.780455  0.0884381  650  10  -0.55  0.05  Sig
0.594034  0.0839506  650  10  -0.45  0.05  Sig
0.759382  0.0820862  650  10  -0.35  0.05  Sig
0.689606  0.0801174  650  10  -0.25  0.05  Sig
0.75706  0.0778132  650  10  -0.15  0.05  Sig
0.694969  0.0791578  650  10  -0.05  0.05  Sig
0.505511  0.0780985  650  10  0.05  0.05  Sig
0.67615  0.082721  650  10  0.15  0.05  Sig
0.535209  0.0895509  650  10  0.25  0.05  Sig
0.540764  0.0985323  650  10  0.35  0.05  Sig
0.559896  0.117719  650  10  0.45  0.05  Sig
0.45343  0.163357  650  10  0.55  0.05  Sig
0.459842  0.21899  650  10  0.65  0.05  Sig
0.255056  0.633525  650  10  0.75  0.05  Sig
0.245928  12.4941  650  10  0.85  0.05  Sig
0  0  650  10  0.95  0.05  Sig
0  0  670  10  -0.95  0.05  Sig
0.184749  0.658447  670  10  -0.85  0.05  Sig
1.35626  0.477539  670  10  -0.75  0.05  Sig
1.47453  0.362405  670  10  -0.65  0.05  Sig
0.571551  0.319357  670  10  -0.55  0.05  Sig
0.521549  0.332548  670  10  -0.45  0.05  Sig
1.1099  0.324303  670  10  -0.35  0.05  Sig
0.811322  0.316193  670  10  -0.25  0.05  Sig
0.777526  0.304958  670  10  -0.15  0.05  Sig
0.448157  0.310281  670  10  -0.05  0.05  Sig
0.553635  0.312174  670  10  0.05  0.05  Sig
1.17684  0.329506  670  10  0.15  0.05  Sig
0.839166  0.374311  670  10  0.25  0.05  Sig
1.72996  0.385189  670  10  0.35  0.05  Sig
0.420171  0.467076  670  10  0.45  0.05  Sig
0.391495  0.596829  670  10  0.55  0.05  Sig
0.734664  0.851512  670  10  0.65  0.05  Sig
0.416281  2.56529  670  10  0.75  0.05  Sig
0.00137543  352.863  670  10  0.85  0.05  Sig
0.00534893  143.61  670  10  0.95  0.05  Sig
-1.1442  0.858493  690  10  -0.95  0.05  Sig
0.815687  0.517803  690  10  -0.85  0.05  Sig
-0.070995  0.450825  690  10  -0.75  0.05  Sig
0.612463  0.349468  690  10  -0.65  0.05  Sig
0.561869  0.306333  690  10  -0.55  0.05  Sig
0.102402  0.314998  690  10  -0.45  0.05  Sig
0.964429  0.287346  690  10  -0.35  0.05  Sig
0.948689  0.290008  690  10  -0.25  0.05  Sig
0.742297  0.270529  690  10  -0.15  0.05  Sig
1.46705  0.284227  690  10  -0.05  0.05  Sig
1.06757  0.290721  690  10  0.05  0.05  Sig
0.611873  0.302026  690  10  0.15  0.05  Sig
0.731618  0.317739  690  10  0.25  0.05  Sig
0.898596  0.375194  690  10  0.35  0.05  Sig
0.840523  0.419656  690  10  0.45  0.05  Sig
1.0793  0.502017  690  10  0.55  0.05  Sig
-0.218004  0.781407  690  10  0.65  0.05  Sig
2.30689  2.00257  690  10  0.75  0.05  Sig
0  0  690  10  0.85  0.05  Sig
0  0  690  10  0.95  0.05  Sig
0  0  710  10  -0.95  0.05  Sig
-0.0875931  0.55502  710  10  -0.85  0.05  Sig
-0.436468  0.523933  710  10  -0.75  0.05  Sig
0.540255  0.399149  710  10  -0.65  0.05  Sig
0.965632  0.416253  710  10  -0.55  0.05  Sig
0.428291  0.357541  710  10  -0.45  0.05  Sig
0.825094  0.358801  710  10  -0.35  0.05  Sig
0.422583  0.346848  710  10  -0.25  0.05  Sig
0.636558  0.360199  710  10  -0.15  0.05  Sig
0.600534  0.347732  710  10  -0.05  0.05  Sig
1.06381  0.354964  710  10  0.05  0.05  Sig
0.803903  0.372479  710  10  0.15  0.05  Sig
1.29265  0.383342  710  10  0.25  0.05  Sig
0.492629  0.443902  710  10  0.35  0.05  Sig
-0.189356  0.517657  710  10  0.45  0.05  Sig
1.80766  0.584879  710  10  0.55  0.05  Sig
-0.9912  0.953458  710  10  0.65  0.05  Sig
-0.164587  302.431  710  10  0.75  0.05  Sig
-0.000415603  226.709  710  10  0.85  0.05  Sig
0  0  710  10  0.95  0.05  Sig
