1  0.00247965   250.00   10  -0.95  0.05
-0.638331  4.8003   250.00   10  -0.85  0.05
-1  0.000379101   250.00   10  -0.75  0.05
1  2.23968e-05   250.00   10  -0.65  0.05
-0.999994  0.00210049   250.00   10  -0.55  0.05
0.471173  0.877458   250.00   10  -0.45  0.05
0.867116  1.10979   250.00   10  -0.35  0.05
0.696635  1.54864   250.00   10  -0.25  0.05
-0.999966  0.00146477   250.00   10  -0.15  0.05
1  1.09403e-06   250.00   10  -0.05  0.05
0.999994  0.00168536   250.00   10  0.05  0.05
-0.880219  0.980331   250.00   10  0.15  0.05
0.999999  0.00162954   250.00   10  0.25  0.05
-1  8.46646e-05   250.00   10  0.35  0.05
-1  0.000442818   250.00   10  0.45  0.05
1  5.99311e-06   250.00   10  0.55  0.05
-0.488177  0.841471   250.00   10  0.65  0.05
-0.999995  0.00769644   250.00   10  0.75  0.05
-1  0.00187759   250.00   10  0.85  0.05
-1  5.81115e-05   250.00   10  0.95  0.05
1  1.49426e-06   270.00   10  -0.95  0.05
0.752985  0.523082   270.00   10  -0.85  0.05
0.999927  0.0019197   270.00   10  -0.75  0.05
-0.158318  0.358665   270.00   10  -0.65  0.05
0.698113  0.209008   270.00   10  -0.55  0.05
0.63035  0.209863   270.00   10  -0.45  0.05
0.595523  0.256278   270.00   10  -0.35  0.05
0.308813  0.437395   270.00   10  -0.25  0.05
-0.244246  0.574456   270.00   10  -0.15  0.05
0.463383  0.245157   270.00   10  -0.05  0.05
0.968071  0.247299   270.00   10  0.05  0.05
0.614967  0.459398   270.00   10  0.15  0.05
0.867112  0.171422   270.00   10  0.25  0.05
0.489371  11.2903   270.00   10  0.35  0.05
-1  0.000123344   270.00   10  0.45  0.05
1  0.000497051   270.00   10  0.55  0.05
-0.999999  0.00127132   270.00   10  0.65  0.05
1  0.000175147   270.00   10  0.75  0.05
-1  0.000196042   270.00   10  0.85  0.05
-1  0.0021281   270.00   10  0.95  0.05
-1  6.88857e-06   290.00   10  -0.95  0.05
0.175675  1.07115   290.00   10  -0.85  0.05
-0.446052  0.773945   290.00   10  -0.75  0.05
0.665867  0.242068   290.00   10  -0.65  0.05
0.585245  0.214358   290.00   10  -0.55  0.05
0.563738  0.168849   290.00   10  -0.45  0.05
0.360832  0.182692   290.00   10  -0.35  0.05
-0.457844  0.741469   290.00   10  -0.25  0.05
0.107897  0.611349   290.00   10  -0.15  0.05
0.523709  0.216516   290.00   10  -0.05  0.05
0.841723  0.589322   290.00   10  0.05  0.05
0.197005  0.621726   290.00   10  0.15  0.05
1  3.72481e-05   290.00   10  0.25  0.05
-1  6.47153e-05   290.00   10  0.35  0.05
0.753454  0.217855   290.00   10  0.45  0.05
-0.488177  0.841471   290.00   10  0.55  0.05
-0.841471  0.73846   290.00   10  0.65  0.05
0.11226  0.250351   290.00   10  0.75  0.05
-1  3.97186e-05   290.00   10  0.85  0.05
-0.999996  0.0407086   290.00   10  0.95  0.05
-0.999999  0.00404732   310.00   10  -0.95  0.05
0.686988  0.205532   310.00   10  -0.85  0.05
0.474091  0.125287   310.00   10  -0.75  0.05
0.745373  0.0790458   310.00   10  -0.65  0.05
0.580679  0.0780816   310.00   10  -0.55  0.05
0.505863  0.0782673   310.00   10  -0.45  0.05
0.528898  0.0726792   310.00   10  -0.35  0.05
0.587037  0.0712123   310.00   10  -0.25  0.05
0.502518  0.0953739   310.00   10  -0.15  0.05
0.616517  0.0755133   310.00   10  -0.05  0.05
0.722593  0.263854   310.00   10  0.05  0.05
0.667419  0.0662844   310.00   10  0.15  0.05
-0.343436  0.64607   310.00   10  0.25  0.05
1  0.00136827   310.00   10  0.35  0.05
0.158339  0.0835375   310.00   10  0.45  0.05
0.748762  0.410789   310.00   10  0.55  0.05
-0.632783  189.335   310.00   10  0.65  0.05
1  0.000411848   310.00   10  0.75  0.05
-1  0.000356684   310.00   10  0.85  0.05
-1  0.000948409   310.00   10  0.95  0.05
-0.488177  0.841471   330.00   10  -0.95  0.05
0.779311  0.0203789   330.00   10  -0.85  0.05
0.349693  0.105759   330.00   10  -0.75  0.05
0.506416  0.0802063   330.00   10  -0.65  0.05
0.473849  0.069731   330.00   10  -0.55  0.05
0.630517  0.0581462   330.00   10  -0.45  0.05
0.471803  0.0586608   330.00   10  -0.35  0.05
0.521952  0.0591183   330.00   10  -0.25  0.05
0.578295  0.720763   330.00   10  -0.15  0.05
0.599931  0.111033   330.00   10  -0.05  0.05
0.567104  0.186425   330.00   10  0.05  0.05
0.534614  0.269176   330.00   10  0.15  0.05
0.48729  0.0801406   330.00   10  0.25  0.05
0.51063  0.108413   330.00   10  0.35  0.05
0.881358  0.135768   330.00   10  0.45  0.05
0.641905  0.15792   330.00   10  0.55  0.05
-0.826228  2.0876   330.00   10  0.65  0.05
-1  0.000231745   330.00   10  0.75  0.05
-1  1.36506e-06   330.00   10  0.85  0.05
0.531631  0.120271   330.00   10  0.95  0.05
-0.834437  0.46987   350.00   10  -0.95  0.05
0.543158  0.211313   350.00   10  -0.85  0.05
0.509852  0.126221   350.00   10  -0.75  0.05
0.52254  0.0543478   350.00   10  -0.65  0.05
0.540427  0.0463335   350.00   10  -0.55  0.05
0.556454  0.0663875   350.00   10  -0.45  0.05
0.641808  0.0593763   350.00   10  -0.35  0.05
0.684015  0.0432648   350.00   10  -0.25  0.05
0.576155  0.067819   350.00   10  -0.15  0.05
0.564783  0.0856613   350.00   10  -0.05  0.05
0.549142  0.0557091   350.00   10  0.05  0.05
0.58722  6.78698   350.00   10  0.15  0.05
0.446889  0.684049   350.00   10  0.25  0.05
0.999866  0.153439   350.00   10  0.35  0.05
0.999993  0.000574321   350.00   10  0.45  0.05
-0.999999  0.00824028   350.00   10  0.55  0.05
0.499961  0.417196   350.00   10  0.65  0.05
0.903905  0.267743   350.00   10  0.75  0.05
-1  0.00134126   350.00   10  0.85  0.05
0.108716  0.0926337   350.00   10  0.95  0.05
-1  6.26713e-06   370.00   10  -0.95  0.05
0.414315  0.11614   370.00   10  -0.85  0.05
0.550866  0.0928671   370.00   10  -0.75  0.05
0.465074  0.0686813   370.00   10  -0.65  0.05
0.513773  0.0337785   370.00   10  -0.55  0.05
0.621957  0.0428568   370.00   10  -0.45  0.05
0.598692  0.0297303   370.00   10  -0.35  0.05
0.715877  0.0333685   370.00   10  -0.25  0.05
0.61124  0.0651285   370.00   10  -0.15  0.05
0.626576  0.0421256   370.00   10  -0.05  0.05
0.617664  0.0366952   370.00   10  0.05  0.05
0.618602  0.0581106   370.00   10  0.15  0.05
0.433876  0.125072   370.00   10  0.25  0.05
0.451803  0.0543056   370.00   10  0.35  0.05
0.481638  0.103083   370.00   10  0.45  0.05
0.544993  0.0749613   370.00   10  0.55  0.05
0.540148  0.176287   370.00   10  0.65  0.05
1  0.00065766   370.00   10  0.75  0.05
0.889316  0.719367   370.00   10  0.85  0.05
-1  2.49017e-05   370.00   10  0.95  0.05
1  1.78794e-06   390.00   10  -0.95  0.05
0.285917  0.399267   390.00   10  -0.85  0.05
0.520531  0.0683586   390.00   10  -0.75  0.05
0.469158  0.049481   390.00   10  -0.65  0.05
0.518726  0.0372358   390.00   10  -0.55  0.05
0.596131  0.038736   390.00   10  -0.45  0.05
0.660651  0.0349015   390.00   10  -0.35  0.05
0.60534  0.0361248   390.00   10  -0.25  0.05
0.638493  0.0359068   390.00   10  -0.15  0.05
0.669606  0.0517391   390.00   10  -0.05  0.05
0.583393  0.0501128   390.00   10  0.05  0.05
0.626202  0.0551634   390.00   10  0.15  0.05
0.620323  0.0544825   390.00   10  0.25  0.05
0.479751  0.0653057   390.00   10  0.35  0.05
0.254626  20.2428   390.00   10  0.45  0.05
0.461104  0.15154   390.00   10  0.55  0.05
-0.525735  0.38835   390.00   10  0.65  0.05
-0.54008  0.265477   390.00   10  0.75  0.05
-0.279864  27.5024   390.00   10  0.85  0.05
1  1.25281e-11   390.00   10  0.95  0.05
0.385145  0.142698   410.00   10  -0.95  0.05
0.392805  0.0836804   410.00   10  -0.85  0.05
0.574528  0.0379303   410.00   10  -0.75  0.05
0.586376  0.0347406   410.00   10  -0.65  0.05
0.573713  0.0264613   410.00   10  -0.55  0.05
0.62213  0.0246217   410.00   10  -0.45  0.05
0.680252  0.0209328   410.00   10  -0.35  0.05
0.648918  0.0246099   410.00   10  -0.25  0.05
0.648292  0.0222478   410.00   10  -0.15  0.05
0.653271  0.0273249   410.00   10  -0.05  0.05
0.647473  0.0258711   410.00   10  0.05  0.05
0.613753  0.0301866   410.00   10  0.15  0.05
0.573293  0.042832   410.00   10  0.25  0.05
0.678165  0.033254   410.00   10  0.35  0.05
0.481623  0.0574147   410.00   10  0.45  0.05
-0.034158  0.228908   410.00   10  0.55  0.05
0.369967  0.115298   410.00   10  0.65  0.05
0.374023  0.231823   410.00   10  0.75  0.05
-0.296636  2.93289   410.00   10  0.85  0.05
-0.488177  0.841471   410.00   10  0.95  0.05
0.537235  0.160868   430.00   10  -0.95  0.05
0.501186  0.0668165   430.00   10  -0.85  0.05
0.513298  0.0373711   430.00   10  -0.75  0.05
0.603365  0.0285356   430.00   10  -0.65  0.05
0.619984  0.0265403   430.00   10  -0.55  0.05
0.628486  0.0208663   430.00   10  -0.45  0.05
0.654425  0.0217318   430.00   10  -0.35  0.05
0.621567  0.0202605   430.00   10  -0.25  0.05
0.634058  0.02258   430.00   10  -0.15  0.05
0.646294  0.0236403   430.00   10  -0.05  0.05
0.598217  0.0232529   430.00   10  0.05  0.05
0.638491  0.0261018   430.00   10  0.15  0.05
0.620799  0.0291514   430.00   10  0.25  0.05
0.562075  0.0313568   430.00   10  0.35  0.05
0.467505  0.0376838   430.00   10  0.45  0.05
0.394994  0.0617072   430.00   10  0.55  0.05
0.473641  0.070275   430.00   10  0.65  0.05
0.232443  0.466277   430.00   10  0.75  0.05
0.661342  0.344474   430.00   10  0.85  0.05
1  3.01473e-08   430.00   10  0.95  0.05
0.337692  0.559662   450.00   10  -0.95  0.05
0.46124  0.0448452   450.00   10  -0.85  0.05
0.517402  0.0355002   450.00   10  -0.75  0.05
0.581952  0.0249489   450.00   10  -0.65  0.05
0.641392  0.0199754   450.00   10  -0.55  0.05
0.610738  0.0197313   450.00   10  -0.45  0.05
0.640893  0.0173698   450.00   10  -0.35  0.05
0.625288  0.0185875   450.00   10  -0.25  0.05
0.616831  0.0175997   450.00   10  -0.15  0.05
0.636282  0.0214164   450.00   10  -0.05  0.05
0.60713  0.0199119   450.00   10  0.05  0.05
0.599067  0.0244041   450.00   10  0.15  0.05
0.574984  0.0242169   450.00   10  0.25  0.05
0.559474  0.0259408   450.00   10  0.35  0.05
0.460436  0.0448228   450.00   10  0.45  0.05
-0.336385  0.0530832   450.00   10  0.55  0.05
-0.368141  0.102263   450.00   10  0.65  0.05
0.165355  0.708984   450.00   10  0.75  0.05
-0.335177  2.33257   450.00   10  0.85  0.05
1  2.20598e-08   450.00   10  0.95  0.05
0.315662  2.14798   470.00   10  -0.95  0.05
0.388072  0.0540486   470.00   10  -0.85  0.05
0.550762  0.034411   470.00   10  -0.75  0.05
0.621407  0.0193109   470.00   10  -0.65  0.05
0.617814  0.019009   470.00   10  -0.55  0.05
0.663512  0.0176192   470.00   10  -0.45  0.05
0.644155  0.0168582   470.00   10  -0.35  0.05
0.662729  0.0161954   470.00   10  -0.25  0.05
0.6197  0.0161711   470.00   10  -0.15  0.05
0.65032  0.0172536   470.00   10  -0.05  0.05
0.612573  0.0176142   470.00   10  0.05  0.05
0.592055  0.0181992   470.00   10  0.15  0.05
0.531613  0.0226253   470.00   10  0.25  0.05
0.576946  0.0245933   470.00   10  0.35  0.05
0.475675  0.0273943   470.00   10  0.45  0.05
0.415374  0.0348372   470.00   10  0.55  0.05
0.4162  0.0531817   470.00   10  0.65  0.05
0.220981  0.141978   470.00   10  0.75  0.05
0.523988  5.15732   470.00   10  0.85  0.05
-1  1.29264e-06   470.00   10  0.95  0.05
0.292489  0.329574   490.00   10  -0.95  0.05
0.43985  0.0441562   490.00   10  -0.85  0.05
0.532948  0.0326124   490.00   10  -0.75  0.05
0.608469  0.0220103   490.00   10  -0.65  0.05
0.613583  0.0207882   490.00   10  -0.55  0.05
0.659755  0.0194032   490.00   10  -0.45  0.05
0.645905  0.0165671   490.00   10  -0.35  0.05
0.660744  0.0173032   490.00   10  -0.25  0.05
0.683249  0.0163864   490.00   10  -0.15  0.05
0.661128  0.0185977   490.00   10  -0.05  0.05
0.602803  0.0198628   490.00   10  0.05  0.05
0.62051  0.0205042   490.00   10  0.15  0.05
0.600375  0.0218673   490.00   10  0.25  0.05
0.509365  0.0237885   490.00   10  0.35  0.05
0.508335  0.0304677   490.00   10  0.45  0.05
0.554935  0.0562217   490.00   10  0.55  0.05
0.412162  0.0607238   490.00   10  0.65  0.05
0.279426  0.098488   490.00   10  0.75  0.05
1  8.91141e-06   490.00   10  0.85  0.05
1  4.36717e-05   490.00   10  0.95  0.05
-0.260212  0.252005   510.00   10  -0.95  0.05
0.408985  0.0388174   510.00   10  -0.85  0.05
0.510439  0.0272347   510.00   10  -0.75  0.05
0.62634  0.0196476   510.00   10  -0.65  0.05
0.647692  0.016605   510.00   10  -0.55  0.05
0.642468  0.0151945   510.00   10  -0.45  0.05
0.654061  0.0141612   510.00   10  -0.35  0.05
0.656063  0.0146964   510.00   10  -0.25  0.05
0.660504  0.0150609   510.00   10  -0.15  0.05
0.646233  0.0152533   510.00   10  -0.05  0.05
0.625026  0.0160261   510.00   10  0.05  0.05
0.607181  0.0167859   510.00   10  0.15  0.05
0.582566  0.0170889   510.00   10  0.25  0.05
0.593479  0.0186517   510.00   10  0.35  0.05
0.544894  0.0233933   510.00   10  0.45  0.05
0.467416  0.0330169   510.00   10  0.55  0.05
0.370166  0.0585669   510.00   10  0.65  0.05
0.431284  0.0769899   510.00   10  0.75  0.05
-0.589318  0.584216   510.00   10  0.85  0.05
1  0.000165277   510.00   10  0.95  0.05
0.453417  0.157898   530.00   10  -0.95  0.05
0.412092  0.0569533   530.00   10  -0.85  0.05
0.540681  0.0303135   530.00   10  -0.75  0.05
0.630722  0.0188165   530.00   10  -0.65  0.05
0.654357  0.0162804   530.00   10  -0.55  0.05
0.643905  0.0166432   530.00   10  -0.45  0.05
0.639151  0.0165729   530.00   10  -0.35  0.05
0.648884  0.0163598   530.00   10  -0.25  0.05
0.665162  0.0157796   530.00   10  -0.15  0.05
0.642775  0.0153665   530.00   10  -0.05  0.05
0.663597  0.0165607   530.00   10  0.05  0.05
0.643687  0.0144003   530.00   10  0.15  0.05
0.586455  0.0186533   530.00   10  0.25  0.05
0.553691  0.023195   530.00   10  0.35  0.05
0.460626  0.0273402   530.00   10  0.45  0.05
0.398831  0.0328442   530.00   10  0.55  0.05
0.348364  0.0550574   530.00   10  0.65  0.05
0.316517  0.11422   530.00   10  0.75  0.05
-0.476321  5.74597   530.00   10  0.85  0.05
-1  3.93492e-08   530.00   10  0.95  0.05
0.218969  0.14341   550.00   10  -0.95  0.05
0.409267  0.0439538   550.00   10  -0.85  0.05
0.362705  0.0322022   550.00   10  -0.75  0.05
0.627671  0.0235103   550.00   10  -0.65  0.05
0.641268  0.0192633   550.00   10  -0.55  0.05
0.611738  0.0197088   550.00   10  -0.45  0.05
0.67682  0.0180763   550.00   10  -0.35  0.05
0.669162  0.0176577   550.00   10  -0.25  0.05
0.666119  0.0170431   550.00   10  -0.15  0.05
0.649392  0.018095   550.00   10  -0.05  0.05
0.633853  0.0176378   550.00   10  0.05  0.05
0.663525  0.0184871   550.00   10  0.15  0.05
0.601439  0.0214284   550.00   10  0.25  0.05
0.587419  0.0240397   550.00   10  0.35  0.05
0.559896  0.0270444   550.00   10  0.45  0.05
0.476851  0.0375103   550.00   10  0.55  0.05
0.418834  0.0515831   550.00   10  0.65  0.05
0.318506  0.106226   550.00   10  0.75  0.05
0.518541  6.63044   550.00   10  0.85  0.05
-1  9.05746e-05   550.00   10  0.95  0.05
0.259234  0.122335   570.00   10  -0.95  0.05
0.396875  0.0372761   570.00   10  -0.85  0.05
0.533225  0.0215491   570.00   10  -0.75  0.05
0.626343  0.0170139   570.00   10  -0.65  0.05
0.609452  0.0157368   570.00   10  -0.55  0.05
0.64367  0.0140927   570.00   10  -0.45  0.05
0.649022  0.0138916   570.00   10  -0.35  0.05
0.66782  0.0138166   570.00   10  -0.25  0.05
0.673249  0.0129576   570.00   10  -0.15  0.05
0.669988  0.0137629   570.00   10  -0.05  0.05
0.647944  0.0142417   570.00   10  0.05  0.05
0.659371  0.0139426   570.00   10  0.15  0.05
0.607701  0.0179381   570.00   10  0.25  0.05
0.580135  0.0159617   570.00   10  0.35  0.05
0.529443  0.0214506   570.00   10  0.45  0.05
0.509862  0.025909   570.00   10  0.55  0.05
0.343469  0.0401627   570.00   10  0.65  0.05
0.158233  0.082805   570.00   10  0.75  0.05
0.664122  2.95426   570.00   10  0.85  0.05
-0.729049  0.750732   570.00   10  0.95  0.05
-0.445903  0.0845076   590.00   10  -0.95  0.05
0.462894  0.0286684   590.00   10  -0.85  0.05
0.552333  0.0182956   590.00   10  -0.75  0.05
0.583808  0.012779   590.00   10  -0.65  0.05
0.627759  0.0128579   590.00   10  -0.55  0.05
0.692437  0.0118201   590.00   10  -0.45  0.05
0.702619  0.011797   590.00   10  -0.35  0.05
0.663213  0.0118175   590.00   10  -0.25  0.05
0.718182  0.0110465   590.00   10  -0.15  0.05
0.687723  0.0113611   590.00   10  -0.05  0.05
0.655539  0.0120353   590.00   10  0.05  0.05
0.625535  0.0124828   590.00   10  0.15  0.05
0.638003  0.0124964   590.00   10  0.25  0.05
0.583611  0.0161684   590.00   10  0.35  0.05
0.579964  0.018255   590.00   10  0.45  0.05
0.531442  0.0233078   590.00   10  0.55  0.05
0.376578  0.0345173   590.00   10  0.65  0.05
0.300548  0.1352   590.00   10  0.75  0.05
-1  5.86937e-07   590.00   10  0.85  0.05
-1  2.87489e-08   590.00   10  0.95  0.05
0.234133  0.0580488   610.00   10  -0.95  0.05
0.450205  0.0276077   610.00   10  -0.85  0.05
0.563045  0.0224351   610.00   10  -0.75  0.05
0.588163  0.0167294   610.00   10  -0.65  0.05
0.675384  0.0138042   610.00   10  -0.55  0.05
0.706215  0.0130544   610.00   10  -0.45  0.05
0.713772  0.0128634   610.00   10  -0.35  0.05
0.674068  0.0127694   610.00   10  -0.25  0.05
0.701336  0.0116819   610.00   10  -0.15  0.05
0.712747  0.0120494   610.00   10  -0.05  0.05
0.680339  0.0131216   610.00   10  0.05  0.05
0.678534  0.0127081   610.00   10  0.15  0.05
0.668283  0.0150785   610.00   10  0.25  0.05
0.640793  0.0162788   610.00   10  0.35  0.05
0.588429  0.0214193   610.00   10  0.45  0.05
0.527403  0.0273258   610.00   10  0.55  0.05
0.511926  0.0397622   610.00   10  0.65  0.05
0.333814  0.10241   610.00   10  0.75  0.05
-1  0.003116   610.00   10  0.85  0.05
-1  7.81691e-05   610.00   10  0.95  0.05
0.476691  0.125525   630.00   10  -0.95  0.05
0.339987  0.0577825   630.00   10  -0.85  0.05
0.568188  0.0424326   630.00   10  -0.75  0.05
0.670934  0.0299535   630.00   10  -0.65  0.05
0.706782  0.0278109   630.00   10  -0.55  0.05
0.647933  0.0271905   630.00   10  -0.45  0.05
0.759723  0.0227616   630.00   10  -0.35  0.05
0.743701  0.0235461   630.00   10  -0.25  0.05
0.750009  0.0216638   630.00   10  -0.15  0.05
0.766418  0.021245   630.00   10  -0.05  0.05
0.796962  0.0214898   630.00   10  0.05  0.05
0.661784  0.025899   630.00   10  0.15  0.05
0.665976  0.0276536   630.00   10  0.25  0.05
0.669318  0.0324457   630.00   10  0.35  0.05
0.615437  0.0409926   630.00   10  0.45  0.05
0.652101  0.0469183   630.00   10  0.55  0.05
0.660675  0.0656051   630.00   10  0.65  0.05
0.593765  0.15518   630.00   10  0.75  0.05
-1  6.80928e-05   630.00   10  0.85  0.05
-1  2.10352e-05   630.00   10  0.95  0.05
0.769573  0.416336   650.00   10  -0.95  0.05
0.402869  0.264043   650.00   10  -0.85  0.05
0.591815  0.105454   650.00   10  -0.75  0.05
0.592466  0.0799465   650.00   10  -0.65  0.05
0.767778  0.117791   650.00   10  -0.55  0.05
0.582808  0.071366   650.00   10  -0.45  0.05
0.806236  0.0431035   650.00   10  -0.35  0.05
0.728466  0.062851   650.00   10  -0.25  0.05
0.807259  0.0442511   650.00   10  -0.15  0.05
0.645771  0.06908   650.00   10  -0.05  0.05
0.544418  0.0745196   650.00   10  0.05  0.05
0.593906  0.0759021   650.00   10  0.15  0.05
-0.561082  0.0698748   650.00   10  0.25  0.05
0.562567  0.0966238   650.00   10  0.35  0.05
0.623881  0.095119   650.00   10  0.45  0.05
0.55037  0.135976   650.00   10  0.55  0.05
0.492126  0.184777   650.00   10  0.65  0.05
0.999999  0.000179486   650.00   10  0.75  0.05
1  1.49128e-06   650.00   10  0.85  0.05
-0.102015  0.0630654   650.00   10  0.95  0.05
-1  0.0292589   670.00   10  -0.95  0.05
-0.524314  0.96837   670.00   10  -0.85  0.05
-1  0.000469958   670.00   10  -0.75  0.05
1  1.61914e-06   670.00   10  -0.65  0.05
0.352631  0.375232   670.00   10  -0.55  0.05
0.999992  0.0228968   670.00   10  -0.45  0.05
0.805097  0.34812   670.00   10  -0.35  0.05
0.983163  0.47448   670.00   10  -0.25  0.05
-0.78988  6.65415   670.00   10  -0.15  0.05
0.634476  0.449607   670.00   10  -0.05  0.05
0.552373  0.353084   670.00   10  0.05  0.05
0.999988  0.00259345   670.00   10  0.15  0.05
-0.886368  6.38106   670.00   10  0.25  0.05
1  0.000109739   670.00   10  0.35  0.05
0.935601  0.2103   670.00   10  0.45  0.05
-0.999999  0.000113885   670.00   10  0.55  0.05
-0.712531  1.74309   670.00   10  0.65  0.05
1  1.38654e-06   670.00   10  0.75  0.05
-0.999995  0.00531784   670.00   10  0.85  0.05
0.866653  0.237168   670.00   10  0.95  0.05
-0.999998  0.00036098   690.00   10  -0.95  0.05
0.591261  1.66167   690.00   10  -0.85  0.05
0.610478  1.05888   690.00   10  -0.75  0.05
0.999997  0.010594   690.00   10  -0.65  0.05
0.625494  0.322318   690.00   10  -0.55  0.05
0.631486  0.768374   690.00   10  -0.45  0.05
0.999998  0.00218229   690.00   10  -0.35  0.05
1  0.000311982   690.00   10  -0.25  0.05
0.879711  0.480885   690.00   10  -0.15  0.05
0.999997  0.000863803   690.00   10  -0.05  0.05
0.899238  0.33737   690.00   10  0.05  0.05
0.693648  0.471539   690.00   10  0.15  0.05
0.864683  0.476018   690.00   10  0.25  0.05
-0.930612  0.452127   690.00   10  0.35  0.05
0.969317  0.473385   690.00   10  0.45  0.05
0.999999  0.000580836   690.00   10  0.55  0.05
0.194105  1.52663   690.00   10  0.65  0.05
1  3.31829e-05   690.00   10  0.75  0.05
0.741582  0.187674   690.00   10  0.85  0.05
-0.488177  0.841471   690.00   10  0.95  0.05
-1  8.91451e-05   710.00   10  -0.95  0.05
0.999965  0.00323447   710.00   10  -0.85  0.05
0.999996  0.00127841   710.00   10  -0.75  0.05
-0.970856  71.2599   710.00   10  -0.65  0.05
0.999995  0.0044171   710.00   10  -0.55  0.05
0.39257  0.684783   710.00   10  -0.45  0.05
0.923312  0.447057   710.00   10  -0.35  0.05
0.477964  0.574496   710.00   10  -0.25  0.05
0.711973  2.63763   710.00   10  -0.15  0.05
0.693457  0.513209   710.00   10  -0.05  0.05
0.910734  0.425659   710.00   10  0.05  0.05
0.831373  0.52992   710.00   10  0.15  0.05
1  0.000107632   710.00   10  0.25  0.05
0.542753  0.830453   710.00   10  0.35  0.05
0.96917  0.250549   710.00   10  0.45  0.05
1  0.000508822   710.00   10  0.55  0.05
-0.656177  3.16498   710.00   10  0.65  0.05
1  2.26067e-05   710.00   10  0.75  0.05
1  1.63362e-05   710.00   10  0.85  0.05
-0.999997  0.119998   710.00   10  0.95  0.05
