2.98286  1.37558  250  10  -0.95  0.05  SignalTiming
0.0483168  0.944224  250  10  -0.85  0.05  SignalTiming
-0.30992  0.731619  250  10  -0.75  0.05  SignalTiming
0.615949  0.65228  250  10  -0.65  0.05  SignalTiming
1.22206  0.611249  250  10  -0.55  0.05  SignalTiming
-0.175317  0.589876  250  10  -0.45  0.05  SignalTiming
0.377716  0.612981  250  10  -0.35  0.05  SignalTiming
0.708798  0.643051  250  10  -0.25  0.05  SignalTiming
0.518669  0.707344  250  10  -0.15  0.05  SignalTiming
1.11592  0.806067  250  10  -0.05  0.05  SignalTiming
0.197843  0.887922  250  10  0.05  0.05  SignalTiming
1.04106  1.03771  250  10  0.15  0.05  SignalTiming
2.35021  1.31793  250  10  0.25  0.05  SignalTiming
-1.17263  1.80901  250  10  0.35  0.05  SignalTiming
5.11638  2.44959  250  10  0.45  0.05  SignalTiming
4.13961  4.08413  250  10  0.55  0.05  SignalTiming
-2.37407  6.28218  250  10  0.65  0.05  SignalTiming
6.84192  7.56637  250  10  0.75  0.05  SignalTiming
6.32797  9.43569  250  10  0.85  0.05  SignalTiming
1.91136  4.48347  250  10  0.95  0.05  SignalTiming
0.566975  0.517107  270  10  -0.95  0.05  SignalTiming
0.682229  0.343518  270  10  -0.85  0.05  SignalTiming
0.341353  0.270612  270  10  -0.75  0.05  SignalTiming
-0.0841153  0.227831  270  10  -0.65  0.05  SignalTiming
0.572194  0.211269  270  10  -0.55  0.05  SignalTiming
0.590395  0.206854  270  10  -0.45  0.05  SignalTiming
0.659883  0.208363  270  10  -0.35  0.05  SignalTiming
0.0512147  0.219247  270  10  -0.25  0.05  SignalTiming
-0.283298  0.236163  270  10  -0.15  0.05  SignalTiming
-0.0920169  0.261994  270  10  -0.05  0.05  SignalTiming
1.1405  0.295365  270  10  0.05  0.05  SignalTiming
0.93594  0.348899  270  10  0.15  0.05  SignalTiming
0.860025  0.428784  270  10  0.25  0.05  SignalTiming
0.787931  0.535387  270  10  0.35  0.05  SignalTiming
-1.40156  0.759271  270  10  0.45  0.05  SignalTiming
0.42184  1.13425  270  10  0.55  0.05  SignalTiming
-3.13338  2.00603  270  10  0.65  0.05  SignalTiming
-1.69182  3.25347  270  10  0.75  0.05  SignalTiming
1.99872  4.23922  270  10  0.85  0.05  SignalTiming
-0.420955  2.44036  270  10  0.95  0.05  SignalTiming
-0.285046  0.511421  290  10  -0.95  0.05  SignalTiming
-0.519163  0.330381  290  10  -0.85  0.05  SignalTiming
0.0430866  0.250926  290  10  -0.75  0.05  SignalTiming
0.489393  0.208311  290  10  -0.65  0.05  SignalTiming
0.502436  0.192332  290  10  -0.55  0.05  SignalTiming
0.472681  0.18424  290  10  -0.45  0.05  SignalTiming
0.433559  0.183675  290  10  -0.35  0.05  SignalTiming
0.404992  0.193348  290  10  -0.25  0.05  SignalTiming
-0.0530183  0.206748  290  10  -0.15  0.05  SignalTiming
0.654592  0.227074  290  10  -0.05  0.05  SignalTiming
0.416699  0.255504  290  10  0.05  0.05  SignalTiming
0.719957  0.292874  290  10  0.15  0.05  SignalTiming
1.08972  0.35124  290  10  0.25  0.05  SignalTiming
0.917973  0.434829  290  10  0.35  0.05  SignalTiming
0.402659  0.586785  290  10  0.45  0.05  SignalTiming
-0.720824  0.846724  290  10  0.55  0.05  SignalTiming
1.60408  1.41145  290  10  0.65  0.05  SignalTiming
-3.50264  2.81449  290  10  0.75  0.05  SignalTiming
2.76201  4.24159  290  10  0.85  0.05  SignalTiming
-0.53061  3.1033  290  10  0.95  0.05  SignalTiming
0.547443  0.19364  310  10  -0.95  0.05  SignalTiming
0.41997  0.124318  310  10  -0.85  0.05  SignalTiming
0.459214  0.0929653  310  10  -0.75  0.05  SignalTiming
0.546988  0.076309  310  10  -0.65  0.05  SignalTiming
0.454992  0.0684494  310  10  -0.55  0.05  SignalTiming
0.46554  0.0663218  310  10  -0.45  0.05  SignalTiming
0.493491  0.0663096  310  10  -0.35  0.05  SignalTiming
0.516244  0.068261  310  10  -0.25  0.05  SignalTiming
0.576093  0.072305  310  10  -0.15  0.05  SignalTiming
0.548939  0.0782562  310  10  -0.05  0.05  SignalTiming
0.665523  0.0874272  310  10  0.05  0.05  SignalTiming
0.623042  0.0995502  310  10  0.15  0.05  SignalTiming
0.416945  0.118344  310  10  0.25  0.05  SignalTiming
0.583455  0.146771  310  10  0.35  0.05  SignalTiming
0.782835  0.189203  310  10  0.45  0.05  SignalTiming
0.168757  0.275483  310  10  0.55  0.05  SignalTiming
0.54963  0.450834  310  10  0.65  0.05  SignalTiming
1.00262  0.926231  310  10  0.75  0.05  SignalTiming
1.39561  1.72445  310  10  0.85  0.05  SignalTiming
0.619878  1.32763  310  10  0.95  0.05  SignalTiming
0.167478  0.183388  330  10  -0.95  0.05  SignalTiming
0.589065  0.117596  330  10  -0.85  0.05  SignalTiming
0.410223  0.0870833  330  10  -0.75  0.05  SignalTiming
0.496821  0.0708038  330  10  -0.65  0.05  SignalTiming
0.493612  0.0629364  330  10  -0.55  0.05  SignalTiming
0.603191  0.0602589  330  10  -0.45  0.05  SignalTiming
0.436615  0.0599018  330  10  -0.35  0.05  SignalTiming
0.495694  0.0607989  330  10  -0.25  0.05  SignalTiming
0.652703  0.0638637  330  10  -0.15  0.05  SignalTiming
0.544563  0.0686108  330  10  -0.05  0.05  SignalTiming
0.409165  0.0749015  330  10  0.05  0.05  SignalTiming
0.506104  0.0843692  330  10  0.15  0.05  SignalTiming
0.448916  0.0973205  330  10  0.25  0.05  SignalTiming
0.526315  0.119894  330  10  0.35  0.05  SignalTiming
0.395198  0.154773  330  10  0.45  0.05  SignalTiming
0.740223  0.216245  330  10  0.55  0.05  SignalTiming
-0.133412  0.332772  330  10  0.65  0.05  SignalTiming
-0.82193  0.661773  330  10  0.75  0.05  SignalTiming
0.350452  1.61103  330  10  0.85  0.05  SignalTiming
-1.13766  1.55411  330  10  0.95  0.05  SignalTiming
0.185298  0.136185  350  10  -0.95  0.05  SignalTiming
0.402525  0.0871308  350  10  -0.85  0.05  SignalTiming
0.553735  0.0648882  350  10  -0.75  0.05  SignalTiming
0.534131  0.0519309  350  10  -0.65  0.05  SignalTiming
0.512311  0.0461654  350  10  -0.55  0.05  SignalTiming
0.531911  0.0441172  350  10  -0.45  0.05  SignalTiming
0.624295  0.0433225  350  10  -0.35  0.05  SignalTiming
0.677054  0.0439545  350  10  -0.25  0.05  SignalTiming
0.575783  0.0457184  350  10  -0.15  0.05  SignalTiming
0.63541  0.0483955  350  10  -0.05  0.05  SignalTiming
0.588109  0.0525443  350  10  0.05  0.05  SignalTiming
0.497175  0.0586793  350  10  0.15  0.05  SignalTiming
0.422072  0.0675569  350  10  0.25  0.05  SignalTiming
0.5311  0.0807876  350  10  0.35  0.05  SignalTiming
0.455741  0.101928  350  10  0.45  0.05  SignalTiming
0.479955  0.140934  350  10  0.55  0.05  SignalTiming
0.197459  0.21779  350  10  0.65  0.05  SignalTiming
-0.137469  0.424917  350  10  0.75  0.05  SignalTiming
0.677253  0.966288  350  10  0.85  0.05  SignalTiming
-0.727382  1.44542  350  10  0.95  0.05  SignalTiming
0.338298  0.102283  370  10  -0.95  0.05  SignalTiming
0.321916  0.0639251  370  10  -0.85  0.05  SignalTiming
0.474986  0.0472294  370  10  -0.75  0.05  SignalTiming
0.477659  0.0376694  370  10  -0.65  0.05  SignalTiming
0.530258  0.0334215  370  10  -0.55  0.05  SignalTiming
0.639728  0.031689  370  10  -0.45  0.05  SignalTiming
0.603836  0.0310211  370  10  -0.35  0.05  SignalTiming
0.66563  0.0312226  370  10  -0.25  0.05  SignalTiming
0.564488  0.0323693  370  10  -0.15  0.05  SignalTiming
0.56201  0.0340052  370  10  -0.05  0.05  SignalTiming
0.609489  0.036598  370  10  0.05  0.05  SignalTiming
0.598157  0.0403821  370  10  0.15  0.05  SignalTiming
0.464106  0.0465861  370  10  0.25  0.05  SignalTiming
0.436801  0.0548891  370  10  0.35  0.05  SignalTiming
0.487289  0.0687417  370  10  0.45  0.05  SignalTiming
0.527488  0.0930921  370  10  0.55  0.05  SignalTiming
0.413538  0.140595  370  10  0.65  0.05  SignalTiming
0.643425  0.266257  370  10  0.75  0.05  SignalTiming
0.181035  0.644492  370  10  0.85  0.05  SignalTiming
0.49106  1.21701  370  10  0.95  0.05  SignalTiming
0.579917  0.131019  390  10  -0.95  0.05  SignalTiming
0.318775  0.078767  390  10  -0.85  0.05  SignalTiming
0.528059  0.0585942  390  10  -0.75  0.05  SignalTiming
0.425473  0.0460623  390  10  -0.65  0.05  SignalTiming
0.563909  0.0410542  390  10  -0.55  0.05  SignalTiming
0.592563  0.0388863  390  10  -0.45  0.05  SignalTiming
0.675473  0.0378515  390  10  -0.35  0.05  SignalTiming
0.590311  0.0379101  390  10  -0.25  0.05  SignalTiming
0.631195  0.038943  390  10  -0.15  0.05  SignalTiming
0.650893  0.0408905  390  10  -0.05  0.05  SignalTiming
0.567468  0.0434233  390  10  0.05  0.05  SignalTiming
0.666498  0.0478003  390  10  0.15  0.05  SignalTiming
0.60375  0.0543495  390  10  0.25  0.05  SignalTiming
0.547686  0.0638635  390  10  0.35  0.05  SignalTiming
0.452471  0.0785731  390  10  0.45  0.05  SignalTiming
0.386937  0.106369  390  10  0.55  0.05  SignalTiming
-0.2161  0.160012  390  10  0.65  0.05  SignalTiming
-0.0105902  0.290566  390  10  0.75  0.05  SignalTiming
1.44284  0.661009  390  10  0.85  0.05  SignalTiming
-0.243592  1.18541  390  10  0.95  0.05  SignalTiming
0.274838  0.0824097  410  10  -0.95  0.05  SignalTiming
0.358507  0.0499923  410  10  -0.85  0.05  SignalTiming
0.534092  0.0368094  410  10  -0.75  0.05  SignalTiming
0.519452  0.0291148  410  10  -0.65  0.05  SignalTiming
0.55976  0.0256622  410  10  -0.55  0.05  SignalTiming
0.621448  0.024267  410  10  -0.45  0.05  SignalTiming
0.680851  0.0234991  410  10  -0.35  0.05  SignalTiming
0.63491  0.0233658  410  10  -0.25  0.05  SignalTiming
0.625513  0.0239076  410  10  -0.15  0.05  SignalTiming
0.633276  0.024813  410  10  -0.05  0.05  SignalTiming
0.641438  0.0262321  410  10  0.05  0.05  SignalTiming
0.574521  0.0286624  410  10  0.15  0.05  SignalTiming
0.537382  0.032111  410  10  0.25  0.05  SignalTiming
0.586974  0.0375043  410  10  0.35  0.05  SignalTiming
0.575443  0.046128  410  10  0.45  0.05  SignalTiming
0.390984  0.0612931  410  10  0.55  0.05  SignalTiming
0.321764  0.0906446  410  10  0.65  0.05  SignalTiming
0.367579  0.162884  410  10  0.75  0.05  SignalTiming
-0.510797  0.431634  410  10  0.85  0.05  SignalTiming
-0.00660172  0.974013  410  10  0.95  0.05  SignalTiming
0.31104  0.0755756  430  10  -0.95  0.05  SignalTiming
0.511671  0.044593  430  10  -0.85  0.05  SignalTiming
0.498079  0.0328287  430  10  -0.75  0.05  SignalTiming
0.569262  0.0258412  430  10  -0.65  0.05  SignalTiming
0.59259  0.0228114  430  10  -0.55  0.05  SignalTiming
0.618012  0.0213808  430  10  -0.45  0.05  SignalTiming
0.635582  0.0207647  430  10  -0.35  0.05  SignalTiming
0.619979  0.0205952  430  10  -0.25  0.05  SignalTiming
0.629142  0.020894  430  10  -0.15  0.05  SignalTiming
0.611064  0.021713  430  10  -0.05  0.05  SignalTiming
0.582362  0.022751  430  10  0.05  0.05  SignalTiming
0.613936  0.0244287  430  10  0.15  0.05  SignalTiming
0.597327  0.0273471  430  10  0.25  0.05  SignalTiming
0.565581  0.0315028  430  10  0.35  0.05  SignalTiming
0.524472  0.0385854  430  10  0.45  0.05  SignalTiming
0.374791  0.0509051  430  10  0.55  0.05  SignalTiming
0.471438  0.0741979  430  10  0.65  0.05  SignalTiming
0.135427  0.135917  430  10  0.75  0.05  SignalTiming
0.323388  0.355577  430  10  0.85  0.05  SignalTiming
-0.85258  0.781893  430  10  0.95  0.05  SignalTiming
0.338387  0.0673048  450  10  -0.95  0.05  SignalTiming
0.372525  0.0394114  450  10  -0.85  0.05  SignalTiming
0.485546  0.0291252  450  10  -0.75  0.05  SignalTiming
0.573236  0.0228335  450  10  -0.65  0.05  SignalTiming
0.608954  0.0202643  450  10  -0.55  0.05  SignalTiming
0.63729  0.0188635  450  10  -0.45  0.05  SignalTiming
0.614308  0.0181088  450  10  -0.35  0.05  SignalTiming
0.611195  0.0179483  450  10  -0.25  0.05  SignalTiming
0.616807  0.0182484  450  10  -0.15  0.05  SignalTiming
0.637167  0.0186584  450  10  -0.05  0.05  SignalTiming
0.600768  0.0195898  450  10  0.05  0.05  SignalTiming
0.58038  0.0210608  450  10  0.15  0.05  SignalTiming
0.580932  0.0232743  450  10  0.25  0.05  SignalTiming
0.597428  0.0267944  450  10  0.35  0.05  SignalTiming
0.477437  0.0325152  450  10  0.45  0.05  SignalTiming
0.461755  0.0417727  450  10  0.55  0.05  SignalTiming
0.249045  0.062289  450  10  0.65  0.05  SignalTiming
0.154862  0.113085  450  10  0.75  0.05  SignalTiming
0.220925  0.29527  450  10  0.85  0.05  SignalTiming
-0.371227  1.16112  450  10  0.95  0.05  SignalTiming
0.278163  0.0639834  470  10  -0.95  0.05  SignalTiming
0.425886  0.0370286  470  10  -0.85  0.05  SignalTiming
0.563365  0.02665  470  10  -0.75  0.05  SignalTiming
0.577576  0.02075  470  10  -0.65  0.05  SignalTiming
0.617951  0.0183341  470  10  -0.55  0.05  SignalTiming
0.657922  0.0171211  470  10  -0.45  0.05  SignalTiming
0.633116  0.0164745  470  10  -0.35  0.05  SignalTiming
0.618265  0.0161665  470  10  -0.25  0.05  SignalTiming
0.59339  0.0162977  470  10  -0.15  0.05  SignalTiming
0.620593  0.0165975  470  10  -0.05  0.05  SignalTiming
0.607222  0.0172777  470  10  0.05  0.05  SignalTiming
0.587543  0.0184649  470  10  0.15  0.05  SignalTiming
0.543282  0.0203863  470  10  0.25  0.05  SignalTiming
0.551192  0.0232188  470  10  0.35  0.05  SignalTiming
0.493991  0.0281367  470  10  0.45  0.05  SignalTiming
0.460876  0.0362678  470  10  0.55  0.05  SignalTiming
0.384036  0.0525932  470  10  0.65  0.05  SignalTiming
0.324103  0.0963958  470  10  0.75  0.05  SignalTiming
-0.0594052  0.248303  470  10  0.85  0.05  SignalTiming
-0.127558  0.779565  470  10  0.95  0.05  SignalTiming
0.353008  0.0704467  490  10  -0.95  0.05  SignalTiming
0.396034  0.0394634  490  10  -0.85  0.05  SignalTiming
0.514121  0.0288304  490  10  -0.75  0.05  SignalTiming
0.567914  0.0224889  490  10  -0.65  0.05  SignalTiming
0.625048  0.0197393  490  10  -0.55  0.05  SignalTiming
0.637133  0.0183199  490  10  -0.45  0.05  SignalTiming
0.622886  0.0174912  490  10  -0.35  0.05  SignalTiming
0.630366  0.0171444  490  10  -0.25  0.05  SignalTiming
0.631579  0.0172616  490  10  -0.15  0.05  SignalTiming
0.606698  0.017503  490  10  -0.05  0.05  SignalTiming
0.602561  0.0181784  490  10  0.05  0.05  SignalTiming
0.598472  0.019223  490  10  0.15  0.05  SignalTiming
0.614219  0.02122  490  10  0.25  0.05  SignalTiming
0.516959  0.0240972  490  10  0.35  0.05  SignalTiming
0.537795  0.0287982  490  10  0.45  0.05  SignalTiming
0.516498  0.0371856  490  10  0.55  0.05  SignalTiming
0.383134  0.0553025  490  10  0.65  0.05  SignalTiming
0.399803  0.0993007  490  10  0.75  0.05  SignalTiming
0.41547  0.291217  490  10  0.85  0.05  SignalTiming
2.17159  1.35246  490  10  0.95  0.05  SignalTiming
0.339015  0.0609303  510  10  -0.95  0.05  SignalTiming
0.46571  0.0327581  510  10  -0.85  0.05  SignalTiming
0.503321  0.0240886  510  10  -0.75  0.05  SignalTiming
0.589568  0.0186808  510  10  -0.65  0.05  SignalTiming
0.630644  0.0163678  510  10  -0.55  0.05  SignalTiming
0.622581  0.0151837  510  10  -0.45  0.05  SignalTiming
0.6281  0.0144792  510  10  -0.35  0.05  SignalTiming
0.641752  0.0141968  510  10  -0.25  0.05  SignalTiming
0.614168  0.0142968  510  10  -0.15  0.05  SignalTiming
0.631329  0.0145217  510  10  -0.05  0.05  SignalTiming
0.619164  0.0148956  510  10  0.05  0.05  SignalTiming
0.586291  0.0159372  510  10  0.15  0.05  SignalTiming
0.58112  0.0172845  510  10  0.25  0.05  SignalTiming
0.573398  0.0195795  510  10  0.35  0.05  SignalTiming
0.520811  0.0233556  510  10  0.45  0.05  SignalTiming
0.423111  0.0305716  510  10  0.55  0.05  SignalTiming
0.359993  0.0445956  510  10  0.65  0.05  SignalTiming
0.435363  0.0840607  510  10  0.75  0.05  SignalTiming
0.632698  0.236349  510  10  0.85  0.05  SignalTiming
0.579221  0.625821  510  10  0.95  0.05  SignalTiming
0.231546  0.0635469  530  10  -0.95  0.05  SignalTiming
0.405686  0.0353129  530  10  -0.85  0.05  SignalTiming
0.519931  0.0254831  530  10  -0.75  0.05  SignalTiming
0.613394  0.0198687  530  10  -0.65  0.05  SignalTiming
0.652231  0.0174628  530  10  -0.55  0.05  SignalTiming
0.628012  0.0162134  530  10  -0.45  0.05  SignalTiming
0.616798  0.0153941  530  10  -0.35  0.05  SignalTiming
0.633609  0.0150605  530  10  -0.25  0.05  SignalTiming
0.629905  0.0149005  530  10  -0.15  0.05  SignalTiming
0.647268  0.0151991  530  10  -0.05  0.05  SignalTiming
0.635774  0.0156769  530  10  0.05  0.05  SignalTiming
0.62568  0.0167068  530  10  0.15  0.05  SignalTiming
0.580413  0.0181889  530  10  0.25  0.05  SignalTiming
0.546677  0.0203514  530  10  0.35  0.05  SignalTiming
0.512608  0.0247904  530  10  0.45  0.05  SignalTiming
0.441685  0.0314902  530  10  0.55  0.05  SignalTiming
0.441851  0.0466032  530  10  0.65  0.05  SignalTiming
0.349177  0.0868809  530  10  0.75  0.05  SignalTiming
0.0567442  0.246205  530  10  0.85  0.05  SignalTiming
-0.190222  0.725862  530  10  0.95  0.05  SignalTiming
0.261363  0.0716891  550  10  -0.95  0.05  SignalTiming
0.429107  0.0387055  550  10  -0.85  0.05  SignalTiming
0.529403  0.0286245  550  10  -0.75  0.05  SignalTiming
0.595417  0.0220561  550  10  -0.65  0.05  SignalTiming
0.635392  0.0194854  550  10  -0.55  0.05  SignalTiming
0.638237  0.0180844  550  10  -0.45  0.05  SignalTiming
0.660265  0.0172073  550  10  -0.35  0.05  SignalTiming
0.633198  0.0167188  550  10  -0.25  0.05  SignalTiming
0.630754  0.0165842  550  10  -0.15  0.05  SignalTiming
0.644679  0.016817  550  10  -0.05  0.05  SignalTiming
0.655156  0.0174203  550  10  0.05  0.05  SignalTiming
0.657764  0.018243  550  10  0.15  0.05  SignalTiming
0.588892  0.0201537  550  10  0.25  0.05  SignalTiming
0.583557  0.0226518  550  10  0.35  0.05  SignalTiming
0.547421  0.0266892  550  10  0.45  0.05  SignalTiming
0.476888  0.0354814  550  10  0.55  0.05  SignalTiming
0.43753  0.0511741  550  10  0.65  0.05  SignalTiming
0.403439  0.0949536  550  10  0.75  0.05  SignalTiming
-0.130185  0.310882  550  10  0.85  0.05  SignalTiming
-0.00821875  0.840679  550  10  0.95  0.05  SignalTiming
0.286849  0.0542206  570  10  -0.95  0.05  SignalTiming
0.408206  0.0304519  570  10  -0.85  0.05  SignalTiming
0.527657  0.0218164  570  10  -0.75  0.05  SignalTiming
0.615895  0.0168995  570  10  -0.65  0.05  SignalTiming
0.614418  0.0149698  570  10  -0.55  0.05  SignalTiming
0.639518  0.0139161  570  10  -0.45  0.05  SignalTiming
0.643558  0.0132718  570  10  -0.35  0.05  SignalTiming
0.641752  0.0129065  570  10  -0.25  0.05  SignalTiming
0.655719  0.0129216  570  10  -0.15  0.05  SignalTiming
0.654089  0.0132031  570  10  -0.05  0.05  SignalTiming
0.633128  0.013644  570  10  0.05  0.05  SignalTiming
0.664782  0.014157  570  10  0.15  0.05  SignalTiming
0.605019  0.0156013  570  10  0.25  0.05  SignalTiming
0.596169  0.0175056  570  10  0.35  0.05  SignalTiming
0.51086  0.0209828  570  10  0.45  0.05  SignalTiming
0.517028  0.027161  570  10  0.55  0.05  SignalTiming
0.404941  0.0401558  570  10  0.65  0.05  SignalTiming
0.223886  0.0775348  570  10  0.75  0.05  SignalTiming
0.447279  0.244358  570  10  0.85  0.05  SignalTiming
0.552374  0.464607  570  10  0.95  0.05  SignalTiming
0.245122  0.043673  590  10  -0.95  0.05  SignalTiming
0.415148  0.0259914  590  10  -0.85  0.05  SignalTiming
0.568023  0.0184594  590  10  -0.75  0.05  SignalTiming
0.593081  0.0144178  590  10  -0.65  0.05  SignalTiming
0.629665  0.0125493  590  10  -0.55  0.05  SignalTiming
0.64354  0.0117655  590  10  -0.45  0.05  SignalTiming
0.679693  0.011299  590  10  -0.35  0.05  SignalTiming
0.654933  0.0109415  590  10  -0.25  0.05  SignalTiming
0.692642  0.0107943  590  10  -0.15  0.05  SignalTiming
0.662455  0.0110237  590  10  -0.05  0.05  SignalTiming
0.654379  0.0115114  590  10  0.05  0.05  SignalTiming
0.63081  0.0122007  590  10  0.15  0.05  SignalTiming
0.626369  0.0132241  590  10  0.25  0.05  SignalTiming
0.594686  0.0148168  590  10  0.35  0.05  SignalTiming
0.56728  0.0177231  590  10  0.45  0.05  SignalTiming
0.555958  0.0229562  590  10  0.55  0.05  SignalTiming
0.441685  0.0351168  590  10  0.65  0.05  SignalTiming
0.281653  0.0672081  590  10  0.75  0.05  SignalTiming
0.829945  0.206363  590  10  0.85  0.05  SignalTiming
0.146203  0.619724  590  10  0.95  0.05  SignalTiming
0.285291  0.0441934  610  10  -0.95  0.05  SignalTiming
0.446208  0.0264986  610  10  -0.85  0.05  SignalTiming
0.557008  0.0199108  610  10  -0.75  0.05  SignalTiming
0.602343  0.0150553  610  10  -0.65  0.05  SignalTiming
0.652091  0.0132567  610  10  -0.55  0.05  SignalTiming
0.680322  0.0124039  610  10  -0.45  0.05  SignalTiming
0.66614  0.0119758  610  10  -0.35  0.05  SignalTiming
0.661378  0.011693  610  10  -0.25  0.05  SignalTiming
0.699869  0.0116201  610  10  -0.15  0.05  SignalTiming
0.696941  0.0117851  610  10  -0.05  0.05  SignalTiming
0.687489  0.0122368  610  10  0.05  0.05  SignalTiming
0.671827  0.0129778  610  10  0.15  0.05  SignalTiming
0.662596  0.0141523  610  10  0.25  0.05  SignalTiming
0.636828  0.0160252  610  10  0.35  0.05  SignalTiming
0.61354  0.0192817  610  10  0.45  0.05  SignalTiming
0.570263  0.0249958  610  10  0.55  0.05  SignalTiming
0.487361  0.0375373  610  10  0.65  0.05  SignalTiming
0.345597  0.0754796  610  10  0.75  0.05  SignalTiming
0.309882  0.256366  610  10  0.85  0.05  SignalTiming
-0.825174  0.84746  610  10  0.95  0.05  SignalTiming
0.33976  0.0826615  630  10  -0.95  0.05  SignalTiming
0.382216  0.050805  630  10  -0.85  0.05  SignalTiming
0.583266  0.0382859  630  10  -0.75  0.05  SignalTiming
0.612626  0.0297294  630  10  -0.65  0.05  SignalTiming
0.669506  0.0258943  630  10  -0.55  0.05  SignalTiming
0.685993  0.025022  630  10  -0.45  0.05  SignalTiming
0.748433  0.0233038  630  10  -0.35  0.05  SignalTiming
0.740238  0.0232281  630  10  -0.25  0.05  SignalTiming
0.736645  0.0229804  630  10  -0.15  0.05  SignalTiming
0.738475  0.0234183  630  10  -0.05  0.05  SignalTiming
0.814167  0.0241692  630  10  0.05  0.05  SignalTiming
0.706169  0.0258513  630  10  0.15  0.05  SignalTiming
0.708605  0.0282393  630  10  0.25  0.05  SignalTiming
0.715795  0.0316191  630  10  0.35  0.05  SignalTiming
0.654308  0.0379314  630  10  0.45  0.05  SignalTiming
0.624292  0.0491345  630  10  0.55  0.05  SignalTiming
0.676417  0.0756177  630  10  0.65  0.05  SignalTiming
0.243981  0.143105  630  10  0.75  0.05  SignalTiming
0.769224  0.460214  630  10  0.85  0.05  SignalTiming
1.28929  1.89273  630  10  0.95  0.05  SignalTiming
0.212253  0.207014  650  10  -0.95  0.05  SignalTiming
0.361844  0.139546  650  10  -0.85  0.05  SignalTiming
0.369851  0.105361  650  10  -0.75  0.05  SignalTiming
0.538194  0.0818244  650  10  -0.65  0.05  SignalTiming
0.709978  0.0708366  650  10  -0.55  0.05  SignalTiming
0.556864  0.0687476  650  10  -0.45  0.05  SignalTiming
0.670031  0.0656074  650  10  -0.35  0.05  SignalTiming
0.717355  0.0643479  650  10  -0.25  0.05  SignalTiming
0.61697  0.0657319  650  10  -0.15  0.05  SignalTiming
0.735105  0.0656851  650  10  -0.05  0.05  SignalTiming
0.622484  0.067157  650  10  0.05  0.05  SignalTiming
0.65964  0.0702679  650  10  0.15  0.05  SignalTiming
0.582865  0.0780135  650  10  0.25  0.05  SignalTiming
0.623688  0.0883898  650  10  0.35  0.05  SignalTiming
0.57707  0.105873  650  10  0.45  0.05  SignalTiming
0.491284  0.134599  650  10  0.55  0.05  SignalTiming
0.258922  0.203089  650  10  0.65  0.05  SignalTiming
-0.170337  0.422617  650  10  0.75  0.05  SignalTiming
-0.709597  1.14503  650  10  0.85  0.05  SignalTiming
-0.31312  1.72836  650  10  0.95  0.05  SignalTiming
1.35544  0.743949  670  10  -0.95  0.05  SignalTiming
0.554803  0.468651  670  10  -0.85  0.05  SignalTiming
1.21053  0.374052  670  10  -0.75  0.05  SignalTiming
0.956876  0.297223  670  10  -0.65  0.05  SignalTiming
0.684521  0.26387  670  10  -0.55  0.05  SignalTiming
0.310642  0.247228  670  10  -0.45  0.05  SignalTiming
0.58154  0.241888  670  10  -0.35  0.05  SignalTiming
0.722296  0.234193  670  10  -0.25  0.05  SignalTiming
0.571282  0.239228  670  10  -0.15  0.05  SignalTiming
0.681904  0.244332  670  10  -0.05  0.05  SignalTiming
0.0522298  0.246929  670  10  0.05  0.05  SignalTiming
0.727019  0.266399  670  10  0.15  0.05  SignalTiming
0.653549  0.28923  670  10  0.25  0.05  SignalTiming
1.26549  0.324052  670  10  0.35  0.05  SignalTiming
0.0610349  0.384457  670  10  0.45  0.05  SignalTiming
-0.417456  0.493688  670  10  0.55  0.05  SignalTiming
0.574768  0.72077  670  10  0.65  0.05  SignalTiming
0.169662  1.39656  670  10  0.75  0.05  SignalTiming
8.77295  6.67024  670  10  0.85  0.05  SignalTiming
4.72152  15.8914  670  10  0.95  0.05  SignalTiming
-0.921112  0.665546  690  10  -0.95  0.05  SignalTiming
0.629701  0.462478  690  10  -0.85  0.05  SignalTiming
0.266571  0.359516  690  10  -0.75  0.05  SignalTiming
0.682169  0.288547  690  10  -0.65  0.05  SignalTiming
0.446554  0.261812  690  10  -0.55  0.05  SignalTiming
0.603236  0.248835  690  10  -0.45  0.05  SignalTiming
0.561573  0.236468  690  10  -0.35  0.05  SignalTiming
1.1244  0.235389  690  10  -0.25  0.05  SignalTiming
0.744797  0.234341  690  10  -0.15  0.05  SignalTiming
0.859822  0.239065  690  10  -0.05  0.05  SignalTiming
1.10018  0.249262  690  10  0.05  0.05  SignalTiming
0.654945  0.26198  690  10  0.15  0.05  SignalTiming
0.367558  0.286146  690  10  0.25  0.05  SignalTiming
0.952409  0.315327  690  10  0.35  0.05  SignalTiming
0.591409  0.370652  690  10  0.45  0.05  SignalTiming
0.852346  0.467569  690  10  0.55  0.05  SignalTiming
1.29218  0.694345  690  10  0.65  0.05  SignalTiming
1.47352  1.39328  690  10  0.75  0.05  SignalTiming
2.1697  4.16665  690  10  0.85  0.05  SignalTiming
-18.3411  22.1173  690  10  0.95  0.05  SignalTiming
0.126029  0.714121  710  10  -0.95  0.05  SignalTiming
-0.696228  0.507523  710  10  -0.85  0.05  SignalTiming
-0.218624  0.428209  710  10  -0.75  0.05  SignalTiming
0.332358  0.336015  710  10  -0.65  0.05  SignalTiming
1.00285  0.306301  710  10  -0.55  0.05  SignalTiming
0.200735  0.295882  710  10  -0.45  0.05  SignalTiming
0.594668  0.282456  710  10  -0.35  0.05  SignalTiming
1.18525  0.284354  710  10  -0.25  0.05  SignalTiming
0.860333  0.289409  710  10  -0.15  0.05  SignalTiming
1.04618  0.289018  710  10  -0.05  0.05  SignalTiming
0.776453  0.296466  710  10  0.05  0.05  SignalTiming
0.903614  0.311323  710  10  0.15  0.05  SignalTiming
0.921754  0.326892  710  10  0.25  0.05  SignalTiming
0.952441  0.367073  710  10  0.35  0.05  SignalTiming
0.484513  0.419963  710  10  0.45  0.05  SignalTiming
1.69995  0.539236  710  10  0.55  0.05  SignalTiming
-0.585548  0.761193  710  10  0.65  0.05  SignalTiming
0.475313  1.52095  710  10  0.75  0.05  SignalTiming
-1.33071  5.02934  710  10  0.85  0.05  SignalTiming
-35.1926  29.4891  710  10  0.95  0.05  SignalTiming
