3.1792  2.7258  250  10  -0.95  0.05  SignalTiming
2.12832  1.75214  250  10  -0.85  0.05  SignalTiming
-2.49458  1.37457  250  10  -0.75  0.05  SignalTiming
0.873105  1.15795  250  10  -0.65  0.05  SignalTiming
2.25168  1.06214  250  10  -0.55  0.05  SignalTiming
1.98673  1.04179  250  10  -0.45  0.05  SignalTiming
-0.547594  1.03328  250  10  -0.35  0.05  SignalTiming
-0.352372  1.06412  250  10  -0.25  0.05  SignalTiming
1.7361  1.10687  250  10  -0.15  0.05  SignalTiming
-0.261487  1.27268  250  10  -0.05  0.05  SignalTiming
-0.752212  1.339  250  10  0.05  0.05  SignalTiming
0.93382  1.40863  250  10  0.15  0.05  SignalTiming
5.01747  1.84902  250  10  0.25  0.05  SignalTiming
-1.77765  2.36825  250  10  0.35  0.05  SignalTiming
-1.27406  3.11803  250  10  0.45  0.05  SignalTiming
3.56102  5.92275  250  10  0.55  0.05  SignalTiming
-11.8128  8.40234  250  10  0.65  0.05  SignalTiming
7.34088  10.6317  250  10  0.75  0.05  SignalTiming
3.43058  10.9683  250  10  0.85  0.05  SignalTiming
2.26102  8.15708  250  10  0.95  0.05  SignalTiming
0.661605  0.949934  270  10  -0.95  0.05  SignalTiming
0.856012  0.627507  270  10  -0.85  0.05  SignalTiming
-0.534474  0.496849  270  10  -0.75  0.05  SignalTiming
-0.486359  0.406023  270  10  -0.65  0.05  SignalTiming
0.0197494  0.366541  270  10  -0.55  0.05  SignalTiming
0.925682  0.355386  270  10  -0.45  0.05  SignalTiming
0.87215  0.350709  270  10  -0.35  0.05  SignalTiming
0.67082  0.358456  270  10  -0.25  0.05  SignalTiming
0.377278  0.374094  270  10  -0.15  0.05  SignalTiming
-0.0830883  0.401626  270  10  -0.05  0.05  SignalTiming
0.250691  0.43395  270  10  0.05  0.05  SignalTiming
0.583608  0.482427  270  10  0.15  0.05  SignalTiming
0.541453  0.585179  270  10  0.25  0.05  SignalTiming
0.502742  0.691265  270  10  0.35  0.05  SignalTiming
-0.930114  0.93715  270  10  0.45  0.05  SignalTiming
-1.25856  1.51914  270  10  0.55  0.05  SignalTiming
3.35008  2.26778  270  10  0.65  0.05  SignalTiming
-2.78832  4.66995  270  10  0.75  0.05  SignalTiming
6.17444  4.86063  270  10  0.85  0.05  SignalTiming
-3.24569  4.76292  270  10  0.95  0.05  SignalTiming
-1.2746  0.887593  290  10  -0.95  0.05  SignalTiming
0.0351755  0.586059  290  10  -0.85  0.05  SignalTiming
0.161861  0.456485  290  10  -0.75  0.05  SignalTiming
0.506296  0.374986  290  10  -0.65  0.05  SignalTiming
0.233719  0.346421  290  10  -0.55  0.05  SignalTiming
0.520225  0.324351  290  10  -0.45  0.05  SignalTiming
0.667663  0.314897  290  10  -0.35  0.05  SignalTiming
0.159541  0.326331  290  10  -0.25  0.05  SignalTiming
0.346312  0.333655  290  10  -0.15  0.05  SignalTiming
0.539753  0.35002  290  10  -0.05  0.05  SignalTiming
0.425779  0.377217  290  10  0.05  0.05  SignalTiming
0.480551  0.42023  290  10  0.15  0.05  SignalTiming
1.24644  0.480727  290  10  0.25  0.05  SignalTiming
1.70884  0.581365  290  10  0.35  0.05  SignalTiming
1.27617  0.75455  290  10  0.45  0.05  SignalTiming
1.01223  1.05365  290  10  0.55  0.05  SignalTiming
-0.362748  1.67583  290  10  0.65  0.05  SignalTiming
-2.79752  4.2369  290  10  0.75  0.05  SignalTiming
2.58927  4.37424  290  10  0.85  0.05  SignalTiming
-1.0297  5.30462  290  10  0.95  0.05  SignalTiming
0.209443  0.340083  310  10  -0.95  0.05  SignalTiming
0.527254  0.211465  310  10  -0.85  0.05  SignalTiming
0.347756  0.166913  310  10  -0.75  0.05  SignalTiming
0.507384  0.139525  310  10  -0.65  0.05  SignalTiming
0.594127  0.125842  310  10  -0.55  0.05  SignalTiming
0.559041  0.119445  310  10  -0.45  0.05  SignalTiming
0.507273  0.117075  310  10  -0.35  0.05  SignalTiming
0.659274  0.117918  310  10  -0.25  0.05  SignalTiming
0.279772  0.120952  310  10  -0.15  0.05  SignalTiming
0.597485  0.124993  310  10  -0.05  0.05  SignalTiming
0.66791  0.133487  310  10  0.05  0.05  SignalTiming
0.729215  0.145815  310  10  0.15  0.05  SignalTiming
0.268627  0.164863  310  10  0.25  0.05  SignalTiming
0.171339  0.193151  310  10  0.35  0.05  SignalTiming
0.233047  0.242123  310  10  0.45  0.05  SignalTiming
0.733478  0.332334  310  10  0.55  0.05  SignalTiming
-0.709007  0.537074  310  10  0.65  0.05  SignalTiming
0.794577  1.07688  310  10  0.75  0.05  SignalTiming
-0.575422  2.57186  310  10  0.85  0.05  SignalTiming
1.87298  2.30948  310  10  0.95  0.05  SignalTiming
0.582979  0.314771  330  10  -0.95  0.05  SignalTiming
0.36068  0.198318  330  10  -0.85  0.05  SignalTiming
0.29821  0.157336  330  10  -0.75  0.05  SignalTiming
0.287468  0.131613  330  10  -0.65  0.05  SignalTiming
0.569802  0.117698  330  10  -0.55  0.05  SignalTiming
0.600174  0.111703  330  10  -0.45  0.05  SignalTiming
0.405107  0.109865  330  10  -0.35  0.05  SignalTiming
0.495121  0.109186  330  10  -0.25  0.05  SignalTiming
0.480679  0.110635  330  10  -0.15  0.05  SignalTiming
0.611688  0.115696  330  10  -0.05  0.05  SignalTiming
0.357454  0.119836  330  10  0.05  0.05  SignalTiming
0.431828  0.129208  330  10  0.15  0.05  SignalTiming
0.596626  0.141669  330  10  0.25  0.05  SignalTiming
0.564482  0.16313  330  10  0.35  0.05  SignalTiming
0.652144  0.202118  330  10  0.45  0.05  SignalTiming
0.442391  0.268151  330  10  0.55  0.05  SignalTiming
-0.0218091  0.396986  330  10  0.65  0.05  SignalTiming
-0.24555  0.796611  330  10  0.75  0.05  SignalTiming
3.38802  1.8138  330  10  0.85  0.05  SignalTiming
-0.979432  1.90339  330  10  0.95  0.05  SignalTiming
0.281716  0.240136  350  10  -0.95  0.05  SignalTiming
0.500403  0.143158  350  10  -0.85  0.05  SignalTiming
0.569663  0.117205  350  10  -0.75  0.05  SignalTiming
0.396028  0.0986813  350  10  -0.65  0.05  SignalTiming
0.506024  0.0890234  350  10  -0.55  0.05  SignalTiming
0.485646  0.0843924  350  10  -0.45  0.05  SignalTiming
0.467061  0.0818879  350  10  -0.35  0.05  SignalTiming
0.714119  0.0815197  350  10  -0.25  0.05  SignalTiming
0.581804  0.0829012  350  10  -0.15  0.05  SignalTiming
0.585945  0.0847028  350  10  -0.05  0.05  SignalTiming
0.670676  0.0876119  350  10  0.05  0.05  SignalTiming
0.462346  0.0931857  350  10  0.15  0.05  SignalTiming
0.462356  0.101203  350  10  0.25  0.05  SignalTiming
0.480069  0.113703  350  10  0.35  0.05  SignalTiming
0.498492  0.136548  350  10  0.45  0.05  SignalTiming
0.441136  0.177216  350  10  0.55  0.05  SignalTiming
0.669228  0.260903  350  10  0.65  0.05  SignalTiming
0.555312  0.483247  350  10  0.75  0.05  SignalTiming
0.00295452  1.08837  350  10  0.85  0.05  SignalTiming
1.7601  1.71671  350  10  0.95  0.05  SignalTiming
0.572261  0.178221  370  10  -0.95  0.05  SignalTiming
0.273617  0.109075  370  10  -0.85  0.05  SignalTiming
0.413416  0.0860323  370  10  -0.75  0.05  SignalTiming
0.47182  0.0731477  370  10  -0.65  0.05  SignalTiming
0.545243  0.066979  370  10  -0.55  0.05  SignalTiming
0.488961  0.0631007  370  10  -0.45  0.05  SignalTiming
0.609865  0.0610473  370  10  -0.35  0.05  SignalTiming
0.668928  0.0607907  370  10  -0.25  0.05  SignalTiming
0.66859  0.0610599  370  10  -0.15  0.05  SignalTiming
0.575763  0.062608  370  10  -0.05  0.05  SignalTiming
0.613777  0.0644966  370  10  0.05  0.05  SignalTiming
0.554949  0.0666451  370  10  0.15  0.05  SignalTiming
0.501806  0.0727628  370  10  0.25  0.05  SignalTiming
0.330185  0.0808248  370  10  0.35  0.05  SignalTiming
0.482779  0.0948815  370  10  0.45  0.05  SignalTiming
0.681385  0.121188  370  10  0.55  0.05  SignalTiming
0.356311  0.174588  370  10  0.65  0.05  SignalTiming
-0.0987412  0.319964  370  10  0.75  0.05  SignalTiming
0.527689  0.736549  370  10  0.85  0.05  SignalTiming
1.67463  1.69614  370  10  0.95  0.05  SignalTiming
0.706891  0.227297  390  10  -0.95  0.05  SignalTiming
0.275533  0.13337  390  10  -0.85  0.05  SignalTiming
0.439264  0.109292  390  10  -0.75  0.05  SignalTiming
0.521804  0.0923788  390  10  -0.65  0.05  SignalTiming
0.559587  0.0846337  390  10  -0.55  0.05  SignalTiming
0.652328  0.0800518  390  10  -0.45  0.05  SignalTiming
0.632293  0.0790688  390  10  -0.35  0.05  SignalTiming
0.617153  0.0782392  390  10  -0.25  0.05  SignalTiming
0.619872  0.0763474  390  10  -0.15  0.05  SignalTiming
0.587315  0.0788079  390  10  -0.05  0.05  SignalTiming
0.572578  0.0795876  390  10  0.05  0.05  SignalTiming
0.54378  0.0842809  390  10  0.15  0.05  SignalTiming
0.641196  0.08802  390  10  0.25  0.05  SignalTiming
0.651937  0.0959584  390  10  0.35  0.05  SignalTiming
0.58292  0.112336  390  10  0.45  0.05  SignalTiming
0.33637  0.140023  390  10  0.55  0.05  SignalTiming
-0.0333054  0.1946  390  10  0.65  0.05  SignalTiming
-0.32408  0.360965  390  10  0.75  0.05  SignalTiming
0.52059  0.740513  390  10  0.85  0.05  SignalTiming
-1.06842  1.85021  390  10  0.95  0.05  SignalTiming
0.122235  0.144615  410  10  -0.95  0.05  SignalTiming
0.34415  0.0851098  410  10  -0.85  0.05  SignalTiming
0.59246  0.0696271  410  10  -0.75  0.05  SignalTiming
0.500102  0.0606248  410  10  -0.65  0.05  SignalTiming
0.687194  0.0556777  410  10  -0.55  0.05  SignalTiming
0.623165  0.0525264  410  10  -0.45  0.05  SignalTiming
0.70493  0.0513005  410  10  -0.35  0.05  SignalTiming
0.629042  0.0504321  410  10  -0.25  0.05  SignalTiming
0.5869  0.0500664  410  10  -0.15  0.05  SignalTiming
0.603944  0.0504171  410  10  -0.05  0.05  SignalTiming
0.64522  0.051024  410  10  0.05  0.05  SignalTiming
0.608079  0.0529853  410  10  0.15  0.05  SignalTiming
0.591152  0.0555754  410  10  0.25  0.05  SignalTiming
0.550065  0.0599666  410  10  0.35  0.05  SignalTiming
0.570004  0.0681389  410  10  0.45  0.05  SignalTiming
0.49084  0.0835904  410  10  0.55  0.05  SignalTiming
0.326753  0.114335  410  10  0.65  0.05  SignalTiming
0.338055  0.196041  410  10  0.75  0.05  SignalTiming
-0.160637  0.542906  410  10  0.85  0.05  SignalTiming
-0.498515  1.79893  410  10  0.95  0.05  SignalTiming
0.417108  0.13518  430  10  -0.95  0.05  SignalTiming
0.44472  0.0757873  430  10  -0.85  0.05  SignalTiming
0.54642  0.0642333  430  10  -0.75  0.05  SignalTiming
0.601192  0.0559764  430  10  -0.65  0.05  SignalTiming
0.64277  0.0512476  430  10  -0.55  0.05  SignalTiming
0.595747  0.0487058  430  10  -0.45  0.05  SignalTiming
0.624898  0.0474831  430  10  -0.35  0.05  SignalTiming
0.589372  0.0466974  430  10  -0.25  0.05  SignalTiming
0.612683  0.0467017  430  10  -0.15  0.05  SignalTiming
0.598757  0.0468868  430  10  -0.05  0.05  SignalTiming
0.585738  0.0477116  430  10  0.05  0.05  SignalTiming
0.616444  0.0488859  430  10  0.15  0.05  SignalTiming
0.626634  0.0500401  430  10  0.25  0.05  SignalTiming
0.535287  0.0522352  430  10  0.35  0.05  SignalTiming
0.511769  0.0587754  430  10  0.45  0.05  SignalTiming
0.439182  0.0715491  430  10  0.55  0.05  SignalTiming
0.651521  0.0985147  430  10  0.65  0.05  SignalTiming
0.219202  0.164686  430  10  0.75  0.05  SignalTiming
0.33083  0.487269  430  10  0.85  0.05  SignalTiming
-0.368443  1.23819  430  10  0.95  0.05  SignalTiming
0.415756  0.119237  450  10  -0.95  0.05  SignalTiming
0.500253  0.0682313  450  10  -0.85  0.05  SignalTiming
0.428438  0.0587602  450  10  -0.75  0.05  SignalTiming
0.623777  0.0512295  450  10  -0.65  0.05  SignalTiming
0.564663  0.0477342  450  10  -0.55  0.05  SignalTiming
0.635353  0.045112  450  10  -0.45  0.05  SignalTiming
0.6135  0.0439188  450  10  -0.35  0.05  SignalTiming
0.656559  0.0430028  450  10  -0.25  0.05  SignalTiming
0.592442  0.043365  450  10  -0.15  0.05  SignalTiming
0.701684  0.0437376  450  10  -0.05  0.05  SignalTiming
0.526518  0.044223  450  10  0.05  0.05  SignalTiming
0.618022  0.0446951  450  10  0.15  0.05  SignalTiming
0.493038  0.045955  450  10  0.25  0.05  SignalTiming
0.583111  0.0489936  450  10  0.35  0.05  SignalTiming
0.494022  0.0532344  450  10  0.45  0.05  SignalTiming
0.315977  0.0628085  450  10  0.55  0.05  SignalTiming
0.392615  0.0834985  450  10  0.65  0.05  SignalTiming
0.227817  0.140326  450  10  0.75  0.05  SignalTiming
0.485468  0.358382  450  10  0.85  0.05  SignalTiming
1.02768  1.01069  450  10  0.95  0.05  SignalTiming
0.567685  0.121919  470  10  -0.95  0.05  SignalTiming
0.450053  0.0659428  470  10  -0.85  0.05  SignalTiming
0.5235  0.0566479  470  10  -0.75  0.05  SignalTiming
0.61182  0.0495076  470  10  -0.65  0.05  SignalTiming
0.575211  0.0452664  470  10  -0.55  0.05  SignalTiming
0.693197  0.0427737  470  10  -0.45  0.05  SignalTiming
0.707133  0.0419482  470  10  -0.35  0.05  SignalTiming
0.622026  0.0418019  470  10  -0.25  0.05  SignalTiming
0.613274  0.0415561  470  10  -0.15  0.05  SignalTiming
0.578311  0.0413853  470  10  -0.05  0.05  SignalTiming
0.64171  0.0414133  470  10  0.05  0.05  SignalTiming
0.543369  0.0426866  470  10  0.15  0.05  SignalTiming
0.564153  0.043386  470  10  0.25  0.05  SignalTiming
0.474144  0.0448623  470  10  0.35  0.05  SignalTiming
0.432979  0.0487089  470  10  0.45  0.05  SignalTiming
0.477984  0.0569834  470  10  0.55  0.05  SignalTiming
0.262264  0.0718018  470  10  0.65  0.05  SignalTiming
0.470288  0.119857  470  10  0.75  0.05  SignalTiming
0.329647  0.306106  470  10  0.85  0.05  SignalTiming
-0.176838  0.634941  470  10  0.95  0.05  SignalTiming
0.498127  0.133804  490  10  -0.95  0.05  SignalTiming
0.336529  0.0765579  490  10  -0.85  0.05  SignalTiming
0.53236  0.0640125  490  10  -0.75  0.05  SignalTiming
0.59102  0.0577128  490  10  -0.65  0.05  SignalTiming
0.539356  0.0517859  490  10  -0.55  0.05  SignalTiming
0.597097  0.0485483  490  10  -0.45  0.05  SignalTiming
0.647709  0.0469153  490  10  -0.35  0.05  SignalTiming
0.626221  0.0463768  490  10  -0.25  0.05  SignalTiming
0.580723  0.0472748  490  10  -0.15  0.05  SignalTiming
0.684508  0.0475312  490  10  -0.05  0.05  SignalTiming
0.585912  0.0476349  490  10  0.05  0.05  SignalTiming
0.642588  0.0471617  490  10  0.15  0.05  SignalTiming
0.507125  0.0475909  490  10  0.25  0.05  SignalTiming
0.622413  0.0494262  490  10  0.35  0.05  SignalTiming
0.5336  0.0525456  490  10  0.45  0.05  SignalTiming
0.66447  0.0608304  490  10  0.55  0.05  SignalTiming
0.382969  0.0783652  490  10  0.65  0.05  SignalTiming
0.314039  0.125066  490  10  0.75  0.05  SignalTiming
-0.565058  0.308012  490  10  0.85  0.05  SignalTiming
1.09806  0.697791  490  10  0.95  0.05  SignalTiming
0.472465  0.127771  510  10  -0.95  0.05  SignalTiming
0.569718  0.0667613  510  10  -0.85  0.05  SignalTiming
0.441139  0.0584136  510  10  -0.75  0.05  SignalTiming
0.748468  0.0505709  510  10  -0.65  0.05  SignalTiming
0.628582  0.0455618  510  10  -0.55  0.05  SignalTiming
0.587076  0.043006  510  10  -0.45  0.05  SignalTiming
0.601752  0.0420722  510  10  -0.35  0.05  SignalTiming
0.690692  0.0411597  510  10  -0.25  0.05  SignalTiming
0.573546  0.0424647  510  10  -0.15  0.05  SignalTiming
0.635342  0.0418919  510  10  -0.05  0.05  SignalTiming
0.632811  0.0426675  510  10  0.05  0.05  SignalTiming
0.596913  0.0417955  510  10  0.15  0.05  SignalTiming
0.574474  0.0427475  510  10  0.25  0.05  SignalTiming
0.634768  0.0436671  510  10  0.35  0.05  SignalTiming
0.475129  0.045149  510  10  0.45  0.05  SignalTiming
0.424898  0.0514551  510  10  0.55  0.05  SignalTiming
0.39658  0.0670384  510  10  0.65  0.05  SignalTiming
0.36881  0.108048  510  10  0.75  0.05  SignalTiming
0.643339  0.299145  510  10  0.85  0.05  SignalTiming
-0.588318  0.74126  510  10  0.95  0.05  SignalTiming
0.245169  0.148039  530  10  -0.95  0.05  SignalTiming
0.412142  0.0801586  530  10  -0.85  0.05  SignalTiming
0.586418  0.0680149  530  10  -0.75  0.05  SignalTiming
0.584171  0.0590959  530  10  -0.65  0.05  SignalTiming
0.688151  0.0535577  530  10  -0.55  0.05  SignalTiming
0.583606  0.0515937  530  10  -0.45  0.05  SignalTiming
0.632016  0.0484736  530  10  -0.35  0.05  SignalTiming
0.542027  0.0477752  530  10  -0.25  0.05  SignalTiming
0.657492  0.0468649  530  10  -0.15  0.05  SignalTiming
0.509579  0.0486916  530  10  -0.05  0.05  SignalTiming
0.741125  0.0485967  530  10  0.05  0.05  SignalTiming
0.65648  0.0484667  530  10  0.15  0.05  SignalTiming
0.566845  0.0472557  530  10  0.25  0.05  SignalTiming
0.55123  0.0487721  530  10  0.35  0.05  SignalTiming
0.510398  0.0517212  530  10  0.45  0.05  SignalTiming
0.431321  0.0557342  530  10  0.55  0.05  SignalTiming
0.38324  0.0725814  530  10  0.65  0.05  SignalTiming
0.400463  0.119828  530  10  0.75  0.05  SignalTiming
-0.105672  0.341077  530  10  0.85  0.05  SignalTiming
-2.24437  1.85605  530  10  0.95  0.05  SignalTiming
0.560414  0.184064  550  10  -0.95  0.05  SignalTiming
0.234626  0.0971942  550  10  -0.85  0.05  SignalTiming
0.548775  0.0876253  550  10  -0.75  0.05  SignalTiming
0.696631  0.0720423  550  10  -0.65  0.05  SignalTiming
0.632553  0.0640262  550  10  -0.55  0.05  SignalTiming
0.680461  0.0604803  550  10  -0.45  0.05  SignalTiming
0.592276  0.0583868  550  10  -0.35  0.05  SignalTiming
0.698828  0.0572754  550  10  -0.25  0.05  SignalTiming
0.603548  0.0578201  550  10  -0.15  0.05  SignalTiming
0.593457  0.0572028  550  10  -0.05  0.05  SignalTiming
0.636179  0.0563134  550  10  0.05  0.05  SignalTiming
0.731585  0.0547297  550  10  0.15  0.05  SignalTiming
0.804717  0.055802  550  10  0.25  0.05  SignalTiming
0.600062  0.0583669  550  10  0.35  0.05  SignalTiming
0.579159  0.0576594  550  10  0.45  0.05  SignalTiming
0.58861  0.0670926  550  10  0.55  0.05  SignalTiming
0.551483  0.0825585  550  10  0.65  0.05  SignalTiming
0.28926  0.12611  550  10  0.75  0.05  SignalTiming
0.541118  0.364583  550  10  0.85  0.05  SignalTiming
0.537785  0.853773  550  10  0.95  0.05  SignalTiming
0.179598  0.15832  570  10  -0.95  0.05  SignalTiming
0.309159  0.0913882  570  10  -0.85  0.05  SignalTiming
0.486093  0.0809157  570  10  -0.75  0.05  SignalTiming
0.606674  0.0670084  570  10  -0.65  0.05  SignalTiming
0.5641  0.0570981  570  10  -0.55  0.05  SignalTiming
0.657054  0.0528105  570  10  -0.45  0.05  SignalTiming
0.652474  0.0499095  570  10  -0.35  0.05  SignalTiming
0.654828  0.0479817  570  10  -0.25  0.05  SignalTiming
0.623235  0.0487749  570  10  -0.15  0.05  SignalTiming
0.742331  0.0472491  570  10  -0.05  0.05  SignalTiming
0.703836  0.0483399  570  10  0.05  0.05  SignalTiming
0.654716  0.0482253  570  10  0.15  0.05  SignalTiming
0.614314  0.0483851  570  10  0.25  0.05  SignalTiming
0.474432  0.0490549  570  10  0.35  0.05  SignalTiming
0.488692  0.0489788  570  10  0.45  0.05  SignalTiming
0.59768  0.054864  570  10  0.55  0.05  SignalTiming
0.469298  0.0675751  570  10  0.65  0.05  SignalTiming
0.236682  0.10805  570  10  0.75  0.05  SignalTiming
0.315219  0.310336  570  10  0.85  0.05  SignalTiming
0.42668  0.929179  570  10  0.95  0.05  SignalTiming
0.421835  0.183413  590  10  -0.95  0.05  SignalTiming
0.49042  0.0886269  590  10  -0.85  0.05  SignalTiming
0.767803  0.0785411  590  10  -0.75  0.05  SignalTiming
0.682842  0.0626432  590  10  -0.65  0.05  SignalTiming
0.543835  0.0570063  590  10  -0.55  0.05  SignalTiming
0.731718  0.0509441  590  10  -0.45  0.05  SignalTiming
0.756116  0.0447061  590  10  -0.35  0.05  SignalTiming
0.7153  0.0444127  590  10  -0.25  0.05  SignalTiming
0.757446  0.043332  590  10  -0.15  0.05  SignalTiming
0.598638  0.0440827  590  10  -0.05  0.05  SignalTiming
0.599539  0.0441886  590  10  0.05  0.05  SignalTiming
0.644241  0.045644  590  10  0.15  0.05  SignalTiming
0.709071  0.0459065  590  10  0.25  0.05  SignalTiming
0.585361  0.0443677  590  10  0.35  0.05  SignalTiming
0.566294  0.044516  590  10  0.45  0.05  SignalTiming
0.518144  0.0463421  590  10  0.55  0.05  SignalTiming
0.351995  0.0609085  590  10  0.65  0.05  SignalTiming
0.220144  0.0925173  590  10  0.75  0.05  SignalTiming
0.58437  0.253168  590  10  0.85  0.05  SignalTiming
0.590288  0.519693  590  10  0.95  0.05  SignalTiming
0.257548  0.216331  610  10  -0.95  0.05  SignalTiming
0.474731  0.115252  610  10  -0.85  0.05  SignalTiming
0.521089  0.106721  610  10  -0.75  0.05  SignalTiming
0.586651  0.0867701  610  10  -0.65  0.05  SignalTiming
0.600593  0.0720815  610  10  -0.55  0.05  SignalTiming
0.728855  0.0598384  610  10  -0.45  0.05  SignalTiming
0.730706  0.0542992  610  10  -0.35  0.05  SignalTiming
0.738162  0.0512836  610  10  -0.25  0.05  SignalTiming
0.814547  0.0512546  610  10  -0.15  0.05  SignalTiming
0.630019  0.0507649  610  10  -0.05  0.05  SignalTiming
0.756918  0.0494948  610  10  0.05  0.05  SignalTiming
0.612546  0.0518778  610  10  0.15  0.05  SignalTiming
0.663526  0.0533241  610  10  0.25  0.05  SignalTiming
0.573856  0.0541493  610  10  0.35  0.05  SignalTiming
0.639356  0.0537015  610  10  0.45  0.05  SignalTiming
0.595341  0.0564179  610  10  0.55  0.05  SignalTiming
0.46309  0.064594  610  10  0.65  0.05  SignalTiming
0.288111  0.10398  610  10  0.75  0.05  SignalTiming
-0.258345  0.301525  610  10  0.85  0.05  SignalTiming
-0.744466  0.638705  610  10  0.95  0.05  SignalTiming
1.18518  0.772927  630  10  -0.95  0.05  SignalTiming
0.376431  0.259648  630  10  -0.85  0.05  SignalTiming
0.675305  0.258056  630  10  -0.75  0.05  SignalTiming
0.461738  0.202092  630  10  -0.65  0.05  SignalTiming
0.585339  0.173069  630  10  -0.55  0.05  SignalTiming
0.5781  0.144157  630  10  -0.45  0.05  SignalTiming
0.775489  0.123722  630  10  -0.35  0.05  SignalTiming
0.696074  0.108681  630  10  -0.25  0.05  SignalTiming
0.679831  0.111288  630  10  -0.15  0.05  SignalTiming
0.654699  0.104661  630  10  -0.05  0.05  SignalTiming
0.796416  0.101913  630  10  0.05  0.05  SignalTiming
0.850305  0.108056  630  10  0.15  0.05  SignalTiming
0.824085  0.111959  630  10  0.25  0.05  SignalTiming
0.444993  0.117954  630  10  0.35  0.05  SignalTiming
0.480195  0.104659  630  10  0.45  0.05  SignalTiming
0.681828  0.113548  630  10  0.55  0.05  SignalTiming
0.813877  0.14931  630  10  0.65  0.05  SignalTiming
0.336317  0.231114  630  10  0.75  0.05  SignalTiming
1.10211  1.1436  630  10  0.85  0.05  SignalTiming
2.25508  1.62895  630  10  0.95  0.05  SignalTiming
-0.665302  1.70898  650  10  -0.95  0.05  SignalTiming
-0.948669  0.909153  650  10  -0.85  0.05  SignalTiming
0.731752  0.828006  650  10  -0.75  0.05  SignalTiming
0.386475  0.650246  650  10  -0.65  0.05  SignalTiming
1.55228  0.497526  650  10  -0.55  0.05  SignalTiming
-0.0439934  0.469457  650  10  -0.45  0.05  SignalTiming
1.25125  0.350271  650  10  -0.35  0.05  SignalTiming
0.258648  0.330223  650  10  -0.25  0.05  SignalTiming
1.07183  0.325892  650  10  -0.15  0.05  SignalTiming
0.585237  0.307087  650  10  -0.05  0.05  SignalTiming
1.03846  0.299343  650  10  0.05  0.05  SignalTiming
0.715421  0.318756  650  10  0.15  0.05  SignalTiming
0.715893  0.349773  650  10  0.25  0.05  SignalTiming
0.670471  0.334522  650  10  0.35  0.05  SignalTiming
0.708868  0.343756  650  10  0.45  0.05  SignalTiming
0.611865  0.328089  650  10  0.55  0.05  SignalTiming
0.0164822  0.420248  650  10  0.65  0.05  SignalTiming
-0.205212  0.614792  650  10  0.75  0.05  SignalTiming
0.782537  1.94272  650  10  0.85  0.05  SignalTiming
-3.08006  1.84075  650  10  0.95  0.05  SignalTiming
-22.5428  17.7202  670  10  -0.95  0.05  SignalTiming
-5.73844  8.56738  670  10  -0.85  0.05  SignalTiming
1.25238  4.39911  670  10  -0.75  0.05  SignalTiming
2.71459  2.5866  670  10  -0.65  0.05  SignalTiming
0.820709  2.03819  670  10  -0.55  0.05  SignalTiming
1.13764  1.63661  670  10  -0.45  0.05  SignalTiming
2.90497  1.37101  670  10  -0.35  0.05  SignalTiming
2.96615  1.35028  670  10  -0.25  0.05  SignalTiming
-0.636529  1.3721  670  10  -0.15  0.05  SignalTiming
1.8013  1.18774  670  10  -0.05  0.05  SignalTiming
-0.88998  1.30441  670  10  0.05  0.05  SignalTiming
1.50247  1.20367  670  10  0.15  0.05  SignalTiming
2.84709  1.25081  670  10  0.25  0.05  SignalTiming
3.67228  1.35671  670  10  0.35  0.05  SignalTiming
0.447921  1.38791  670  10  0.45  0.05  SignalTiming
-0.779513  1.44759  670  10  0.55  0.05  SignalTiming
0.574588  1.57699  670  10  0.65  0.05  SignalTiming
0.52998  2.04813  670  10  0.75  0.05  SignalTiming
-4.26803  5.87647  670  10  0.85  0.05  SignalTiming
-35.2473  26.9143  670  10  0.95  0.05  SignalTiming
0  -nan  690  10  -0.95  0.05  SignalTiming
-0.771892  12.4821  690  10  -0.85  0.05  SignalTiming
-4.60179  6.63539  690  10  -0.75  0.05  SignalTiming
2.16968  3.17824  690  10  -0.65  0.05  SignalTiming
-8.8456  1.90008  690  10  -0.55  0.05  SignalTiming
0.144642  1.71452  690  10  -0.45  0.05  SignalTiming
4.73049  1.58597  690  10  -0.35  0.05  SignalTiming
6.13326  1.42131  690  10  -0.25  0.05  SignalTiming
-1.32156  1.39636  690  10  -0.15  0.05  SignalTiming
1.72059  1.21157  690  10  -0.05  0.05  SignalTiming
1.02679  1.27551  690  10  0.05  0.05  SignalTiming
-0.231384  1.27295  690  10  0.15  0.05  SignalTiming
1.01409  1.3516  690  10  0.25  0.05  SignalTiming
1.65586  1.38784  690  10  0.35  0.05  SignalTiming
1.61716  1.56979  690  10  0.45  0.05  SignalTiming
1.35133  1.4972  690  10  0.55  0.05  SignalTiming
-0.176625  1.39475  690  10  0.65  0.05  SignalTiming
1.56588  2.56088  690  10  0.75  0.05  SignalTiming
-2.15822  4.82284  690  10  0.85  0.05  SignalTiming
16.2363  13.6487  690  10  0.95  0.05  SignalTiming
0  -nan  710  10  -0.95  0.05  SignalTiming
0  -nan  710  10  -0.85  0.05  SignalTiming
0  -nan  710  10  -0.75  0.05  SignalTiming
1.49555  6.86114  710  10  -0.65  0.05  SignalTiming
4.90594  4.44539  710  10  -0.55  0.05  SignalTiming
0.764252  4.9244  710  10  -0.45  0.05  SignalTiming
-0.354657  2.29704  710  10  -0.35  0.05  SignalTiming
-0.22802  1.73657  710  10  -0.25  0.05  SignalTiming
-1.38422  1.68233  710  10  -0.15  0.05  SignalTiming
1.88843  1.62896  710  10  -0.05  0.05  SignalTiming
-2.55793  1.88197  710  10  0.05  0.05  SignalTiming
2.56066  1.42352  710  10  0.15  0.05  SignalTiming
-2.60663  1.71077  710  10  0.25  0.05  SignalTiming
3.47789  1.80867  710  10  0.35  0.05  SignalTiming
-1.15203  1.68428  710  10  0.45  0.05  SignalTiming
-0.0677968  1.75455  710  10  0.55  0.05  SignalTiming
-1.48826  1.69193  710  10  0.65  0.05  SignalTiming
0.503471  2.33664  710  10  0.75  0.05  SignalTiming
0.628233  4.46225  710  10  0.85  0.05  SignalTiming
-9.0697  18.4671  710  10  0.95  0.05  SignalTiming
