-0.388082  1.20385  250  10  -0.95  0.05  SignalTiming
-0.873245  0.834158  250  10  -0.85  0.05  SignalTiming
-1.20648  0.680787  250  10  -0.75  0.05  SignalTiming
0.615254  0.608086  250  10  -0.65  0.05  SignalTiming
0.554329  0.579714  250  10  -0.55  0.05  SignalTiming
0.737295  0.560415  250  10  -0.45  0.05  SignalTiming
1.15259  0.573817  250  10  -0.35  0.05  SignalTiming
-0.584919  0.606024  250  10  -0.25  0.05  SignalTiming
0.984595  0.6476  250  10  -0.15  0.05  SignalTiming
0.98622  0.743322  250  10  -0.05  0.05  SignalTiming
0.0115533  0.814757  250  10  0.05  0.05  SignalTiming
-0.52215  0.909217  250  10  0.15  0.05  SignalTiming
1.86953  1.13053  250  10  0.25  0.05  SignalTiming
-0.53627  1.4601  250  10  0.35  0.05  SignalTiming
2.09395  1.87073  250  10  0.45  0.05  SignalTiming
2.79678  2.71234  250  10  0.55  0.05  SignalTiming
2.22668  3.13594  250  10  0.65  0.05  SignalTiming
-0.245336  3.86399  250  10  0.75  0.05  SignalTiming
-1.25127  3.64709  250  10  0.85  0.05  SignalTiming
4.13195  3.07369  250  10  0.95  0.05  SignalTiming
0.281002  0.444266  270  10  -0.95  0.05  SignalTiming
0.639057  0.305427  270  10  -0.85  0.05  SignalTiming
0.362015  0.251016  270  10  -0.75  0.05  SignalTiming
-0.00107803  0.218499  270  10  -0.65  0.05  SignalTiming
0.488944  0.203857  270  10  -0.55  0.05  SignalTiming
0.340924  0.202169  270  10  -0.45  0.05  SignalTiming
0.763425  0.202281  270  10  -0.35  0.05  SignalTiming
0.307014  0.209412  270  10  -0.25  0.05  SignalTiming
0.123998  0.223154  270  10  -0.15  0.05  SignalTiming
0.061519  0.24548  270  10  -0.05  0.05  SignalTiming
0.639643  0.268794  270  10  0.05  0.05  SignalTiming
0.638296  0.309084  270  10  0.15  0.05  SignalTiming
0.238976  0.369397  270  10  0.25  0.05  SignalTiming
-0.0936432  0.448765  270  10  0.35  0.05  SignalTiming
-0.151943  0.597089  270  10  0.45  0.05  SignalTiming
0.226901  0.842737  270  10  0.55  0.05  SignalTiming
0.285265  1.17367  270  10  0.65  0.05  SignalTiming
-0.252258  1.41792  270  10  0.75  0.05  SignalTiming
1.45913  1.551  270  10  0.85  0.05  SignalTiming
-1.08441  1.38949  270  10  0.95  0.05  SignalTiming
0.0893382  0.424406  290  10  -0.95  0.05  SignalTiming
0.141166  0.291806  290  10  -0.85  0.05  SignalTiming
0.435165  0.238861  290  10  -0.75  0.05  SignalTiming
0.345424  0.207361  290  10  -0.65  0.05  SignalTiming
0.398666  0.19255  290  10  -0.55  0.05  SignalTiming
0.554252  0.187654  290  10  -0.45  0.05  SignalTiming
0.495787  0.185578  290  10  -0.35  0.05  SignalTiming
0.223537  0.193052  290  10  -0.25  0.05  SignalTiming
0.220855  0.202397  290  10  -0.15  0.05  SignalTiming
0.116693  0.21784  290  10  -0.05  0.05  SignalTiming
0.559545  0.239778  290  10  0.05  0.05  SignalTiming
0.613558  0.27337  290  10  0.15  0.05  SignalTiming
1.07766  0.312785  290  10  0.25  0.05  SignalTiming
1.11323  0.380488  290  10  0.35  0.05  SignalTiming
0.697857  0.498423  290  10  0.45  0.05  SignalTiming
-0.591248  0.675979  290  10  0.55  0.05  SignalTiming
1.47099  1.02706  290  10  0.65  0.05  SignalTiming
-0.515657  1.66782  290  10  0.75  0.05  SignalTiming
-1.37745  1.69289  290  10  0.85  0.05  SignalTiming
-1.74722  1.86701  290  10  0.95  0.05  SignalTiming
0.263925  0.162404  310  10  -0.95  0.05  SignalTiming
0.511022  0.110804  310  10  -0.85  0.05  SignalTiming
0.330352  0.0891407  310  10  -0.75  0.05  SignalTiming
0.399297  0.0769437  310  10  -0.65  0.05  SignalTiming
0.477727  0.0704622  310  10  -0.55  0.05  SignalTiming
0.474811  0.0689737  310  10  -0.45  0.05  SignalTiming
0.440085  0.0683132  310  10  -0.35  0.05  SignalTiming
0.64477  0.0701927  310  10  -0.25  0.05  SignalTiming
0.310337  0.0727901  310  10  -0.15  0.05  SignalTiming
0.526851  0.0767006  310  10  -0.05  0.05  SignalTiming
0.415381  0.0836567  310  10  0.05  0.05  SignalTiming
0.598475  0.0930809  310  10  0.15  0.05  SignalTiming
0.422031  0.107298  310  10  0.25  0.05  SignalTiming
0.302435  0.12769  310  10  0.35  0.05  SignalTiming
0.438627  0.16217  310  10  0.45  0.05  SignalTiming
0.277198  0.218439  310  10  0.55  0.05  SignalTiming
0.358985  0.334668  310  10  0.65  0.05  SignalTiming
-0.23892  0.532854  310  10  0.75  0.05  SignalTiming
0.557106  0.663855  310  10  0.85  0.05  SignalTiming
0.146367  0.691672  310  10  0.95  0.05  SignalTiming
0.172071  0.15641  330  10  -0.95  0.05  SignalTiming
0.416776  0.105039  330  10  -0.85  0.05  SignalTiming
0.375719  0.0849967  330  10  -0.75  0.05  SignalTiming
0.271165  0.072809  330  10  -0.65  0.05  SignalTiming
0.545948  0.0660068  330  10  -0.55  0.05  SignalTiming
0.500141  0.0638527  330  10  -0.45  0.05  SignalTiming
0.503227  0.0632902  330  10  -0.35  0.05  SignalTiming
0.489766  0.0638898  330  10  -0.25  0.05  SignalTiming
0.504362  0.06558  330  10  -0.15  0.05  SignalTiming
0.646411  0.0689298  330  10  -0.05  0.05  SignalTiming
0.425541  0.0740106  330  10  0.05  0.05  SignalTiming
0.318308  0.0808389  330  10  0.15  0.05  SignalTiming
0.522638  0.0908919  330  10  0.25  0.05  SignalTiming
0.343992  0.106929  330  10  0.35  0.05  SignalTiming
0.355923  0.134049  330  10  0.45  0.05  SignalTiming
0.65483  0.178722  330  10  0.55  0.05  SignalTiming
0.127824  0.260259  330  10  0.65  0.05  SignalTiming
1.03787  0.449941  330  10  0.75  0.05  SignalTiming
0.852105  0.645446  330  10  0.85  0.05  SignalTiming
0.582698  0.681811  330  10  0.95  0.05  SignalTiming
0.192674  0.116107  350  10  -0.95  0.05  SignalTiming
0.338314  0.0785681  350  10  -0.85  0.05  SignalTiming
0.502108  0.063176  350  10  -0.75  0.05  SignalTiming
0.382607  0.0543778  350  10  -0.65  0.05  SignalTiming
0.526779  0.04895  350  10  -0.55  0.05  SignalTiming
0.524411  0.0472213  350  10  -0.45  0.05  SignalTiming
0.572306  0.0464065  350  10  -0.35  0.05  SignalTiming
0.589665  0.0466584  350  10  -0.25  0.05  SignalTiming
0.521128  0.0476673  350  10  -0.15  0.05  SignalTiming
0.485793  0.0498098  350  10  -0.05  0.05  SignalTiming
0.595739  0.0523444  350  10  0.05  0.05  SignalTiming
0.53857  0.0571309  350  10  0.15  0.05  SignalTiming
0.46437  0.0638759  350  10  0.25  0.05  SignalTiming
0.383865  0.0733214  350  10  0.35  0.05  SignalTiming
0.439303  0.0889442  350  10  0.45  0.05  SignalTiming
0.311724  0.117123  350  10  0.55  0.05  SignalTiming
0.408051  0.167628  350  10  0.65  0.05  SignalTiming
0.125806  0.279566  350  10  0.75  0.05  SignalTiming
0.654563  0.439143  350  10  0.85  0.05  SignalTiming
0.884364  0.511207  350  10  0.95  0.05  SignalTiming
0.250403  0.0880249  370  10  -0.95  0.05  SignalTiming
0.307474  0.0581875  370  10  -0.85  0.05  SignalTiming
0.501401  0.0465027  370  10  -0.75  0.05  SignalTiming
0.43423  0.0397595  370  10  -0.65  0.05  SignalTiming
0.542019  0.0361167  370  10  -0.55  0.05  SignalTiming
0.577318  0.0345109  370  10  -0.45  0.05  SignalTiming
0.607835  0.0339213  370  10  -0.35  0.05  SignalTiming
0.593469  0.0336691  370  10  -0.25  0.05  SignalTiming
0.627879  0.0343036  370  10  -0.15  0.05  SignalTiming
0.536142  0.0355971  370  10  -0.05  0.05  SignalTiming
0.567522  0.0373018  370  10  0.05  0.05  SignalTiming
0.532496  0.0400774  370  10  0.15  0.05  SignalTiming
0.451041  0.0445553  370  10  0.25  0.05  SignalTiming
0.384577  0.0508591  370  10  0.35  0.05  SignalTiming
0.457099  0.0610142  370  10  0.45  0.05  SignalTiming
0.445228  0.0788205  370  10  0.55  0.05  SignalTiming
0.425724  0.110944  370  10  0.65  0.05  SignalTiming
-0.0442626  0.184012  370  10  0.75  0.05  SignalTiming
0.979189  0.316446  370  10  0.85  0.05  SignalTiming
-0.77029  0.402179  370  10  0.95  0.05  SignalTiming
0.32662  0.113184  390  10  -0.95  0.05  SignalTiming
0.221168  0.071131  390  10  -0.85  0.05  SignalTiming
0.464083  0.0585413  390  10  -0.75  0.05  SignalTiming
0.433786  0.049276  390  10  -0.65  0.05  SignalTiming
0.527427  0.044715  390  10  -0.55  0.05  SignalTiming
0.582524  0.0428355  390  10  -0.45  0.05  SignalTiming
0.60901  0.0418182  390  10  -0.35  0.05  SignalTiming
0.584471  0.0417102  390  10  -0.25  0.05  SignalTiming
0.585754  0.0417271  390  10  -0.15  0.05  SignalTiming
0.615739  0.0433406  390  10  -0.05  0.05  SignalTiming
0.563691  0.0448973  390  10  0.05  0.05  SignalTiming
0.550773  0.048389  390  10  0.15  0.05  SignalTiming
0.571448  0.0526349  390  10  0.25  0.05  SignalTiming
0.548423  0.0598883  390  10  0.35  0.05  SignalTiming
0.491763  0.0704847  390  10  0.45  0.05  SignalTiming
0.491846  0.0902545  390  10  0.55  0.05  SignalTiming
-0.0861024  0.125167  390  10  0.65  0.05  SignalTiming
-0.24579  0.1993  390  10  0.75  0.05  SignalTiming
0.380241  0.358319  390  10  0.85  0.05  SignalTiming
0.0806526  0.488997  390  10  0.95  0.05  SignalTiming
0.303  0.0733604  410  10  -0.95  0.05  SignalTiming
0.371085  0.0458355  410  10  -0.85  0.05  SignalTiming
0.477558  0.036657  410  10  -0.75  0.05  SignalTiming
0.508897  0.0312761  410  10  -0.65  0.05  SignalTiming
0.57777  0.0285513  410  10  -0.55  0.05  SignalTiming
0.55288  0.0271748  410  10  -0.45  0.05  SignalTiming
0.647096  0.0263377  410  10  -0.35  0.05  SignalTiming
0.536065  0.0260011  410  10  -0.25  0.05  SignalTiming
0.611141  0.0261052  410  10  -0.15  0.05  SignalTiming
0.56835  0.0266556  410  10  -0.05  0.05  SignalTiming
0.64659  0.0276591  410  10  0.05  0.05  SignalTiming
0.555261  0.0294068  410  10  0.15  0.05  SignalTiming
0.532493  0.0318154  410  10  0.25  0.05  SignalTiming
0.529661  0.0357651  410  10  0.35  0.05  SignalTiming
0.487373  0.0419307  410  10  0.45  0.05  SignalTiming
0.370262  0.0523499  410  10  0.55  0.05  SignalTiming
0.245214  0.0716138  410  10  0.65  0.05  SignalTiming
0.212132  0.113355  410  10  0.75  0.05  SignalTiming
-0.0457972  0.212725  410  10  0.85  0.05  SignalTiming
0.193625  0.29165  410  10  0.95  0.05  SignalTiming
0.246506  0.0665704  430  10  -0.95  0.05  SignalTiming
0.430958  0.0411487  430  10  -0.85  0.05  SignalTiming
0.490974  0.0331192  430  10  -0.75  0.05  SignalTiming
0.541212  0.0283179  430  10  -0.65  0.05  SignalTiming
0.567999  0.0257248  430  10  -0.55  0.05  SignalTiming
0.552541  0.0243513  430  10  -0.45  0.05  SignalTiming
0.56954  0.0236523  430  10  -0.35  0.05  SignalTiming
0.586316  0.0234246  430  10  -0.25  0.05  SignalTiming
0.571276  0.0233455  430  10  -0.15  0.05  SignalTiming
0.595793  0.0237175  430  10  -0.05  0.05  SignalTiming
0.555374  0.0246945  430  10  0.05  0.05  SignalTiming
0.554473  0.0258546  430  10  0.15  0.05  SignalTiming
0.580474  0.027757  430  10  0.25  0.05  SignalTiming
0.512343  0.0306774  430  10  0.35  0.05  SignalTiming
0.476713  0.0358314  430  10  0.45  0.05  SignalTiming
0.386077  0.0444927  430  10  0.55  0.05  SignalTiming
0.336516  0.0597275  430  10  0.65  0.05  SignalTiming
0.240687  0.0963975  430  10  0.75  0.05  SignalTiming
0.137343  0.168619  430  10  0.85  0.05  SignalTiming
0.182111  0.255625  430  10  0.95  0.05  SignalTiming
0.354252  0.0603837  450  10  -0.95  0.05  SignalTiming
0.353163  0.0367051  450  10  -0.85  0.05  SignalTiming
0.485463  0.0297702  450  10  -0.75  0.05  SignalTiming
0.54877  0.0256253  450  10  -0.65  0.05  SignalTiming
0.533761  0.0232667  450  10  -0.55  0.05  SignalTiming
0.585063  0.0219376  450  10  -0.45  0.05  SignalTiming
0.560048  0.0212958  450  10  -0.35  0.05  SignalTiming
0.604338  0.0209094  450  10  -0.25  0.05  SignalTiming
0.599706  0.0209446  450  10  -0.15  0.05  SignalTiming
0.580314  0.021221  450  10  -0.05  0.05  SignalTiming
0.557014  0.0217321  450  10  0.05  0.05  SignalTiming
0.538926  0.0227473  450  10  0.15  0.05  SignalTiming
0.517312  0.0243053  450  10  0.25  0.05  SignalTiming
0.50423  0.0269655  450  10  0.35  0.05  SignalTiming
0.451925  0.0306478  450  10  0.45  0.05  SignalTiming
0.384881  0.0378018  450  10  0.55  0.05  SignalTiming
0.32154  0.0510875  450  10  0.65  0.05  SignalTiming
0.141731  0.0812753  450  10  0.75  0.05  SignalTiming
0.149582  0.147048  450  10  0.85  0.05  SignalTiming
0.204747  0.230621  450  10  0.95  0.05  SignalTiming
0.294973  0.0573426  470  10  -0.95  0.05  SignalTiming
0.427682  0.0348752  470  10  -0.85  0.05  SignalTiming
0.54902  0.0275311  470  10  -0.75  0.05  SignalTiming
0.552343  0.0235942  470  10  -0.65  0.05  SignalTiming
0.579263  0.0214088  470  10  -0.55  0.05  SignalTiming
0.625892  0.0203926  470  10  -0.45  0.05  SignalTiming
0.630156  0.0196363  470  10  -0.35  0.05  SignalTiming
0.606499  0.019311  470  10  -0.25  0.05  SignalTiming
0.589152  0.0192477  470  10  -0.15  0.05  SignalTiming
0.569632  0.0193587  470  10  -0.05  0.05  SignalTiming
0.567857  0.0196272  470  10  0.05  0.05  SignalTiming
0.522851  0.0204782  470  10  0.15  0.05  SignalTiming
0.555552  0.0216544  470  10  0.25  0.05  SignalTiming
0.477899  0.0237968  470  10  0.35  0.05  SignalTiming
0.450375  0.0272643  470  10  0.45  0.05  SignalTiming
0.404351  0.0335679  470  10  0.55  0.05  SignalTiming
0.316263  0.0434175  470  10  0.65  0.05  SignalTiming
0.244331  0.070772  470  10  0.75  0.05  SignalTiming
0.0793123  0.129122  470  10  0.85  0.05  SignalTiming
0.143957  0.18586  470  10  0.95  0.05  SignalTiming
0.349349  0.0636665  490  10  -0.95  0.05  SignalTiming
0.344843  0.0372277  490  10  -0.85  0.05  SignalTiming
0.467752  0.0299797  490  10  -0.75  0.05  SignalTiming
0.57796  0.0260112  490  10  -0.65  0.05  SignalTiming
0.582403  0.023762  490  10  -0.55  0.05  SignalTiming
0.570616  0.0223843  490  10  -0.45  0.05  SignalTiming
0.60124  0.0214312  490  10  -0.35  0.05  SignalTiming
0.593953  0.0211228  490  10  -0.25  0.05  SignalTiming
0.582459  0.0208273  490  10  -0.15  0.05  SignalTiming
0.614119  0.0211726  490  10  -0.05  0.05  SignalTiming
0.541426  0.0213169  490  10  0.05  0.05  SignalTiming
0.564975  0.0218617  490  10  0.15  0.05  SignalTiming
0.540657  0.0233534  490  10  0.25  0.05  SignalTiming
0.500237  0.0252671  490  10  0.35  0.05  SignalTiming
0.490195  0.0285142  490  10  0.45  0.05  SignalTiming
0.468884  0.035012  490  10  0.55  0.05  SignalTiming
0.289298  0.046299  490  10  0.65  0.05  SignalTiming
0.273041  0.07194  490  10  0.75  0.05  SignalTiming
-0.1593  0.126815  490  10  0.85  0.05  SignalTiming
0.0191989  0.205061  490  10  0.95  0.05  SignalTiming
0.391783  0.0565781  510  10  -0.95  0.05  SignalTiming
0.488958  0.0317136  510  10  -0.85  0.05  SignalTiming
0.507281  0.0251139  510  10  -0.75  0.05  SignalTiming
0.578016  0.0218826  510  10  -0.65  0.05  SignalTiming
0.603629  0.0201107  510  10  -0.55  0.05  SignalTiming
0.621679  0.0187336  510  10  -0.45  0.05  SignalTiming
0.595136  0.0182133  510  10  -0.35  0.05  SignalTiming
0.592425  0.017819  510  10  -0.25  0.05  SignalTiming
0.563804  0.0176319  510  10  -0.15  0.05  SignalTiming
0.561363  0.0177394  510  10  -0.05  0.05  SignalTiming
0.566695  0.0179447  510  10  0.05  0.05  SignalTiming
0.565762  0.0184867  510  10  0.15  0.05  SignalTiming
0.51752  0.0193814  510  10  0.25  0.05  SignalTiming
0.516481  0.0209991  510  10  0.35  0.05  SignalTiming
0.511982  0.0237139  510  10  0.45  0.05  SignalTiming
0.346871  0.0288121  510  10  0.55  0.05  SignalTiming
0.372138  0.0379422  510  10  0.65  0.05  SignalTiming
0.223968  0.0584894  510  10  0.75  0.05  SignalTiming
0.140696  0.104565  510  10  0.85  0.05  SignalTiming
-0.20786  0.161838  510  10  0.95  0.05  SignalTiming
0.19788  0.0598646  530  10  -0.95  0.05  SignalTiming
0.406  0.0336249  530  10  -0.85  0.05  SignalTiming
0.512398  0.0266815  530  10  -0.75  0.05  SignalTiming
0.588073  0.0235253  530  10  -0.65  0.05  SignalTiming
0.604695  0.0214932  530  10  -0.55  0.05  SignalTiming
0.609814  0.0205887  530  10  -0.45  0.05  SignalTiming
0.620863  0.0198026  530  10  -0.35  0.05  SignalTiming
0.597111  0.0192759  530  10  -0.25  0.05  SignalTiming
0.617582  0.0187766  530  10  -0.15  0.05  SignalTiming
0.571408  0.0189008  530  10  -0.05  0.05  SignalTiming
0.579141  0.0192793  530  10  0.05  0.05  SignalTiming
0.55279  0.0198064  530  10  0.15  0.05  SignalTiming
0.526327  0.020971  530  10  0.25  0.05  SignalTiming
0.508765  0.0224848  530  10  0.35  0.05  SignalTiming
0.453495  0.0254478  530  10  0.45  0.05  SignalTiming
0.412814  0.0307823  530  10  0.55  0.05  SignalTiming
0.36538  0.0411479  530  10  0.65  0.05  SignalTiming
0.198409  0.0628028  530  10  0.75  0.05  SignalTiming
0.0462136  0.10577  530  10  0.85  0.05  SignalTiming
0.126907  0.165624  530  10  0.95  0.05  SignalTiming
0.284212  0.0640226  550  10  -0.95  0.05  SignalTiming
0.411756  0.0373542  550  10  -0.85  0.05  SignalTiming
0.531086  0.0305386  550  10  -0.75  0.05  SignalTiming
0.559275  0.026062  550  10  -0.65  0.05  SignalTiming
0.581944  0.0241717  550  10  -0.55  0.05  SignalTiming
0.622876  0.022965  550  10  -0.45  0.05  SignalTiming
0.601805  0.0221951  550  10  -0.35  0.05  SignalTiming
0.618485  0.0214974  550  10  -0.25  0.05  SignalTiming
0.596641  0.021253  550  10  -0.15  0.05  SignalTiming
0.595841  0.0210024  550  10  -0.05  0.05  SignalTiming
0.580185  0.0217254  550  10  0.05  0.05  SignalTiming
0.584234  0.0220186  550  10  0.15  0.05  SignalTiming
0.561828  0.0232412  550  10  0.25  0.05  SignalTiming
0.532218  0.024922  550  10  0.35  0.05  SignalTiming
0.455638  0.0284956  550  10  0.45  0.05  SignalTiming
0.429834  0.0344512  550  10  0.55  0.05  SignalTiming
0.409416  0.0448307  550  10  0.65  0.05  SignalTiming
0.25407  0.0659751  550  10  0.75  0.05  SignalTiming
0.125245  0.114374  550  10  0.85  0.05  SignalTiming
0.0680685  0.199958  550  10  0.95  0.05  SignalTiming
0.290302  0.0514298  570  10  -0.95  0.05  SignalTiming
0.428329  0.0292689  570  10  -0.85  0.05  SignalTiming
0.524317  0.0232782  570  10  -0.75  0.05  SignalTiming
0.563198  0.0199524  570  10  -0.65  0.05  SignalTiming
0.584227  0.018443  570  10  -0.55  0.05  SignalTiming
0.615036  0.0177241  570  10  -0.45  0.05  SignalTiming
0.603302  0.0169928  570  10  -0.35  0.05  SignalTiming
0.619733  0.0165749  570  10  -0.25  0.05  SignalTiming
0.606206  0.0166073  570  10  -0.15  0.05  SignalTiming
0.628057  0.0166516  570  10  -0.05  0.05  SignalTiming
0.585005  0.016947  570  10  0.05  0.05  SignalTiming
0.58917  0.0173806  570  10  0.15  0.05  SignalTiming
0.549314  0.0182777  570  10  0.25  0.05  SignalTiming
0.497877  0.019835  570  10  0.35  0.05  SignalTiming
0.492144  0.0220103  570  10  0.45  0.05  SignalTiming
0.432408  0.0263114  570  10  0.55  0.05  SignalTiming
0.306372  0.0354643  570  10  0.65  0.05  SignalTiming
0.212938  0.052486  570  10  0.75  0.05  SignalTiming
0.15634  0.0897348  570  10  0.85  0.05  SignalTiming
-0.0515338  0.165443  570  10  0.95  0.05  SignalTiming
0.252031  0.0408899  590  10  -0.95  0.05  SignalTiming
0.405414  0.0246649  590  10  -0.85  0.05  SignalTiming
0.527333  0.0195163  590  10  -0.75  0.05  SignalTiming
0.548482  0.0169875  590  10  -0.65  0.05  SignalTiming
0.625266  0.0156447  590  10  -0.55  0.05  SignalTiming
0.625503  0.0149911  590  10  -0.45  0.05  SignalTiming
0.644505  0.014316  590  10  -0.35  0.05  SignalTiming
0.626579  0.0140806  590  10  -0.25  0.05  SignalTiming
0.633513  0.014049  590  10  -0.15  0.05  SignalTiming
0.615236  0.0139449  590  10  -0.05  0.05  SignalTiming
0.589657  0.0141616  590  10  0.05  0.05  SignalTiming
0.571194  0.0149823  590  10  0.15  0.05  SignalTiming
0.542354  0.0156145  590  10  0.25  0.05  SignalTiming
0.52864  0.0170031  590  10  0.35  0.05  SignalTiming
0.467649  0.0190122  590  10  0.45  0.05  SignalTiming
0.424799  0.0227762  590  10  0.55  0.05  SignalTiming
0.3737  0.0306812  590  10  0.65  0.05  SignalTiming
0.171772  0.0451254  590  10  0.75  0.05  SignalTiming
0.130448  0.0749856  590  10  0.85  0.05  SignalTiming
0.025565  0.122548  590  10  0.95  0.05  SignalTiming
0.268256  0.0422984  610  10  -0.95  0.05  SignalTiming
0.422818  0.0250749  610  10  -0.85  0.05  SignalTiming
0.534  0.0206323  610  10  -0.75  0.05  SignalTiming
0.581744  0.0177554  610  10  -0.65  0.05  SignalTiming
0.605727  0.0163394  610  10  -0.55  0.05  SignalTiming
0.654549  0.0154379  610  10  -0.45  0.05  SignalTiming
0.649104  0.0151301  610  10  -0.35  0.05  SignalTiming
0.630445  0.0149671  610  10  -0.25  0.05  SignalTiming
0.664682  0.0148069  610  10  -0.15  0.05  SignalTiming
0.627377  0.0147711  610  10  -0.05  0.05  SignalTiming
0.644048  0.0152053  610  10  0.05  0.05  SignalTiming
0.588953  0.0159742  610  10  0.15  0.05  SignalTiming
0.588137  0.0165249  610  10  0.25  0.05  SignalTiming
0.569396  0.0184491  610  10  0.35  0.05  SignalTiming
0.531043  0.0209614  610  10  0.45  0.05  SignalTiming
0.44814  0.0249872  610  10  0.55  0.05  SignalTiming
0.329303  0.0323581  610  10  0.65  0.05  SignalTiming
0.17719  0.0482309  610  10  0.75  0.05  SignalTiming
-0.00607802  0.0843969  610  10  0.85  0.05  SignalTiming
0.119451  0.119618  610  10  0.95  0.05  SignalTiming
0.247305  0.075873  630  10  -0.95  0.05  SignalTiming
0.490823  0.0490827  630  10  -0.85  0.05  SignalTiming
0.490252  0.03967  630  10  -0.75  0.05  SignalTiming
0.582457  0.0345357  630  10  -0.65  0.05  SignalTiming
0.641809  0.0326204  630  10  -0.55  0.05  SignalTiming
0.670687  0.0310376  630  10  -0.45  0.05  SignalTiming
0.665658  0.0294312  630  10  -0.35  0.05  SignalTiming
0.695542  0.0295787  630  10  -0.25  0.05  SignalTiming
0.705003  0.0295201  630  10  -0.15  0.05  SignalTiming
0.662569  0.0286618  630  10  -0.05  0.05  SignalTiming
0.693637  0.0301575  630  10  0.05  0.05  SignalTiming
0.664582  0.0320373  630  10  0.15  0.05  SignalTiming
0.62295  0.0337427  630  10  0.25  0.05  SignalTiming
0.657747  0.0356123  630  10  0.35  0.05  SignalTiming
0.549435  0.04143  630  10  0.45  0.05  SignalTiming
0.526102  0.0503488  630  10  0.55  0.05  SignalTiming
0.486869  0.0640492  630  10  0.65  0.05  SignalTiming
0.0927296  0.0992428  630  10  0.75  0.05  SignalTiming
0.0813546  0.171686  630  10  0.85  0.05  SignalTiming
-0.0167644  0.299042  630  10  0.95  0.05  SignalTiming
0.270816  0.198385  650  10  -0.95  0.05  SignalTiming
0.251896  0.133596  650  10  -0.85  0.05  SignalTiming
0.365615  0.110332  650  10  -0.75  0.05  SignalTiming
0.582173  0.0928674  650  10  -0.65  0.05  SignalTiming
0.782999  0.0904063  650  10  -0.55  0.05  SignalTiming
0.393593  0.0840499  650  10  -0.45  0.05  SignalTiming
0.663696  0.0849177  650  10  -0.35  0.05  SignalTiming
0.712266  0.0809494  650  10  -0.25  0.05  SignalTiming
0.578858  0.0842926  650  10  -0.15  0.05  SignalTiming
0.582453  0.0830382  650  10  -0.05  0.05  SignalTiming
0.620505  0.0842584  650  10  0.05  0.05  SignalTiming
0.58965  0.0856993  650  10  0.15  0.05  SignalTiming
0.593011  0.092588  650  10  0.25  0.05  SignalTiming
0.536837  0.104054  650  10  0.35  0.05  SignalTiming
0.418974  0.117385  650  10  0.45  0.05  SignalTiming
0.540662  0.1419  650  10  0.55  0.05  SignalTiming
0.258665  0.178346  650  10  0.65  0.05  SignalTiming
0.0624595  0.271  650  10  0.75  0.05  SignalTiming
0.112746  0.538693  650  10  0.85  0.05  SignalTiming
-2.24733  1.41868  650  10  0.95  0.05  SignalTiming
1.42765  0.701476  670  10  -0.95  0.05  SignalTiming
0.889191  0.447321  670  10  -0.85  0.05  SignalTiming
1.3684  0.382793  670  10  -0.75  0.05  SignalTiming
0.828273  0.35402  670  10  -0.65  0.05  SignalTiming
0.729089  0.323716  670  10  -0.55  0.05  SignalTiming
1.01975  0.310599  670  10  -0.45  0.05  SignalTiming
1.14978  0.307626  670  10  -0.35  0.05  SignalTiming
0.571406  0.303967  670  10  -0.25  0.05  SignalTiming
0.553002  0.300946  670  10  -0.15  0.05  SignalTiming
1.21603  0.308933  670  10  -0.05  0.05  SignalTiming
0.0906426  0.314589  670  10  0.05  0.05  SignalTiming
-0.0452087  0.330905  670  10  0.15  0.05  SignalTiming
0.991736  0.354398  670  10  0.25  0.05  SignalTiming
0.816256  0.381601  670  10  0.35  0.05  SignalTiming
1.35325  0.429161  670  10  0.45  0.05  SignalTiming
0.442622  0.544886  670  10  0.55  0.05  SignalTiming
1.38659  0.642364  670  10  0.65  0.05  SignalTiming
0.184616  0.934844  670  10  0.75  0.05  SignalTiming
-0.464699  1.73001  670  10  0.85  0.05  SignalTiming
6.0087  3.8814  670  10  0.95  0.05  SignalTiming
0.335634  0.622048  690  10  -0.95  0.05  SignalTiming
0.280039  0.437665  690  10  -0.85  0.05  SignalTiming
0.500495  0.365165  690  10  -0.75  0.05  SignalTiming
0.911814  0.336585  690  10  -0.65  0.05  SignalTiming
0.170261  0.320651  690  10  -0.55  0.05  SignalTiming
0.662065  0.315795  690  10  -0.45  0.05  SignalTiming
1.08893  0.304307  690  10  -0.35  0.05  SignalTiming
0.808055  0.297304  690  10  -0.25  0.05  SignalTiming
0.136886  0.306302  690  10  -0.15  0.05  SignalTiming
0.893857  0.3094  690  10  -0.05  0.05  SignalTiming
0.780669  0.314495  690  10  0.05  0.05  SignalTiming
0.968682  0.320823  690  10  0.15  0.05  SignalTiming
0.929062  0.353258  690  10  0.25  0.05  SignalTiming
0.617638  0.373631  690  10  0.35  0.05  SignalTiming
1.65089  0.423345  690  10  0.45  0.05  SignalTiming
0.913965  0.488879  690  10  0.55  0.05  SignalTiming
0.988773  0.649942  690  10  0.65  0.05  SignalTiming
-0.340199  0.99787  690  10  0.75  0.05  SignalTiming
-3.6123  1.92035  690  10  0.85  0.05  SignalTiming
-0.836249  4.67639  690  10  0.95  0.05  SignalTiming
0.0954765  0.686127  710  10  -0.95  0.05  SignalTiming
-0.669708  0.488316  710  10  -0.85  0.05  SignalTiming
-0.159213  0.402612  710  10  -0.75  0.05  SignalTiming
0.386922  0.387324  710  10  -0.65  0.05  SignalTiming
1.14529  0.373785  710  10  -0.55  0.05  SignalTiming
0.879488  0.371636  710  10  -0.45  0.05  SignalTiming
0.998163  0.357923  710  10  -0.35  0.05  SignalTiming
1.10637  0.366977  710  10  -0.25  0.05  SignalTiming
0.527261  0.372152  710  10  -0.15  0.05  SignalTiming
0.920318  0.377849  710  10  -0.05  0.05  SignalTiming
0.653164  0.376104  710  10  0.05  0.05  SignalTiming
1.10604  0.393471  710  10  0.15  0.05  SignalTiming
0.668486  0.428266  710  10  0.25  0.05  SignalTiming
0.971018  0.443947  710  10  0.35  0.05  SignalTiming
0.680443  0.502001  710  10  0.45  0.05  SignalTiming
0.547947  0.596189  710  10  0.55  0.05  SignalTiming
0.33068  0.769625  710  10  0.65  0.05  SignalTiming
0.239161  1.21235  710  10  0.75  0.05  SignalTiming
0.438169  2.63403  710  10  0.85  0.05  SignalTiming
-7.0764  8.26147  710  10  0.95  0.05  SignalTiming
