0.8913    0.00247965    250    10    -0.95   0.05
-0.568944    4.8003    250    10    -0.85   0.05
-0.8913    0.000379101    250    10    -0.75   0.05
0.8913    2.23968e-05    250    10    -0.65   0.05
-0.891295    0.00210049    250    10    -0.55   0.05
0.419956    0.877458    250    10    -0.45   0.05
0.77286    1.10979    250    10    -0.35   0.05
0.620911    1.54864    250    10    -0.25   0.05
-0.89127    0.00146477    250    10    -0.15   0.05
0.8913    1.09403e-06    250    10    -0.05   0.05
0.891295    0.00168536    250    10    0.05   0.05
-0.784539    0.980331    250    10    0.15   0.05
0.891299    0.00162954    250    10    0.25   0.05
-0.8913    8.46646e-05    250    10    0.35   0.05
-0.8913    0.000442818    250    10    0.45   0.05
0.8913    5.99311e-06    250    10    0.55   0.05
-0.435112    0.841471    250    10    0.65   0.05
-0.891296    0.00769644    250    10    0.75   0.05
-0.8913    0.00187759    250    10    0.85   0.05
-0.8913    5.81115e-05    250    10    0.95   0.05
0.8913    1.49426e-06    270    10    -0.95   0.05
0.671136    0.523082    270    10    -0.85   0.05
0.891235    0.0019197    270    10    -0.75   0.05
-0.141109    0.358665    270    10    -0.65   0.05
0.622228    0.209008    270    10    -0.55   0.05
0.561831    0.209863    270    10    -0.45   0.05
0.53079    0.256278    270    10    -0.35   0.05
0.275245    0.437395    270    10    -0.25   0.05
-0.217696    0.574456    270    10    -0.15   0.05
0.413013    0.245157    270    10    -0.05   0.05
0.862842    0.247299    270    10    0.05   0.05
0.54812    0.459398    270    10    0.15   0.05
0.772857    0.171422    270    10    0.25   0.05
0.436176    11.2903    270    10    0.35   0.05
-0.8913    0.000123344    270    10    0.45   0.05
0.8913    0.000497051    270    10    0.55   0.05
-0.891299    0.00127132    270    10    0.65   0.05
0.8913    0.000175147    270    10    0.75   0.05
-0.8913    0.000196042    270    10    0.85   0.05
-0.8913    0.0021281    270    10    0.95   0.05
-0.8913    6.88857e-06    290    10    -0.95   0.05
0.156579    1.07115    290    10    -0.85   0.05
-0.397566    0.773945    290    10    -0.75   0.05
0.593487    0.242068    290    10    -0.65   0.05
0.521629    0.214358    290    10    -0.55   0.05
0.50246    0.168849    290    10    -0.45   0.05
0.32161    0.182692    290    10    -0.35   0.05
-0.408076    0.741469    290    10    -0.25   0.05
0.0961686    0.611349    290    10    -0.15   0.05
0.466782    0.216516    290    10    -0.05   0.05
0.750228    0.589322    290    10    0.05   0.05
0.175591    0.621726    290    10    0.15   0.05
0.8913    3.72481e-05    290    10    0.25   0.05
-0.8913    6.47153e-05    290    10    0.35   0.05
0.671554    0.217855    290    10    0.45   0.05
-0.435112    0.841471    290    10    0.55   0.05
-0.750003    0.73846    290    10    0.65   0.05
0.100057    0.250351    290    10    0.75   0.05
-0.8913    3.97186e-05    290    10    0.85   0.05
-0.891296    0.0407086    290    10    0.95   0.05
-0.891299    0.00404732    310    10    -0.95   0.05
0.612312    0.205532    310    10    -0.85   0.05
0.422557    0.125287    310    10    -0.75   0.05
0.664351    0.0790458    310    10    -0.65   0.05
0.517559    0.0780816    310    10    -0.55   0.05
0.450876    0.0782673    310    10    -0.45   0.05
0.471407    0.0726792    310    10    -0.35   0.05
0.523226    0.0712123    310    10    -0.25   0.05
0.447894    0.0953739    310    10    -0.15   0.05
0.549502    0.0755133    310    10    -0.05   0.05
0.644047    0.263854    310    10    0.05   0.05
0.594871    0.0662844    310    10    0.15   0.05
-0.306105    0.64607    310    10    0.25   0.05
0.8913    0.00136827    310    10    0.35   0.05
0.141128    0.0835375    310    10    0.45   0.05
0.667372    0.410789    310    10    0.55   0.05
-0.563999    189.335    310    10    0.65   0.05
0.8913    0.000411848    310    10    0.75   0.05
-0.8913    0.000356684    310    10    0.85   0.05
-0.8913    0.000948409    310    10    0.95   0.05
-0.435112    0.841471    330    10    -0.95   0.05
0.6946    0.0203789    330    10    -0.85   0.05
0.311681    0.105759    330    10    -0.75   0.05
0.451369    0.0802063    330    10    -0.65   0.05
0.422342    0.069731    330    10    -0.55   0.05
0.56198    0.0581462    330    10    -0.45   0.05
0.420518    0.0586608    330    10    -0.35   0.05
0.465216    0.0591183    330    10    -0.25   0.05
0.515434    0.720763    330    10    -0.15   0.05
0.534719    0.111033    330    10    -0.05   0.05
0.50546    0.186425    330    10    0.05   0.05
0.476501    0.269176    330    10    0.15   0.05
0.434322    0.0801406    330    10    0.25   0.05
0.455125    0.108413    330    10    0.35   0.05
0.785554    0.135768    330    10    0.45   0.05
0.57213    0.15792    330    10    0.55   0.05
-0.736417    2.0876    330    10    0.65   0.05
-0.8913    0.000231745    330    10    0.75   0.05
-0.8913    1.36506e-06    330    10    0.85   0.05
0.473843    0.120271    330    10    0.95   0.05
-0.743734    0.46987    350    10    -0.95   0.05
0.484117    0.211313    350    10    -0.85   0.05
0.454431    0.126221    350    10    -0.75   0.05
0.46574    0.0543478    350    10    -0.65   0.05
0.481683    0.0463335    350    10    -0.55   0.05
0.495967    0.0663875    350    10    -0.45   0.05
0.572043    0.0593763    350    10    -0.35   0.05
0.609663    0.0432648    350    10    -0.25   0.05
0.513527    0.067819    350    10    -0.15   0.05
0.503391    0.0856613    350    10    -0.05   0.05
0.48945    0.0557091    350    10    0.05   0.05
0.523389    6.78698    350    10    0.15   0.05
0.398312    0.684049    350    10    0.25   0.05
0.891181    0.153439    350    10    0.35   0.05
0.891294    0.000574321    350    10    0.45   0.05
-0.891299    0.00824028    350    10    0.55   0.05
0.445615    0.417196    350    10    0.65   0.05
0.805651    0.267743    350    10    0.75   0.05
-0.8913    0.00134126    350    10    0.85   0.05
0.0968986    0.0926337    350    10    0.95   0.05
-0.8913    6.26713e-06    370    10    -0.95   0.05
0.369279    0.11614    370    10    -0.85   0.05
0.490987    0.0928671    370    10    -0.75   0.05
0.41452    0.0686813    370    10    -0.65   0.05
0.457926    0.0337785    370    10    -0.55   0.05
0.55435    0.0428568    370    10    -0.45   0.05
0.533614    0.0297303    370    10    -0.35   0.05
0.638061    0.0333685    370    10    -0.25   0.05
0.544798    0.0651285    370    10    -0.15   0.05
0.558467    0.0421256    370    10    -0.05   0.05
0.550524    0.0366952    370    10    0.05   0.05
0.55136    0.0581106    370    10    0.15   0.05
0.386714    0.125072    370    10    0.25   0.05
0.402692    0.0543056    370    10    0.35   0.05
0.429284    0.103083    370    10    0.45   0.05
0.485752    0.0749613    370    10    0.55   0.05
0.481434    0.176287    370    10    0.65   0.05
0.8913    0.00065766    370    10    0.75   0.05
0.792647    0.719367    370    10    0.85   0.05
-0.8913    2.49017e-05    370    10    0.95   0.05
0.8913    1.78794e-06    390    10    -0.95   0.05
0.254838    0.399267    390    10    -0.85   0.05
0.463949    0.0683586    390    10    -0.75   0.05
0.418161    0.049481    390    10    -0.65   0.05
0.46234    0.0372358    390    10    -0.55   0.05
0.531332    0.038736    390    10    -0.45   0.05
0.588838    0.0349015    390    10    -0.35   0.05
0.53954    0.0361248    390    10    -0.25   0.05
0.569089    0.0359068    390    10    -0.15   0.05
0.59682    0.0517391    390    10    -0.05   0.05
0.519978    0.0501128    390    10    0.05   0.05
0.558134    0.0551634    390    10    0.15   0.05
0.552894    0.0544825    390    10    0.25   0.05
0.427602    0.0653057    390    10    0.35   0.05
0.226948    20.2428    390    10    0.45   0.05
0.410982    0.15154    390    10    0.55   0.05
-0.468588    0.38835    390    10    0.65   0.05
-0.481373    0.265477    390    10    0.75   0.05
-0.249443    27.5024    390    10    0.85   0.05
0.8913    1.25281e-11    390    10    0.95   0.05
0.34328    0.142698    410    10    -0.95   0.05
0.350107    0.0836804    410    10    -0.85   0.05
0.512077    0.0379303    410    10    -0.75   0.05
0.522637    0.0347406    410    10    -0.65   0.05
0.51135    0.0264613    410    10    -0.55   0.05
0.554504    0.0246217    410    10    -0.45   0.05
0.606309    0.0209328    410    10    -0.35   0.05
0.578381    0.0246099    410    10    -0.25   0.05
0.577823    0.0222478    410    10    -0.15   0.05
0.58226    0.0273249    410    10    -0.05   0.05
0.577093    0.0258711    410    10    0.05   0.05
0.547038    0.0301866    410    10    0.15   0.05
0.510976    0.042832    410    10    0.25   0.05
0.604448    0.033254    410    10    0.35   0.05
0.429271    0.0574147    410    10    0.45   0.05
-0.030445    0.228908    410    10    0.55   0.05
0.329752    0.115298    410    10    0.65   0.05
0.333367    0.231823    410    10    0.75   0.05
-0.264392    2.93289    410    10    0.85   0.05
-0.435112    0.841471    410    10    0.95   0.05
0.478838    0.160868    430    10    -0.95   0.05
0.446707    0.0668165    430    10    -0.85   0.05
0.457503    0.0373711    430    10    -0.75   0.05
0.537779    0.0285356    430    10    -0.65   0.05
0.552592    0.0265403    430    10    -0.55   0.05
0.56017    0.0208663    430    10    -0.45   0.05
0.583289    0.0217318    430    10    -0.35   0.05
0.554003    0.0202605    430    10    -0.25   0.05
0.565136    0.02258    430    10    -0.15   0.05
0.576042    0.0236403    430    10    -0.05   0.05
0.533191    0.0232529    430    10    0.05   0.05
0.569087    0.0261018    430    10    0.15   0.05
0.553318    0.0291514    430    10    0.25   0.05
0.500977    0.0313568    430    10    0.35   0.05
0.416687    0.0376838    430    10    0.45   0.05
0.352058    0.0617072    430    10    0.55   0.05
0.422156    0.070275    430    10    0.65   0.05
0.207176    0.466277    430    10    0.75   0.05
0.589454    0.344474    430    10    0.85   0.05
0.8913    3.01473e-08    430    10    0.95   0.05
0.300985    0.559662    450    10    -0.95   0.05
0.411103    0.0448452    450    10    -0.85   0.05
0.46116    0.0355002    450    10    -0.75   0.05
0.518694    0.0249489    450    10    -0.65   0.05
0.571673    0.0199754    450    10    -0.55   0.05
0.544351    0.0197313    450    10    -0.45   0.05
0.571228    0.0173698    450    10    -0.35   0.05
0.557319    0.0185875    450    10    -0.25   0.05
0.549781    0.0175997    450    10    -0.15   0.05
0.567118    0.0214164    450    10    -0.05   0.05
0.541135    0.0199119    450    10    0.05   0.05
0.533948    0.0244041    450    10    0.15   0.05
0.512483    0.0242169    450    10    0.25   0.05
0.498659    0.0259408    450    10    0.35   0.05
0.410387    0.0448228    450    10    0.45   0.05
-0.29982    0.0530832    450    10    0.55   0.05
-0.328124    0.102263    450    10    0.65   0.05
0.147381    0.708984    450    10    0.75   0.05
-0.298743    2.33257    450    10    0.85   0.05
0.8913    2.20598e-08    450    10    0.95   0.05
0.28135    2.14798    470    10    -0.95   0.05
0.345889    0.0540486    470    10    -0.85   0.05
0.490894    0.034411    470    10    -0.75   0.05
0.55386    0.0193109    470    10    -0.65   0.05
0.550658    0.019009    470    10    -0.55   0.05
0.591388    0.0176192    470    10    -0.45   0.05
0.574135    0.0168582    470    10    -0.35   0.05
0.59069    0.0161954    470    10    -0.25   0.05
0.552339    0.0161711    470    10    -0.15   0.05
0.57963    0.0172536    470    10    -0.05   0.05
0.545986    0.0176142    470    10    0.05   0.05
0.527699    0.0181992    470    10    0.15   0.05
0.473827    0.0226253    470    10    0.25   0.05
0.514232    0.0245933    470    10    0.35   0.05
0.423969    0.0273943    470    10    0.45   0.05
0.370223    0.0348372    470    10    0.55   0.05
0.370959    0.0531817    470    10    0.65   0.05
0.19696    0.141978    470    10    0.75   0.05
0.467031    5.15732    470    10    0.85   0.05
-0.8913    1.29264e-06    470    10    0.95   0.05
0.260695    0.329574    490    10    -0.95   0.05
0.392038    0.0441562    490    10    -0.85   0.05
0.475017    0.0326124    490    10    -0.75   0.05
0.542328    0.0220103    490    10    -0.65   0.05
0.546887    0.0207882    490    10    -0.55   0.05
0.58804    0.0194032    490    10    -0.45   0.05
0.575695    0.0165671    490    10    -0.35   0.05
0.588921    0.0173032    490    10    -0.25   0.05
0.60898    0.0163864    490    10    -0.15   0.05
0.589263    0.0185977    490    10    -0.05   0.05
0.537278    0.0198628    490    10    0.05   0.05
0.553061    0.0205042    490    10    0.15   0.05
0.535114    0.0218673    490    10    0.25   0.05
0.453997    0.0237885    490    10    0.35   0.05
0.453079    0.0304677    490    10    0.45   0.05
0.494614    0.0562217    490    10    0.55   0.05
0.36736    0.0607238    490    10    0.65   0.05
0.249052    0.098488    490    10    0.75   0.05
0.8913    8.91141e-06    490    10    0.85   0.05
0.8913    4.36717e-05    490    10    0.95   0.05
-0.231927    0.252005    510    10    -0.95   0.05
0.364528    0.0388174    510    10    -0.85   0.05
0.454954    0.0272347    510    10    -0.75   0.05
0.558257    0.0196476    510    10    -0.65   0.05
0.577288    0.016605    510    10    -0.55   0.05
0.572632    0.0151945    510    10    -0.45   0.05
0.582965    0.0141612    510    10    -0.35   0.05
0.584749    0.0146964    510    10    -0.25   0.05
0.588707    0.0150609    510    10    -0.15   0.05
0.575987    0.0152533    510    10    -0.05   0.05
0.557086    0.0160261    510    10    0.05   0.05
0.54118    0.0167859    510    10    0.15   0.05
0.519241    0.0170889    510    10    0.25   0.05
0.528968    0.0186517    510    10    0.35   0.05
0.485664    0.0233933    510    10    0.45   0.05
0.416608    0.0330169    510    10    0.55   0.05
0.329929    0.0585669    510    10    0.65   0.05
0.384403    0.0769899    510    10    0.75   0.05
-0.525259    0.584216    510    10    0.85   0.05
0.8913    0.000165277    510    10    0.95   0.05
0.404131    0.157898    530    10    -0.95   0.05
0.367298    0.0569533    530    10    -0.85   0.05
0.481909    0.0303135    530    10    -0.75   0.05
0.562163    0.0188165    530    10    -0.65   0.05
0.583228    0.0162804    530    10    -0.55   0.05
0.573913    0.0166432    530    10    -0.45   0.05
0.569675    0.0165729    530    10    -0.35   0.05
0.57835    0.0163598    530    10    -0.25   0.05
0.592859    0.0157796    530    10    -0.15   0.05
0.572905    0.0153665    530    10    -0.05   0.05
0.591464    0.0165607    530    10    0.05   0.05
0.573718    0.0144003    530    10    0.15   0.05
0.522707    0.0186533    530    10    0.25   0.05
0.493505    0.023195    530    10    0.35   0.05
0.410556    0.0273402    530    10    0.45   0.05
0.355478    0.0328442    530    10    0.55   0.05
0.310497    0.0550574    530    10    0.65   0.05
0.282112    0.11422    530    10    0.75   0.05
-0.424545    5.74597    530    10    0.85   0.05
-0.8913    3.93492e-08    530    10    0.95   0.05
0.195167    0.14341    550    10    -0.95   0.05
0.36478    0.0439538    550    10    -0.85   0.05
0.323279    0.0322022    550    10    -0.75   0.05
0.559443    0.0235103    550    10    -0.65   0.05
0.571562    0.0192633    550    10    -0.55   0.05
0.545242    0.0197088    550    10    -0.45   0.05
0.60325    0.0180763    550    10    -0.35   0.05
0.596424    0.0176577    550    10    -0.25   0.05
0.593712    0.0170431    550    10    -0.15   0.05
0.578803    0.018095    550    10    -0.05   0.05
0.564953    0.0176378    550    10    0.05   0.05
0.5914    0.0184871    550    10    0.15   0.05
0.536063    0.0214284    550    10    0.25   0.05
0.523567    0.0240397    550    10    0.35   0.05
0.499035    0.0270444    550    10    0.45   0.05
0.425017    0.0375103    550    10    0.55   0.05
0.373307    0.0515831    550    10    0.65   0.05
0.283884    0.106226    550    10    0.75   0.05
0.462176    6.63044    550    10    0.85   0.05
-0.8913    9.05746e-05    550    10    0.95   0.05
0.231055    0.122335    570    10    -0.95   0.05
0.353735    0.0372761    570    10    -0.85   0.05
0.475263    0.0215491    570    10    -0.75   0.05
0.55826    0.0170139    570    10    -0.65   0.05
0.543205    0.0157368    570    10    -0.55   0.05
0.573703    0.0140927    570    10    -0.45   0.05
0.578473    0.0138916    570    10    -0.35   0.05
0.595228    0.0138166    570    10    -0.25   0.05
0.600067    0.0129576    570    10    -0.15   0.05
0.59716    0.0137629    570    10    -0.05   0.05
0.577512    0.0142417    570    10    0.05   0.05
0.587697    0.0139426    570    10    0.15   0.05
0.541644    0.0179381    570    10    0.25   0.05
0.517074    0.0159617    570    10    0.35   0.05
0.471893    0.0214506    570    10    0.45   0.05
0.45444    0.025909    570    10    0.55   0.05
0.306134    0.0401627    570    10    0.65   0.05
0.141033    0.082805    570    10    0.75   0.05
0.591932    2.95426    570    10    0.85   0.05
-0.649801    0.750732    570    10    0.95   0.05
-0.397433    0.0845076    590    10    -0.95   0.05
0.412577    0.0286684    590    10    -0.85   0.05
0.492294    0.0182956    590    10    -0.75   0.05
0.520348    0.012779    590    10    -0.65   0.05
0.559522    0.0128579    590    10    -0.55   0.05
0.617169    0.0118201    590    10    -0.45   0.05
0.626244    0.011797    590    10    -0.35   0.05
0.591122    0.0118175    590    10    -0.25   0.05
0.640116    0.0110465    590    10    -0.15   0.05
0.612968    0.0113611    590    10    -0.05   0.05
0.584282    0.0120353    590    10    0.05   0.05
0.557539    0.0124828    590    10    0.15   0.05
0.568652    0.0124964    590    10    0.25   0.05
0.520172    0.0161684    590    10    0.35   0.05
0.516922    0.018255    590    10    0.45   0.05
0.473674    0.0233078    590    10    0.55   0.05
0.335644    0.0345173    590    10    0.65   0.05
0.267878    0.1352    590    10    0.75   0.05
-0.8913    5.86937e-07    590    10    0.85   0.05
-0.8913    2.87489e-08    590    10    0.95   0.05
0.208683    0.0580488    610    10    -0.95   0.05
0.401268    0.0276077    610    10    -0.85   0.05
0.501842    0.0224351    610    10    -0.75   0.05
0.52423    0.0167294    610    10    -0.65   0.05
0.60197    0.0138042    610    10    -0.55   0.05
0.629449    0.0130544    610    10    -0.45   0.05
0.636185    0.0128634    610    10    -0.35   0.05
0.600797    0.0127694    610    10    -0.25   0.05
0.625101    0.0116819    610    10    -0.15   0.05
0.635271    0.0120494    610    10    -0.05   0.05
0.606386    0.0131216    610    10    0.05   0.05
0.604777    0.0127081    610    10    0.15   0.05
0.595641    0.0150785    610    10    0.25   0.05
0.571139    0.0162788    610    10    0.35   0.05
0.524467    0.0214193    610    10    0.45   0.05
0.470074    0.0273258    610    10    0.55   0.05
0.45628    0.0397622    610    10    0.65   0.05
0.297528    0.10241    610    10    0.75   0.05
-0.8913    0.003116    610    10    0.85   0.05
-0.8913    7.81691e-05    610    10    0.95   0.05
0.424875    0.125525    630    10    -0.95   0.05
0.30303    0.0577825    630    10    -0.85   0.05
0.506426    0.0424326    630    10    -0.75   0.05
0.598003    0.0299535    630    10    -0.65   0.05
0.629955    0.0278109    630    10    -0.55   0.05
0.577503    0.0271905    630    10    -0.45   0.05
0.677141    0.0227616    630    10    -0.35   0.05
0.662861    0.0235461    630    10    -0.25   0.05
0.668483    0.0216638    630    10    -0.15   0.05
0.683108    0.021245    630    10    -0.05   0.05
0.710332    0.0214898    630    10    0.05   0.05
0.589848    0.025899    630    10    0.15   0.05
0.593584    0.0276536    630    10    0.25   0.05
0.596563    0.0324457    630    10    0.35   0.05
0.548539    0.0409926    630    10    0.45   0.05
0.581218    0.0469183    630    10    0.55   0.05
0.58886    0.0656051    630    10    0.65   0.05
0.529223    0.15518    630    10    0.75   0.05
-0.8913    6.80928e-05    630    10    0.85   0.05
-0.8913    2.10352e-05    630    10    0.95   0.05
0.68592    0.416336    650    10    -0.95   0.05
0.359077    0.264043    650    10    -0.85   0.05
0.527485    0.105454    650    10    -0.75   0.05
0.528065    0.0799465    650    10    -0.65   0.05
0.684321    0.117791    650    10    -0.55   0.05
0.519457    0.071366    650    10    -0.45   0.05
0.718598    0.0431035    650    10    -0.35   0.05
0.649282    0.062851    650    10    -0.25   0.05
0.71951    0.0442511    650    10    -0.15   0.05
0.575576    0.06908    650    10    -0.05   0.05
0.48524    0.0745196    650    10    0.05   0.05
0.529348    0.0759021    650    10    0.15   0.05
-0.500092    0.0698748    650    10    0.25   0.05
0.501416    0.0966238    650    10    0.35   0.05
0.556065    0.095119    650    10    0.45   0.05
0.490545    0.135976    650    10    0.55   0.05
0.438632    0.184777    650    10    0.65   0.05
0.891299    0.000179486    650    10    0.75   0.05
0.8913    1.49128e-06    650    10    0.85   0.05
-0.090926    0.0630654    650    10    0.95   0.05
-0.8913    0.0292589    670    10    -0.95   0.05
-0.467321    0.96837    670    10    -0.85   0.05
-0.8913    0.000469958    670    10    -0.75   0.05
0.8913    1.61914e-06    670    10    -0.65   0.05
0.3143    0.375232    670    10    -0.55   0.05
0.891293    0.0228968    670    10    -0.45   0.05
0.717583    0.34812    670    10    -0.35   0.05
0.876293    0.47448    670    10    -0.25   0.05
-0.70402    6.65415    670    10    -0.15   0.05
0.565508    0.449607    670    10    -0.05   0.05
0.49233    0.353084    670    10    0.05   0.05
0.891289    0.00259345    670    10    0.15   0.05
-0.79002    6.38106    670    10    0.25   0.05
0.8913    0.000109739    670    10    0.35   0.05
0.833901    0.2103    670    10    0.45   0.05
-0.891299    0.000113885    670    10    0.55   0.05
-0.635079    1.74309    670    10    0.65   0.05
0.8913    1.38654e-06    670    10    0.75   0.05
-0.891296    0.00531784    670    10    0.85   0.05
0.772448    0.237168    670    10    0.95   0.05
-0.891298    0.00036098    690    10    -0.95   0.05
0.526991    1.66167    690    10    -0.85   0.05
0.544119    1.05888    690    10    -0.75   0.05
0.891297    0.010594    690    10    -0.65   0.05
0.557503    0.322318    690    10    -0.55   0.05
0.562843    0.768374    690    10    -0.45   0.05
0.891298    0.00218229    690    10    -0.35   0.05
0.8913    0.000311982    690    10    -0.25   0.05
0.784086    0.480885    690    10    -0.15   0.05
0.891297    0.000863803    690    10    -0.05   0.05
0.801491    0.33737    690    10    0.05   0.05
0.618248    0.471539    690    10    0.15   0.05
0.770692    0.476018    690    10    0.25   0.05
-0.829454    0.452127    690    10    0.35   0.05
0.863952    0.473385    690    10    0.45   0.05
0.891299    0.000580836    690    10    0.55   0.05
0.173006    1.52663    690    10    0.65   0.05
0.8913    3.31829e-05    690    10    0.75   0.05
0.660972    0.187674    690    10    0.85   0.05
-0.435112    0.841471    690    10    0.95   0.05
-0.8913    8.91451e-05    710    10    -0.95   0.05
0.891269    0.00323447    710    10    -0.85   0.05
0.891296    0.00127841    710    10    -0.75   0.05
-0.865324    71.2599    710    10    -0.65   0.05
0.891296    0.0044171    710    10    -0.55   0.05
0.349898    0.684783    710    10    -0.45   0.05
0.822948    0.447057    710    10    -0.35   0.05
0.426009    0.574496    710    10    -0.25   0.05
0.634582    2.63763    710    10    -0.15   0.05
0.618078    0.513209    710    10    -0.05   0.05
0.811737    0.425659    710    10    0.05   0.05
0.741003    0.52992    710    10    0.15   0.05
0.8913    0.000107632    710    10    0.25   0.05
0.483756    0.830453    710    10    0.35   0.05
0.863821    0.250549    710    10    0.45   0.05
0.8913    0.000508822    710    10    0.55   0.05
-0.584851    3.16498    710    10    0.65   0.05
0.8913    2.26067e-05    710    10    0.75   0.05
0.8913    1.63362e-05    710    10    0.85   0.05
-0.891297    0.119998    710    10    0.95   0.05
