5.00725e-09    410   -0.95   0.939958   0.0281752  7.043e-09   1.40656  19.6915   13.9998
0.807825    410   -0.85   0.939958   0.0281752  0.4454   0.551357  0.19202   0.348268
0.853852    410   -0.75   0.939958   0.0281752  0.5638   0.660302  0.0716468   0.108506
1.01054    410   -0.65   0.939958   0.0281752  0.6117   0.605319  0.0431612   0.0713032
0.943069    410   -0.55   0.939958   0.0281752  0.6336   0.671849  0.0399298   0.0594327
0.855402    410   -0.45   0.939958   0.0281752  0.6432   0.751927  0.0342185   0.0455077
1.00421    410   -0.35   0.939958   0.0281752  0.646   0.64329  0.0348016   0.0540994
1.04194    410   -0.25   0.939958   0.0281752  0.6444   0.618464  0.0501357   0.0810649
1.01577    410   -0.15   0.939958   0.0281752  0.6396   0.629669  0.0652581   0.103639
1.36183    410   -0.05   0.939958   0.0281752  0.6321   0.464155  0.0616509   0.132824
1.24834    410   0.05   0.939958   0.0281752  0.6217   0.498023  0.0799926   0.16062
1.31726    410   0.15   0.939958   0.0281752  0.6081   0.461641  0.107995   0.233937
1.66016    410   0.25   0.939958   0.0281752  0.5907   0.35581  0.277163   0.778963
1.42469    410   0.35   0.939958   0.0281752  0.5685   0.399034  2.67279   6.69815
0.544952    410   0.45   0.939958   0.0281752  0.5398   0.990546  7.37649   7.44689
4.03961    410   0.55   0.939958   0.0281752  0.5026   0.124418  3.98532   32.0317
0.22685    410   0.65   0.939958   0.0281752  0.4537   2  2.60035e-05   1.30017e-05
-0.632709    410   0.75   0.939958   0.0281752  0.3883   -0.61371  0.325519   -0.530412
-0.86642    410   0.85   0.939958   0.0281752  0.2994   -0.34556  0.0634448   -0.1836
-0.127129    410   0.95   0.939958   0.0281752  0.1759   -1.38363  0.079339   -0.0573412
-1.98971e-08    430   -0.95   0.91882   0.0168093  1.182e-08   -0.594056  2.88792   -4.86136
-0.521327    430   -0.85   0.91882   0.0168093  0.509   -0.976354  1.68294   -1.7237
0.804245    430   -0.75   0.91882   0.0168093  0.6098   0.758227  0.0441937   0.0582856
0.947182    430   -0.65   0.91882   0.0168093  0.6444   0.680334  0.0324108   0.0476395
0.872553    430   -0.55   0.91882   0.0168093  0.657   0.752963  0.023765   0.031562
0.914274    430   -0.45   0.91882   0.0168093  0.66   0.721884  0.0236335   0.0327386
0.91539    430   -0.35   0.91882   0.0168093  0.6579   0.71871  0.0263579   0.0366739
0.876551    430   -0.25   0.91882   0.0168093  0.6527   0.744623  0.0280798   0.0377101
0.985115    430   -0.15   0.91882   0.0168093  0.645   0.654746  0.0322235   0.0492153
1.01418    430   -0.05   0.91882   0.0168093  0.635   0.626122  0.0442065   0.0706037
0.971452    430   0.05   0.91882   0.0168093  0.6226   0.640896  0.0558483   0.087141
0.928922    430   0.15   0.91882   0.0168093  0.6071   0.653553  0.0772325   0.118173
1.61667    430   0.25   0.91882   0.0168093  0.5878   0.363587  0.270091   0.742851
2.04345    430   0.35   0.91882   0.0168093  0.5635   0.275759  0.506551   1.83693
1.15275    430   0.45   0.91882   0.0168093  0.5323   0.461764  0.261543   0.5664
0.515765    430   0.55   0.91882   0.0168093  0.4922   0.954311  0.357599   0.37472
2.61889    430   0.65   0.91882   0.0168093  0.4398   0.167934  2.82137   16.8005
0.237258    430   0.75   0.91882   0.0168093  0.3709   1.56328  41.8129   26.7469
-0.13985    430   0.85   0.91882   0.0168093  0.2797   -2  2.18419e-06   -1.09209e-06
2.29659    430   0.95   0.91882   0.0168093  0.1589   0.0691896  0.069243   1.00077
1.87301e-08    450   -0.95   0.926386   0.0114767  2.115e-08   1.1292  0.349563   0.309567
0.87866    450   -0.85   0.926386   0.0114767  0.5789   0.658844  0.0883151   0.134046
0.891143    450   -0.75   0.926386   0.0114767  0.6539   0.733777  0.0337529   0.0459989
0.877161    450   -0.65   0.926386   0.0114767  0.673   0.767248  0.0243448   0.03173
0.926027    450   -0.55   0.926386   0.0114767  0.6758   0.729784  0.0196754   0.0269606
0.894628    450   -0.45   0.926386   0.0114767  0.6721   0.751262  0.017579   0.0233993
0.953257    450   -0.35   0.926386   0.0114767  0.6652   0.697818  0.0173343   0.0248407
0.935472    450   -0.25   0.926386   0.0114767  0.6564   0.701678  0.0181736   0.0259002
0.891488    450   -0.15   0.926386   0.0114767  0.6459   0.724519  0.0224794   0.0310267
1.03232    450   -0.05   0.926386   0.0114767  0.6337   0.613863  0.0261712   0.0426336
0.98659    450   0.05   0.926386   0.0114767  0.6193   0.627718  0.0340799   0.0542917
0.898044    450   0.15   0.926386   0.0114767  0.602   0.670346  0.0477752   0.0712695
0.963739    450   0.25   0.926386   0.0114767  0.5807   0.602549  0.0682969   0.113347
0.953154    450   0.35   0.926386   0.0114767  0.5541   0.581333  0.110448   0.189991
1.20602    450   0.45   0.926386   0.0114767  0.5203   0.43142  0.190156   0.440768
1.00437    450   0.55   0.926386   0.0114767  0.4769   0.474826  0.343261   0.72292
-0.757178    450   0.65   0.926386   0.0114767  0.4208   -0.555748  0.466459   -0.839335
0.1742    450   0.75   0.926386   0.0114767  0.3484   2  2.61728e-05   1.30864e-05
0.12775    450   0.85   0.926386   0.0114767  0.2555   2  1.29647e-05   6.48235e-06
-0.221697    450   0.95   0.926386   0.0114767  0.1392   -0.627884  0.0558563   -0.0889596
1.02253e-07    470   -0.95   0.912758   0.00892931  4.285e-08   0.419057  0.315882   0.753792
0.829709    470   -0.85   0.912758   0.00892931  0.6527   0.786661  0.072793   0.0925341
0.834166    470   -0.75   0.912758   0.00892931  0.6946   0.832688  0.0297929   0.0357792
0.862858    470   -0.65   0.912758   0.00892931  0.6973   0.808128  0.0185999   0.023016
0.908763    470   -0.55   0.912758   0.00892931  0.6905   0.759824  0.0168654   0.0221965
0.891752    470   -0.45   0.912758   0.00892931  0.6806   0.763217  0.0158001   0.020702
0.924122    470   -0.35   0.912758   0.00892931  0.6694   0.724363  0.0144474   0.019945
0.892467    470   -0.25   0.912758   0.00892931  0.6573   0.736498  0.0143289   0.0194554
0.944991    470   -0.15   0.912758   0.00892931  0.6444   0.681911  0.0155749   0.0228401
0.93466    470   -0.05   0.912758   0.00892931  0.6301   0.674149  0.0208157   0.030877
0.965235    470   0.05   0.912758   0.00892931  0.6138   0.635907  0.0250583   0.0394056
0.948316    470   0.15   0.912758   0.00892931  0.5946   0.627006  0.0307982   0.0491195
1.12485    470   0.25   0.912758   0.00892931  0.5713   0.507892  0.0522869   0.102949
1.25079    470   0.35   0.912758   0.00892931  0.5423   0.433566  0.0949121   0.21891
1.38946    470   0.45   0.912758   0.00892931  0.5056   0.363883  0.361239   0.992734
1.29936    470   0.55   0.912758   0.00892931  0.4587   0.35302  0.189477   0.536732
0.939654    470   0.65   0.912758   0.00892931  0.3987   0.424305  0.442229   1.04224
-0.418653    470   0.75   0.912758   0.00892931  0.3226   -0.770567  0.485696   -0.63031
-0.11425    470   0.85   0.912758   0.00892931  0.2285   -2  0.00109461   -0.000547305
-0.115046    470   0.95   0.912758   0.00892931  0.1181   -1.02655  0.044984   -0.0438206
-1.70812e-07    490   -0.95   0.872159   0.00828439  1.069e-07   -0.625833  0.229225   -0.366272
0.914973    490   -0.85   0.872159   0.00828439  0.7216   0.788657  0.0911422   0.115566
0.912209    490   -0.75   0.872159   0.00828439  0.7288   0.79894  0.0310408   0.0388525
0.857979    490   -0.65   0.872159   0.00828439  0.7168   0.835452  0.0198329   0.0237391
0.915347    490   -0.55   0.872159   0.00828439  0.702   0.766922  0.0174697   0.022779
0.896255    490   -0.45   0.872159   0.00828439  0.687   0.766523  0.0167122   0.0218026
0.850865    490   -0.35   0.872159   0.00828439  0.6723   0.790137  0.0151181   0.0191335
0.860275    490   -0.25   0.872159   0.00828439  0.6578   0.764639  0.0156593   0.0204793
0.865437    490   -0.15   0.872159   0.00828439  0.6428   0.742746  0.0160918   0.0216653
0.907497    490   -0.05   0.872159   0.00828439  0.6268   0.690691  0.0165593   0.023975
0.933176    490   0.05   0.872159   0.00828439  0.6089   0.652503  0.0221011   0.0338713
0.979551    490   0.15   0.872159   0.00828439  0.588   0.600275  0.0288672   0.04809
0.984747    490   0.25   0.872159   0.00828439  0.5627   0.571416  0.0434279   0.0760005
1.02812    490   0.35   0.872159   0.00828439  0.5313   0.51677  0.0645319   0.124875
1.49264    490   0.45   0.872159   0.00828439  0.4914   0.329215  0.126345   0.383777
4.56571    490   0.55   0.872159   0.00828439  0.4407   0.0965239  33.4759   346.815
-0.696175    490   0.65   0.872159   0.00828439  0.3762   -0.540381  2.71566   -5.02545
-5.70606    490   0.75   0.872159   0.00828439  0.2961   -0.0518922  2.3966   -46.1842
0.1932    490   0.85   0.872159   0.00828439  0.2008   1.03934  23.5302   22.6396
-0.0950075    490   0.95   0.872159   0.00828439  0.09692   -1.02013  0.0441885   -0.0433165
2.62809e-07    510   -0.95   0.87848   0.0066471  2.911e-07   1.10765  0.162025   0.146278
0.861384    510   -0.85   0.87848   0.0066471  0.7686   0.892285  0.0750655   0.0841273
0.905396    510   -0.75   0.87848   0.0066471  0.7523   0.830907  0.0263369   0.0316966
0.912137    510   -0.65   0.87848   0.0066471  0.7311   0.801524  2.6118   3.25854
0.852631    510   -0.55   0.87848   0.0066471  0.7112   0.834124  0.0148095   0.0177546
0.844425    510   -0.45   0.87848   0.0066471  0.6931   0.820795  0.0131119   0.0159746
0.866525    510   -0.35   0.87848   0.0066471  0.6763   0.780474  0.0127087   0.0162833
0.908562    510   -0.25   0.87848   0.0066471  0.6601   0.726533  0.0124352   0.0171158
0.884519    510   -0.15   0.87848   0.0066471  0.6438   0.727853  0.0123601   0.0169816
0.905559    510   -0.05   0.87848   0.0066471  0.6266   0.691948  0.0128306   0.0185427
0.891513    510   0.05   0.87848   0.0066471  0.6075   0.681426  0.0156393   0.0229508
0.919948    510   0.15   0.87848   0.0066471  0.5852   0.636123  0.0186592   0.0293327
0.946248    510   0.25   0.87848   0.0066471  0.5582   0.589909  0.0284367   0.0482052
1.23725    510   0.35   0.87848   0.0066471  0.5243   0.423763  0.0464452   0.109602
1.00405    510   0.45   0.87848   0.0066471  0.4813   0.479359  0.0729925   0.152271
0.931323    510   0.55   0.87848   0.0066471  0.4263   0.457736  0.176309   0.385176
-0.766386    510   0.65   0.87848   0.0066471  0.3569   -0.465692  0.22166   -0.47598
0.340094    510   0.75   0.87848   0.0066471  0.2719   0.799486  0.361349   0.451977
0.271913    510   0.85   0.87848   0.0066471  0.1748   0.642853  21.6289   33.6452
-1.65612    510   0.95   0.87848   0.0066471  0.07696   -0.0464701  0.0388149   -0.835266
1.75791e-07    530   -0.95   0.873101   0.00680176  2.408e-07   1.36981  0.184927   0.135002
0.816076    530   -0.85   0.873101   0.00680176  0.7747   0.949299  0.072733   0.0766176
0.899269    530   -0.75   0.873101   0.00680176  0.7607   0.845909  0.0275311   0.0325462
0.871384    530   -0.65   0.873101   0.00680176  0.7389   0.847961  0.0181981   0.021461
0.836606    530   -0.55   0.873101   0.00680176  0.7183   0.858588  0.0161875   0.0188536
0.848563    530   -0.45   0.873101   0.00680176  0.6997   0.82457  0.0139647   0.0169357
0.858169    530   -0.35   0.873101   0.00680176  0.6823   0.795065  0.0129969   0.016347
0.870102    530   -0.25   0.873101   0.00680176  0.6657   0.765083  0.0125865   0.0164512
0.90892    530   -0.15   0.873101   0.00680176  0.6489   0.713924  0.0128716   0.0180294
0.897696    530   -0.05   0.873101   0.00680176  0.6312   0.703133  0.0140965   0.0200481
0.953046    530   0.05   0.873101   0.00680176  0.6113   0.641417  0.0150199   0.0234167
1.02887    530   0.15   0.873101   0.00680176  0.588   0.571502  0.0179534   0.0314144
0.999616    530   0.25   0.873101   0.00680176  0.5594   0.559615  0.0243004   0.0434234
1.06134    530   0.35   0.873101   0.00680176  0.5233   0.493057  0.0423631   0.0859193
1.13966    530   0.45   0.873101   0.00680176  0.4771   0.418635  0.0723161   0.172743
1.39076    530   0.55   0.873101   0.00680176  0.4176   0.300268  0.127212   0.423662
1.92908    530   0.65   0.873101   0.00680176  0.3425   0.177546  0.405521   2.28403
0.326391    530   0.75   0.873101   0.00680176  0.2517   0.771161  4.1548   5.38772
0.07575    530   0.85   0.873101   0.00680176  0.1515   2  4.25824e-05   2.12912e-05
-0.171924    530   0.95   0.873101   0.00680176  0.05853   -0.340441  0.0392425   -0.11527
1.01491e-07    550   -0.95   0.89545   0.00778168  9.937e-08   0.979097  0.309005   0.315602
0.754503    550   -0.85   0.89545   0.00778168  0.7347   0.973753  0.075804   0.0778473
0.877823    550   -0.75   0.89545   0.00778168  0.7519   0.856551  0.0328331   0.0383318
0.847487    550   -0.65   0.89545   0.00778168  0.7396   0.872698  0.0200146   0.0229342
0.85908    550   -0.55   0.89545   0.00778168  0.7232   0.841831  0.0178364   0.0211876
0.883501    550   -0.45   0.89545   0.00778168  0.7067   0.799886  0.0160151   0.0200217
0.87754    550   -0.35   0.89545   0.00778168  0.6906   0.786973  0.0159239   0.0202344
0.898434    550   -0.25   0.89545   0.00778168  0.6748   0.751085  0.0138659   0.0184612
0.895005    550   -0.15   0.89545   0.00778168  0.6585   0.73575  0.0136449   0.0185456
0.925212    550   -0.05   0.89545   0.00778168  0.6409   0.692706  0.0139468   0.0201338
0.963481    550   0.05   0.89545   0.00778168  0.6209   0.644434  0.0152486   0.023662
1.06031    550   0.15   0.89545   0.00778168  0.5971   0.563135  0.0184859   0.0328268
0.967981    550   0.25   0.89545   0.00778168  0.5675   0.586272  0.0252273   0.04303
1.13009    550   0.35   0.89545   0.00778168  0.5297   0.468723  0.0416124   0.0887782
1.28615    550   0.45   0.89545   0.00778168  0.4804   0.373517  0.0716514   0.191829
1.25883    550   0.55   0.89545   0.00778168  0.4164   0.330783  0.163859   0.495367
-1.29958    550   0.65   0.89545   0.00778168  0.335   -0.257776  0.235288   -0.912761
0.445904    550   0.75   0.89545   0.00778168  0.2373   0.532177  0.312318   0.586869
-0.182375    550   0.85   0.89545   0.00778168  0.1324   -0.725975  1.14733   -1.5804
-0.149347    550   0.95   0.89545   0.00778168  0.0425   -0.284572  0.0430421   -0.151252
5.76033e-08    570   -0.95   0.898264   0.00593483  5.056e-08   0.877727  0.189648   0.216067
0.849975    570   -0.85   0.898264   0.00593483  0.6607   0.777317  14.631   18.8224
0.863782    570   -0.75   0.898264   0.00593483  0.7275   0.842226  0.0240921   0.0286053
0.879821    570   -0.65   0.898264   0.00593483  0.7333   0.833465  0.015631   0.0187542
0.876892    570   -0.55   0.898264   0.00593483  0.7254   0.82724  0.0132726   0.0160444
0.853675    570   -0.45   0.898264   0.00593483  0.7136   0.835915  0.0123799   0.01481
0.874956    570   -0.35   0.898264   0.00593483  0.7004   0.800497  0.0110549   0.01381
0.917055    570   -0.25   0.898264   0.00593483  0.6865   0.748592  0.0106617   0.0142423
0.917713    570   -0.15   0.898264   0.00593483  0.6715   0.73171  0.0110942   0.015162
0.951791    570   -0.05   0.898264   0.00593483  0.6548   0.687966  0.0110758   0.0160993
0.977541    570   0.05   0.898264   0.00593483  0.6353   0.649896  0.0116216   0.0178822
1.06816    570   0.15   0.898264   0.00593483  0.6116   0.572575  0.0135545   0.0236729
1.06797    570   0.25   0.898264   0.00593483  0.5816   0.544585  0.0170989   0.031398
1.12012    570   0.35   0.898264   0.00593483  0.5424   0.484232  0.0247119   0.0510332
1.66329    570   0.45   0.898264   0.00593483  0.4907   0.295017  0.0453005   0.153552
4.78433    570   0.55   0.898264   0.00593483  0.4224   0.0882883  0.476572   5.39791
-2.0828    570   0.65   0.898264   0.00593483  0.3349   -0.160793  0.204283   -1.27047
-0.555561    570   0.75   0.898264   0.00593483  0.2297   -0.413456  0.273042   -0.660389
0.139684    570   0.85   0.898264   0.00593483  0.1189   0.851209  1.25956   1.47973
0.368933    570   0.95   0.898264   0.00593483  0.02994   0.0811529  0.033156   0.408562
8.45769e-08    590   -0.95   0.902211   0.0049932  3.111e-08   0.367831  0.119796   0.325682
0.746505    590   -0.85   0.902211   0.0049932  0.5722   0.766505  0.0497405   0.0648926
0.854481    590   -0.75   0.902211   0.0049932  0.6915   0.809263  0.0201353   0.024881
0.833407    590   -0.65   0.902211   0.0049932  0.7211   0.865243  0.013466   0.0155633
0.851522    590   -0.55   0.902211   0.0049932  0.7253   0.851769  0.0105429   0.0123777
0.86846    590   -0.45   0.902211   0.0049932  0.7204   0.829514  0.0105469   0.0127146
0.887851    590   -0.35   0.902211   0.0049932  0.7116   0.801486  0.00965528   0.0120467
0.911439    590   -0.25   0.902211   0.0049932  0.7006   0.768675  0.00936784   0.012187
0.917057    590   -0.15   0.902211   0.0049932  0.6878   0.750008  0.00911971   0.0121595
0.93187    590   -0.05   0.902211   0.0049932  0.6727   0.721882  0.00924656   0.012809
0.980605    590   0.05   0.902211   0.0049932  0.6546   0.667547  0.0100838   0.0151058
1.0096    590   0.15   0.902211   0.0049932  0.6318   0.625792  0.0105643   0.0168815
1.05789    590   0.25   0.902211   0.0049932  0.6022   0.569248  0.0131553   0.02311
1.25469    590   0.35   0.902211   0.0049932  0.5629   0.448637  0.0191248   0.0426287
1.64621    590   0.45   0.902211   0.0049932  0.5099   0.309741  0.0327114   0.105609
3.82354    590   0.55   0.902211   0.0049932  0.4389   0.114789  0.0603072   0.525374
1.72646    590   0.65   0.902211   0.0049932  0.3466   0.200758  0.125015   0.622715
1.00288    590   0.75   0.902211   0.0049932  0.2348   0.234125  0.08075   0.344901
-0.0996266    590   0.85   0.902211   0.0049932  0.1174   -1.1784  5.71847   -4.85274
-0.444979    590   0.95   0.902211   0.0049932  0.02552   -0.057351  0.0279678   -0.48766
4.38348e-08    610   -0.95   0.890264   0.00499732  2.146e-08   0.489565  0.118686   0.242432
0.703436    610   -0.85   0.890264   0.00499732  0.4849   0.689331  0.0573885   0.0832525
0.777333    610   -0.75   0.890264   0.00499732  0.6491   0.835035  0.0218869   0.0262108
0.811311    610   -0.65   0.890264   0.00499732  0.7055   0.86958  0.0147039   0.0169092
0.839481    610   -0.55   0.890264   0.00499732  0.7244   0.862914  0.0124038   0.0143743
0.846847    610   -0.45   0.890264   0.00499732  0.7281   0.859778  0.0108763   0.0126501
0.882843    610   -0.35   0.890264   0.00499732  0.7249   0.821097  0.00997757   0.0121515
0.900804    610   -0.25   0.890264   0.00499732  0.7179   0.796955  0.00993518   0.0124664
0.899809    610   -0.15   0.890264   0.00499732  0.708   0.786834  0.00960882   0.012212
0.93385    610   -0.05   0.890264   0.00499732  0.6955   0.744766  0.00994679   0.0133556
0.969238    610   0.05   0.890264   0.00499732  0.6795   0.701066  0.0101766   0.0145159
1.0357    610   0.15   0.890264   0.00499732  0.6588   0.63609  0.0113572   0.0178547
1.06764    610   0.25   0.890264   0.00499732  0.6312   0.591212  0.0130345   0.0220471
1.12393    610   0.35   0.890264   0.00499732  0.5935   0.528058  0.0173099   0.0327803
1.26637    610   0.45   0.890264   0.00499732  0.5416   0.427678  0.0313384   0.0732757
4.07284    610   0.55   0.890264   0.00499732  0.4708   0.115595  0.105684   0.914261
2.13293    610   0.65   0.890264   0.00499732  0.3772   0.176846  0.199867   1.13018
-0.467132    610   0.75   0.890264   0.00499732  0.2619   -0.560655  2.16172   -3.8557
0.203952    610   0.85   0.890264   0.00499732  0.1383   0.678101  0.382441   0.563988
0.696054    610   0.95   0.890264   0.00499732  0.03716   0.0533867  0.0295676   0.553838
1.30148e-08    630   -0.95   0.858316   0.00849136  1.593e-08   1.22399  0.337665   0.275872
0.629829    630   -0.85   0.858316   0.00849136  0.409   0.649383  0.110108   0.169558
0.737126    630   -0.75   0.858316   0.00849136  0.6062   0.822383  0.0439229   0.0534093
0.786367    630   -0.65   0.858316   0.00849136  0.6894   0.87669  0.0266917   0.030446
0.833353    630   -0.55   0.858316   0.00849136  0.7243   0.86914  0.0221147   0.0254443
0.838672    630   -0.45   0.858316   0.00849136  0.7379   0.879843  0.021324   0.0242361
0.820444    630   -0.35   0.858316   0.00849136  0.7413   0.903535  0.018463   0.0204342
0.862317    630   -0.25   0.858316   0.00849136  0.7391   0.857109  0.0180425   0.0210504
0.860093    630   -0.15   0.858316   0.00849136  0.7332   0.852466  0.0183502   0.021526
0.943407    630   -0.05   0.858316   0.00849136  0.7241   0.767537  0.0184783   0.0240748
1.00773    630   0.05   0.858316   0.00849136  0.7115   0.706045  0.0194811   0.0275919
1.00094    630   0.15   0.858316   0.00849136  0.6944   0.69375  0.0204879   0.0295321
1.12341    630   0.25   0.858316   0.00849136  0.6706   0.596931  0.0235884   0.0395161
1.12037    630   0.35   0.858316   0.00849136  0.6372   0.568742  0.0331964   0.0583681
1.31623    630   0.45   0.858316   0.00849136  0.59   0.448251  0.058488   0.13048
6.22537    630   0.55   0.858316   0.00849136  0.5241   0.0841877  0.104172   1.23738
-2.83619    630   0.65   0.858316   0.00849136  0.435   -0.153375  0.278639   -1.81672
-0.3167    630   0.75   0.858316   0.00849136  0.3221   -1.01705  2.48447   -2.44282
-0.13864    630   0.85   0.858316   0.00849136  0.1944   -1.40219  7.4009   -5.2781
5.78743    630   0.95   0.858316   0.00849136  0.07535   0.0130196  0.0541135   4.15631
1.73866e-08    650   -0.95   0.937639   0.0261101  1.234e-08   0.709741  0.650584   0.91665
0.329169    650   -0.85   0.937639   0.0261101  0.3483   1.05812  0.229658   0.217043
0.680525    650   -0.75   0.937639   0.0261101  0.5665   0.832445  0.098861   0.11876
0.761763    650   -0.65   0.937639   0.0261101  0.6743   0.885184  0.0669926   0.0756821
0.828117    650   -0.55   0.937639   0.0261101  0.7258   0.876446  0.0565387   0.0645091
0.854399    650   -0.45   0.937639   0.0261101  0.7502   0.878044  0.0556517   0.0633814
0.902744    650   -0.35   0.937639   0.0261101  0.761   0.842985  0.0483108   0.0573092
0.927219    650   -0.25   0.937639   0.0261101  0.7644   0.824401  0.0503815   0.0611129
0.970392    650   -0.15   0.937639   0.0261101  0.7634   0.786692  0.0487725   0.0619969
1.15417    650   -0.05   0.937639   0.0261101  0.7589   0.657531  0.0444188   0.0675539
0.955167    650   0.05   0.937639   0.0261101  0.7512   0.786459  0.0459643   0.0584446
1.1241    650   0.15   0.937639   0.0261101  0.7394   0.657768  0.0513773   0.0781085
1.38102    650   0.25   0.937639   0.0261101  0.7218   0.522659  0.0553337   0.10587
1.08263    650   0.35   0.937639   0.0261101  0.6958   0.642692  0.0740259   0.115181
1.02255    650   0.45   0.937639   0.0261101  0.6576   0.643099  0.100888   0.156878
-1.10563    650   0.55   0.937639   0.0261101  0.602   -0.544488  1.95867   -3.59727
-0.842703    650   0.65   0.937639   0.0261101  0.5241   -0.621927  4.71551   -7.5821
0.210413    650   0.75   0.937639   0.0261101  0.4204   1.99798  2.67784e+06   1.34027e+06
-2.67845    650   0.85   0.937639   0.0261101  0.2925   -0.109205  0.0783946   -0.717866
0.831034    650   0.95   0.937639   0.0261101  0.1485   0.178693  0.119497   0.668728
-2.1721e-08    670   -0.95   0.804139   0.0955004  9.783e-09   -0.450394  1.92861   -4.28205
-0.1523    670   -0.85   0.804139   0.0955004  0.3046   -2  1.47703e-11   -7.38515e-12
0.366494    670   -0.75   0.804139   0.0955004  0.5326   1.45323  1.81643   1.24993
1.52241    670   -0.65   0.804139   0.0955004  0.6601   0.433588  0.215001   0.495865
0.876937    670   -0.55   0.804139   0.0955004  0.727   0.829022  0.440646   0.531525
0.702382    670   -0.45   0.804139   0.0955004  0.7624   1.08545  0.208047   0.191669
0.846429    670   -0.35   0.804139   0.0955004  0.7814   0.923172  0.285882   0.309674
0.859311    670   -0.25   0.804139   0.0955004  0.7913   0.920854  0.182984   0.198711
1.48607    670   -0.15   0.804139   0.0955004  0.796   0.535641  0.234408   0.437621
1.26357    670   -0.05   0.804139   0.0955004  0.7972   0.630911  0.276845   0.438802
1.05571    670   0.05   0.804139   0.0955004  0.7955   0.753523  0.294803   0.391233
0.722583    670   0.15   0.804139   0.0955004  0.7906   1.09413  0.20464   0.187034
1.48706    670   0.25   0.804139   0.0955004  0.7812   0.525331  0.251462   0.478673
1.15388    670   0.35   0.804139   0.0955004  0.7651   0.663069  3.18796   4.80789
0.803497    670   0.45   0.804139   0.0955004  0.7387   0.919356  0.552528   0.600995
-0.349289    670   0.55   0.804139   0.0955004  0.6974   -1.99663  7098.49   -3555.24
0.329175    670   0.65   0.804139   0.0955004  0.6354   1.93028  1739.52   901.175
0.2732    670   0.75   0.804139   0.0955004  0.5464   2  3.2438e-05   1.6219e-05
0.21185    670   0.85   0.804139   0.0955004  0.4237   2  7.16969e-13   3.58484e-13
0.281068    670   0.95   0.804139   0.0955004  0.2551   0.907609  0.482734   0.531874
-4.11222e-09    690   -0.95   1.08362   0.139479  7.72e-09   -1.87733  0.685601   -0.3652
0.276518    690   -0.85   1.08362   0.139479  0.2757   0.997043  1.29118   1.29501
0.834123    690   -0.75   1.08362   0.139479  0.5019   0.60171  0.825398   1.37175
0.875263    690   -0.65   1.08362   0.139479  0.6416   0.733037  0.140664   0.191892
1.17107    690   -0.55   1.08362   0.139479  0.7217   0.616276  0.227922   0.369838
1.05876    690   -0.45   1.08362   0.139479  0.7679   0.725282  1.09487   1.50958
1.27842    690   -0.35   1.08362   0.139479  0.7957   0.622411  0.167611   0.269293
1.09023    690   -0.25   1.08362   0.139479  0.8131   0.745805  0.185141   0.248243
0.961321    690   -0.15   1.08362   0.139479  0.8246   0.857778  0.867698   1.01156
1.02639    690   -0.05   1.08362   0.139479  0.8326   0.811195  0.149726   0.184575
0.911075    690   0.05   1.08362   0.139479  0.8381   0.919902  0.162462   0.176608
1.07901    690   0.15   1.08362   0.139479  0.8411   0.779508  0.511273   0.655892
1.37783    690   0.25   1.08362   0.139479  0.8408   0.610233  0.2076   0.340198
-0.977515    690   0.35   1.08362   0.139479  0.8355   -0.854718  1.49757   -1.75212
0.90904    690   0.45   1.08362   0.139479  0.822   0.904251  0.584596   0.646497
0.39785    690   0.55   1.08362   0.139479  0.7957   2  0.000348562   0.000174281
-0.699871    690   0.65   1.08362   0.139479  0.7505   -1.07234  2.06032   -1.92133
0.339    690   0.75   1.08362   0.139479  0.678   2  1.79225e-06   8.96125e-07
-0.2824    690   0.85   1.08362   0.139479  0.5648   -2  3.16793e-05   -1.58397e-05
0.700572    690   0.95   1.08362   0.139479  0.3795   0.5417  0.479168   0.884563
2.764e-09    710   -0.95   0.905926   0.135816  5.528e-09   2  0.00224763   0.00112382
0.246324    710   -0.85   0.905926   0.135816  0.2541   1.03157  1.04759   1.01553
-0.508125    710   -0.75   0.905926   0.135816  0.4685   -0.922018  0.309377   -0.335543
1.06781    710   -0.65   0.905926   0.135816  0.6135   0.574539  1.24109   2.16015
1.09917    710   -0.55   0.905926   0.135816  0.7048   0.64121  0.0513474   0.0800789
1.0762    710   -0.45   0.905926   0.135816  0.7624   0.708416  0.204665   0.288905
1.23757    710   -0.35   0.905926   0.135816  0.7998   0.646268  0.550342   0.851569
0.793704    710   -0.25   0.905926   0.135816  0.8255   1.04006  0.218399   0.209987
2.22113    710   -0.15   0.905926   0.135816  0.8441   0.380031  0.201709   0.53077
1.07135    710   -0.05   0.905926   0.135816  0.8585   0.801328  0.29922   0.373405
0.890473    710   0.05   0.905926   0.135816  0.8702   0.977233  0.239113   0.244684
1.0619    710   0.15   0.905926   0.135816  0.8794   0.828136  0.264328   0.319184
1.13378    710   0.25   0.905926   0.135816  0.8858   0.781278  0.233359   0.298689
2.52069    710   0.35   0.905926   0.135816  0.8877   0.352166  0.221893   0.630081
1.62841    710   0.45   0.905926   0.135816  0.8824   0.541877  0.588349   1.08576
1.13598    710   0.55   0.905926   0.135816  0.8654   0.761807  0.62893   0.825577
-0.41515    710   0.65   0.905926   0.135816  0.8303   -2  2.53719e-05   -1.2686e-05
-0.423053    710   0.75   0.905926   0.135816  0.7676   -1.81443  5.56513   -3.06715
0.352976    710   0.85   0.905926   0.135816  0.6607   1.8718  0.307797   0.164439
0.526728    710   0.95   0.905926   0.135816  0.4669   0.886415  0.585308   0.660309
5.00725e-09    410   -0.95   0.939958   0.0281752  7.043e-09   1.40656  19.6915   13.9998
0.807825    410   -0.85   0.939958   0.0281752  0.4454   0.551357  0.19202   0.348268
0.853852    410   -0.75   0.939958   0.0281752  0.5638   0.660302  0.0716468   0.108506
1.01054    410   -0.65   0.939958   0.0281752  0.6117   0.605319  0.0431612   0.0713032
0.943069    410   -0.55   0.939958   0.0281752  0.6336   0.671849  0.0399298   0.0594327
0.855402    410   -0.45   0.939958   0.0281752  0.6432   0.751927  0.0342185   0.0455077
1.00421    410   -0.35   0.939958   0.0281752  0.646   0.64329  0.0348016   0.0540994
1.04194    410   -0.25   0.939958   0.0281752  0.6444   0.618464  0.0501357   0.0810649
1.01577    410   -0.15   0.939958   0.0281752  0.6396   0.629669  0.0652581   0.103639
1.36183    410   -0.05   0.939958   0.0281752  0.6321   0.464155  0.0616509   0.132824
1.24834    410   0.05   0.939958   0.0281752  0.6217   0.498023  0.0799926   0.16062
1.31726    410   0.15   0.939958   0.0281752  0.6081   0.461641  0.107995   0.233937
1.66016    410   0.25   0.939958   0.0281752  0.5907   0.35581  0.277163   0.778963
1.42469    410   0.35   0.939958   0.0281752  0.5685   0.399034  2.67279   6.69815
0.544952    410   0.45   0.939958   0.0281752  0.5398   0.990546  7.37649   7.44689
4.03961    410   0.55   0.939958   0.0281752  0.5026   0.124418  3.98532   32.0317
0.22685    410   0.65   0.939958   0.0281752  0.4537   2  2.60035e-05   1.30017e-05
-0.632709    410   0.75   0.939958   0.0281752  0.3883   -0.61371  0.325519   -0.530412
-0.86642    410   0.85   0.939958   0.0281752  0.2994   -0.34556  0.0634448   -0.1836
-0.127129    410   0.95   0.939958   0.0281752  0.1759   -1.38363  0.079339   -0.0573412
-1.98971e-08    430   -0.95   0.91882   0.0168093  1.182e-08   -0.594056  2.88792   -4.86136
-0.521327    430   -0.85   0.91882   0.0168093  0.509   -0.976354  1.68294   -1.7237
0.804245    430   -0.75   0.91882   0.0168093  0.6098   0.758227  0.0441937   0.0582856
0.947182    430   -0.65   0.91882   0.0168093  0.6444   0.680334  0.0324108   0.0476395
0.872553    430   -0.55   0.91882   0.0168093  0.657   0.752963  0.023765   0.031562
0.914274    430   -0.45   0.91882   0.0168093  0.66   0.721884  0.0236335   0.0327386
0.91539    430   -0.35   0.91882   0.0168093  0.6579   0.71871  0.0263579   0.0366739
0.876551    430   -0.25   0.91882   0.0168093  0.6527   0.744623  0.0280798   0.0377101
0.985115    430   -0.15   0.91882   0.0168093  0.645   0.654746  0.0322235   0.0492153
1.01418    430   -0.05   0.91882   0.0168093  0.635   0.626122  0.0442065   0.0706037
0.971452    430   0.05   0.91882   0.0168093  0.6226   0.640896  0.0558483   0.087141
0.928922    430   0.15   0.91882   0.0168093  0.6071   0.653553  0.0772325   0.118173
1.61667    430   0.25   0.91882   0.0168093  0.5878   0.363587  0.270091   0.742851
2.04345    430   0.35   0.91882   0.0168093  0.5635   0.275759  0.506551   1.83693
1.15275    430   0.45   0.91882   0.0168093  0.5323   0.461764  0.261543   0.5664
0.515765    430   0.55   0.91882   0.0168093  0.4922   0.954311  0.357599   0.37472
2.61889    430   0.65   0.91882   0.0168093  0.4398   0.167934  2.82137   16.8005
0.237258    430   0.75   0.91882   0.0168093  0.3709   1.56328  41.8129   26.7469
-0.13985    430   0.85   0.91882   0.0168093  0.2797   -2  2.18419e-06   -1.09209e-06
2.29659    430   0.95   0.91882   0.0168093  0.1589   0.0691896  0.069243   1.00077
1.87301e-08    450   -0.95   0.926386   0.0114767  2.115e-08   1.1292  0.349563   0.309567
0.87866    450   -0.85   0.926386   0.0114767  0.5789   0.658844  0.0883151   0.134046
0.891143    450   -0.75   0.926386   0.0114767  0.6539   0.733777  0.0337529   0.0459989
0.877161    450   -0.65   0.926386   0.0114767  0.673   0.767248  0.0243448   0.03173
0.926027    450   -0.55   0.926386   0.0114767  0.6758   0.729784  0.0196754   0.0269606
0.894628    450   -0.45   0.926386   0.0114767  0.6721   0.751262  0.017579   0.0233993
0.953257    450   -0.35   0.926386   0.0114767  0.6652   0.697818  0.0173343   0.0248407
0.935472    450   -0.25   0.926386   0.0114767  0.6564   0.701678  0.0181736   0.0259002
0.891488    450   -0.15   0.926386   0.0114767  0.6459   0.724519  0.0224794   0.0310267
1.03232    450   -0.05   0.926386   0.0114767  0.6337   0.613863  0.0261712   0.0426336
0.98659    450   0.05   0.926386   0.0114767  0.6193   0.627718  0.0340799   0.0542917
0.898044    450   0.15   0.926386   0.0114767  0.602   0.670346  0.0477752   0.0712695
0.963739    450   0.25   0.926386   0.0114767  0.5807   0.602549  0.0682969   0.113347
0.953154    450   0.35   0.926386   0.0114767  0.5541   0.581333  0.110448   0.189991
1.20602    450   0.45   0.926386   0.0114767  0.5203   0.43142  0.190156   0.440768
1.00437    450   0.55   0.926386   0.0114767  0.4769   0.474826  0.343261   0.72292
-0.757178    450   0.65   0.926386   0.0114767  0.4208   -0.555748  0.466459   -0.839335
0.1742    450   0.75   0.926386   0.0114767  0.3484   2  2.61728e-05   1.30864e-05
0.12775    450   0.85   0.926386   0.0114767  0.2555   2  1.29647e-05   6.48235e-06
-0.221697    450   0.95   0.926386   0.0114767  0.1392   -0.627884  0.0558563   -0.0889596
1.02253e-07    470   -0.95   0.912758   0.00892931  4.285e-08   0.419057  0.315882   0.753792
0.829709    470   -0.85   0.912758   0.00892931  0.6527   0.786661  0.072793   0.0925341
0.834166    470   -0.75   0.912758   0.00892931  0.6946   0.832688  0.0297929   0.0357792
0.862858    470   -0.65   0.912758   0.00892931  0.6973   0.808128  0.0185999   0.023016
0.908763    470   -0.55   0.912758   0.00892931  0.6905   0.759824  0.0168654   0.0221965
0.891752    470   -0.45   0.912758   0.00892931  0.6806   0.763217  0.0158001   0.020702
0.924122    470   -0.35   0.912758   0.00892931  0.6694   0.724363  0.0144474   0.019945
0.892467    470   -0.25   0.912758   0.00892931  0.6573   0.736498  0.0143289   0.0194554
0.944991    470   -0.15   0.912758   0.00892931  0.6444   0.681911  0.0155749   0.0228401
0.93466    470   -0.05   0.912758   0.00892931  0.6301   0.674149  0.0208157   0.030877
0.965235    470   0.05   0.912758   0.00892931  0.6138   0.635907  0.0250583   0.0394056
0.948316    470   0.15   0.912758   0.00892931  0.5946   0.627006  0.0307982   0.0491195
1.12485    470   0.25   0.912758   0.00892931  0.5713   0.507892  0.0522869   0.102949
1.25079    470   0.35   0.912758   0.00892931  0.5423   0.433566  0.0949121   0.21891
1.38946    470   0.45   0.912758   0.00892931  0.5056   0.363883  0.361239   0.992734
1.29936    470   0.55   0.912758   0.00892931  0.4587   0.35302  0.189477   0.536732
0.939654    470   0.65   0.912758   0.00892931  0.3987   0.424305  0.442229   1.04224
-0.418653    470   0.75   0.912758   0.00892931  0.3226   -0.770567  0.485696   -0.63031
-0.11425    470   0.85   0.912758   0.00892931  0.2285   -2  0.00109461   -0.000547305
-0.115046    470   0.95   0.912758   0.00892931  0.1181   -1.02655  0.044984   -0.0438206
-1.70812e-07    490   -0.95   0.872159   0.00828439  1.069e-07   -0.625833  0.229225   -0.366272
0.914973    490   -0.85   0.872159   0.00828439  0.7216   0.788657  0.0911422   0.115566
0.912209    490   -0.75   0.872159   0.00828439  0.7288   0.79894  0.0310408   0.0388525
0.857979    490   -0.65   0.872159   0.00828439  0.7168   0.835452  0.0198329   0.0237391
0.915347    490   -0.55   0.872159   0.00828439  0.702   0.766922  0.0174697   0.022779
0.896255    490   -0.45   0.872159   0.00828439  0.687   0.766523  0.0167122   0.0218026
0.850865    490   -0.35   0.872159   0.00828439  0.6723   0.790137  0.0151181   0.0191335
0.860275    490   -0.25   0.872159   0.00828439  0.6578   0.764639  0.0156593   0.0204793
0.865437    490   -0.15   0.872159   0.00828439  0.6428   0.742746  0.0160918   0.0216653
0.907497    490   -0.05   0.872159   0.00828439  0.6268   0.690691  0.0165593   0.023975
0.933176    490   0.05   0.872159   0.00828439  0.6089   0.652503  0.0221011   0.0338713
0.979551    490   0.15   0.872159   0.00828439  0.588   0.600275  0.0288672   0.04809
0.984747    490   0.25   0.872159   0.00828439  0.5627   0.571416  0.0434279   0.0760005
1.02812    490   0.35   0.872159   0.00828439  0.5313   0.51677  0.0645319   0.124875
1.49264    490   0.45   0.872159   0.00828439  0.4914   0.329215  0.126345   0.383777
4.56571    490   0.55   0.872159   0.00828439  0.4407   0.0965239  33.4759   346.815
-0.696175    490   0.65   0.872159   0.00828439  0.3762   -0.540381  2.71566   -5.02545
-5.70606    490   0.75   0.872159   0.00828439  0.2961   -0.0518922  2.3966   -46.1842
0.1932    490   0.85   0.872159   0.00828439  0.2008   1.03934  23.5302   22.6396
-0.0950075    490   0.95   0.872159   0.00828439  0.09692   -1.02013  0.0441885   -0.0433165
2.62809e-07    510   -0.95   0.87848   0.0066471  2.911e-07   1.10765  0.162025   0.146278
0.861384    510   -0.85   0.87848   0.0066471  0.7686   0.892285  0.0750655   0.0841273
0.905396    510   -0.75   0.87848   0.0066471  0.7523   0.830907  0.0263369   0.0316966
0.912137    510   -0.65   0.87848   0.0066471  0.7311   0.801524  2.6118   3.25854
0.852631    510   -0.55   0.87848   0.0066471  0.7112   0.834124  0.0148095   0.0177546
0.844425    510   -0.45   0.87848   0.0066471  0.6931   0.820795  0.0131119   0.0159746
0.866525    510   -0.35   0.87848   0.0066471  0.6763   0.780474  0.0127087   0.0162833
0.908562    510   -0.25   0.87848   0.0066471  0.6601   0.726533  0.0124352   0.0171158
0.884519    510   -0.15   0.87848   0.0066471  0.6438   0.727853  0.0123601   0.0169816
0.905559    510   -0.05   0.87848   0.0066471  0.6266   0.691948  0.0128306   0.0185427
0.891513    510   0.05   0.87848   0.0066471  0.6075   0.681426  0.0156393   0.0229508
0.919948    510   0.15   0.87848   0.0066471  0.5852   0.636123  0.0186592   0.0293327
0.946248    510   0.25   0.87848   0.0066471  0.5582   0.589909  0.0284367   0.0482052
1.23725    510   0.35   0.87848   0.0066471  0.5243   0.423763  0.0464452   0.109602
1.00405    510   0.45   0.87848   0.0066471  0.4813   0.479359  0.0729925   0.152271
0.931323    510   0.55   0.87848   0.0066471  0.4263   0.457736  0.176309   0.385176
-0.766386    510   0.65   0.87848   0.0066471  0.3569   -0.465692  0.22166   -0.47598
0.340094    510   0.75   0.87848   0.0066471  0.2719   0.799486  0.361349   0.451977
0.271913    510   0.85   0.87848   0.0066471  0.1748   0.642853  21.6289   33.6452
-1.65612    510   0.95   0.87848   0.0066471  0.07696   -0.0464701  0.0388149   -0.835266
1.75791e-07    530   -0.95   0.873101   0.00680176  2.408e-07   1.36981  0.184927   0.135002
0.816076    530   -0.85   0.873101   0.00680176  0.7747   0.949299  0.072733   0.0766176
0.899269    530   -0.75   0.873101   0.00680176  0.7607   0.845909  0.0275311   0.0325462
0.871384    530   -0.65   0.873101   0.00680176  0.7389   0.847961  0.0181981   0.021461
0.836606    530   -0.55   0.873101   0.00680176  0.7183   0.858588  0.0161875   0.0188536
0.848563    530   -0.45   0.873101   0.00680176  0.6997   0.82457  0.0139647   0.0169357
0.858169    530   -0.35   0.873101   0.00680176  0.6823   0.795065  0.0129969   0.016347
0.870102    530   -0.25   0.873101   0.00680176  0.6657   0.765083  0.0125865   0.0164512
0.90892    530   -0.15   0.873101   0.00680176  0.6489   0.713924  0.0128716   0.0180294
0.897696    530   -0.05   0.873101   0.00680176  0.6312   0.703133  0.0140965   0.0200481
0.953046    530   0.05   0.873101   0.00680176  0.6113   0.641417  0.0150199   0.0234167
1.02887    530   0.15   0.873101   0.00680176  0.588   0.571502  0.0179534   0.0314144
0.999616    530   0.25   0.873101   0.00680176  0.5594   0.559615  0.0243004   0.0434234
1.06134    530   0.35   0.873101   0.00680176  0.5233   0.493057  0.0423631   0.0859193
1.13966    530   0.45   0.873101   0.00680176  0.4771   0.418635  0.0723161   0.172743
1.39076    530   0.55   0.873101   0.00680176  0.4176   0.300268  0.127212   0.423662
1.92908    530   0.65   0.873101   0.00680176  0.3425   0.177546  0.405521   2.28403
0.326391    530   0.75   0.873101   0.00680176  0.2517   0.771161  4.1548   5.38772
0.07575    530   0.85   0.873101   0.00680176  0.1515   2  4.25824e-05   2.12912e-05
-0.171924    530   0.95   0.873101   0.00680176  0.05853   -0.340441  0.0392425   -0.11527
1.01491e-07    550   -0.95   0.89545   0.00778168  9.937e-08   0.979097  0.309005   0.315602
0.754503    550   -0.85   0.89545   0.00778168  0.7347   0.973753  0.075804   0.0778473
0.877823    550   -0.75   0.89545   0.00778168  0.7519   0.856551  0.0328331   0.0383318
0.847487    550   -0.65   0.89545   0.00778168  0.7396   0.872698  0.0200146   0.0229342
0.85908    550   -0.55   0.89545   0.00778168  0.7232   0.841831  0.0178364   0.0211876
0.883501    550   -0.45   0.89545   0.00778168  0.7067   0.799886  0.0160151   0.0200217
0.87754    550   -0.35   0.89545   0.00778168  0.6906   0.786973  0.0159239   0.0202344
0.898434    550   -0.25   0.89545   0.00778168  0.6748   0.751085  0.0138659   0.0184612
0.895005    550   -0.15   0.89545   0.00778168  0.6585   0.73575  0.0136449   0.0185456
0.925212    550   -0.05   0.89545   0.00778168  0.6409   0.692706  0.0139468   0.0201338
0.963481    550   0.05   0.89545   0.00778168  0.6209   0.644434  0.0152486   0.023662
1.06031    550   0.15   0.89545   0.00778168  0.5971   0.563135  0.0184859   0.0328268
0.967981    550   0.25   0.89545   0.00778168  0.5675   0.586272  0.0252273   0.04303
1.13009    550   0.35   0.89545   0.00778168  0.5297   0.468723  0.0416124   0.0887782
1.28615    550   0.45   0.89545   0.00778168  0.4804   0.373517  0.0716514   0.191829
1.25883    550   0.55   0.89545   0.00778168  0.4164   0.330783  0.163859   0.495367
-1.29958    550   0.65   0.89545   0.00778168  0.335   -0.257776  0.235288   -0.912761
0.445904    550   0.75   0.89545   0.00778168  0.2373   0.532177  0.312318   0.586869
-0.182375    550   0.85   0.89545   0.00778168  0.1324   -0.725975  1.14733   -1.5804
-0.149347    550   0.95   0.89545   0.00778168  0.0425   -0.284572  0.0430421   -0.151252
5.76033e-08    570   -0.95   0.898264   0.00593483  5.056e-08   0.877727  0.189648   0.216067
0.849975    570   -0.85   0.898264   0.00593483  0.6607   0.777317  14.631   18.8224
0.863782    570   -0.75   0.898264   0.00593483  0.7275   0.842226  0.0240921   0.0286053
0.879821    570   -0.65   0.898264   0.00593483  0.7333   0.833465  0.015631   0.0187542
0.876892    570   -0.55   0.898264   0.00593483  0.7254   0.82724  0.0132726   0.0160444
0.853675    570   -0.45   0.898264   0.00593483  0.7136   0.835915  0.0123799   0.01481
0.874956    570   -0.35   0.898264   0.00593483  0.7004   0.800497  0.0110549   0.01381
0.917055    570   -0.25   0.898264   0.00593483  0.6865   0.748592  0.0106617   0.0142423
0.917713    570   -0.15   0.898264   0.00593483  0.6715   0.73171  0.0110942   0.015162
0.951791    570   -0.05   0.898264   0.00593483  0.6548   0.687966  0.0110758   0.0160993
0.977541    570   0.05   0.898264   0.00593483  0.6353   0.649896  0.0116216   0.0178822
1.06816    570   0.15   0.898264   0.00593483  0.6116   0.572575  0.0135545   0.0236729
1.06797    570   0.25   0.898264   0.00593483  0.5816   0.544585  0.0170989   0.031398
1.12012    570   0.35   0.898264   0.00593483  0.5424   0.484232  0.0247119   0.0510332
1.66329    570   0.45   0.898264   0.00593483  0.4907   0.295017  0.0453005   0.153552
4.78433    570   0.55   0.898264   0.00593483  0.4224   0.0882883  0.476572   5.39791
-2.0828    570   0.65   0.898264   0.00593483  0.3349   -0.160793  0.204283   -1.27047
-0.555561    570   0.75   0.898264   0.00593483  0.2297   -0.413456  0.273042   -0.660389
0.139684    570   0.85   0.898264   0.00593483  0.1189   0.851209  1.25956   1.47973
0.368933    570   0.95   0.898264   0.00593483  0.02994   0.0811529  0.033156   0.408562
8.45769e-08    590   -0.95   0.902211   0.0049932  3.111e-08   0.367831  0.119796   0.325682
0.746505    590   -0.85   0.902211   0.0049932  0.5722   0.766505  0.0497405   0.0648926
0.854481    590   -0.75   0.902211   0.0049932  0.6915   0.809263  0.0201353   0.024881
0.833407    590   -0.65   0.902211   0.0049932  0.7211   0.865243  0.013466   0.0155633
0.851522    590   -0.55   0.902211   0.0049932  0.7253   0.851769  0.0105429   0.0123777
0.86846    590   -0.45   0.902211   0.0049932  0.7204   0.829514  0.0105469   0.0127146
0.887851    590   -0.35   0.902211   0.0049932  0.7116   0.801486  0.00965528   0.0120467
0.911439    590   -0.25   0.902211   0.0049932  0.7006   0.768675  0.00936784   0.012187
0.917057    590   -0.15   0.902211   0.0049932  0.6878   0.750008  0.00911971   0.0121595
0.93187    590   -0.05   0.902211   0.0049932  0.6727   0.721882  0.00924656   0.012809
0.980605    590   0.05   0.902211   0.0049932  0.6546   0.667547  0.0100838   0.0151058
1.0096    590   0.15   0.902211   0.0049932  0.6318   0.625792  0.0105643   0.0168815
1.05789    590   0.25   0.902211   0.0049932  0.6022   0.569248  0.0131553   0.02311
1.25469    590   0.35   0.902211   0.0049932  0.5629   0.448637  0.0191248   0.0426287
1.64621    590   0.45   0.902211   0.0049932  0.5099   0.309741  0.0327114   0.105609
3.82354    590   0.55   0.902211   0.0049932  0.4389   0.114789  0.0603072   0.525374
1.72646    590   0.65   0.902211   0.0049932  0.3466   0.200758  0.125015   0.622715
1.00288    590   0.75   0.902211   0.0049932  0.2348   0.234125  0.08075   0.344901
-0.0996266    590   0.85   0.902211   0.0049932  0.1174   -1.1784  5.71847   -4.85274
-0.444979    590   0.95   0.902211   0.0049932  0.02552   -0.057351  0.0279678   -0.48766
4.38348e-08    610   -0.95   0.890264   0.00499732  2.146e-08   0.489565  0.118686   0.242432
0.703436    610   -0.85   0.890264   0.00499732  0.4849   0.689331  0.0573885   0.0832525
0.777333    610   -0.75   0.890264   0.00499732  0.6491   0.835035  0.0218869   0.0262108
0.811311    610   -0.65   0.890264   0.00499732  0.7055   0.86958  0.0147039   0.0169092
0.839481    610   -0.55   0.890264   0.00499732  0.7244   0.862914  0.0124038   0.0143743
0.846847    610   -0.45   0.890264   0.00499732  0.7281   0.859778  0.0108763   0.0126501
0.882843    610   -0.35   0.890264   0.00499732  0.7249   0.821097  0.00997757   0.0121515
0.900804    610   -0.25   0.890264   0.00499732  0.7179   0.796955  0.00993518   0.0124664
0.899809    610   -0.15   0.890264   0.00499732  0.708   0.786834  0.00960882   0.012212
0.93385    610   -0.05   0.890264   0.00499732  0.6955   0.744766  0.00994679   0.0133556
0.969238    610   0.05   0.890264   0.00499732  0.6795   0.701066  0.0101766   0.0145159
1.0357    610   0.15   0.890264   0.00499732  0.6588   0.63609  0.0113572   0.0178547
1.06764    610   0.25   0.890264   0.00499732  0.6312   0.591212  0.0130345   0.0220471
1.12393    610   0.35   0.890264   0.00499732  0.5935   0.528058  0.0173099   0.0327803
1.26637    610   0.45   0.890264   0.00499732  0.5416   0.427678  0.0313384   0.0732757
4.07284    610   0.55   0.890264   0.00499732  0.4708   0.115595  0.105684   0.914261
2.13293    610   0.65   0.890264   0.00499732  0.3772   0.176846  0.199867   1.13018
-0.467132    610   0.75   0.890264   0.00499732  0.2619   -0.560655  2.16172   -3.8557
0.203952    610   0.85   0.890264   0.00499732  0.1383   0.678101  0.382441   0.563988
0.696054    610   0.95   0.890264   0.00499732  0.03716   0.0533867  0.0295676   0.553838
1.30148e-08    630   -0.95   0.858316   0.00849136  1.593e-08   1.22399  0.337665   0.275872
0.629829    630   -0.85   0.858316   0.00849136  0.409   0.649383  0.110108   0.169558
0.737126    630   -0.75   0.858316   0.00849136  0.6062   0.822383  0.0439229   0.0534093
0.786367    630   -0.65   0.858316   0.00849136  0.6894   0.87669  0.0266917   0.030446
0.833353    630   -0.55   0.858316   0.00849136  0.7243   0.86914  0.0221147   0.0254443
0.838672    630   -0.45   0.858316   0.00849136  0.7379   0.879843  0.021324   0.0242361
0.820444    630   -0.35   0.858316   0.00849136  0.7413   0.903535  0.018463   0.0204342
0.862317    630   -0.25   0.858316   0.00849136  0.7391   0.857109  0.0180425   0.0210504
0.860093    630   -0.15   0.858316   0.00849136  0.7332   0.852466  0.0183502   0.021526
0.943407    630   -0.05   0.858316   0.00849136  0.7241   0.767537  0.0184783   0.0240748
1.00773    630   0.05   0.858316   0.00849136  0.7115   0.706045  0.0194811   0.0275919
1.00094    630   0.15   0.858316   0.00849136  0.6944   0.69375  0.0204879   0.0295321
1.12341    630   0.25   0.858316   0.00849136  0.6706   0.596931  0.0235884   0.0395161
1.12037    630   0.35   0.858316   0.00849136  0.6372   0.568742  0.0331964   0.0583681
1.31623    630   0.45   0.858316   0.00849136  0.59   0.448251  0.058488   0.13048
6.22537    630   0.55   0.858316   0.00849136  0.5241   0.0841877  0.104172   1.23738
-2.83619    630   0.65   0.858316   0.00849136  0.435   -0.153375  0.278639   -1.81672
-0.3167    630   0.75   0.858316   0.00849136  0.3221   -1.01705  2.48447   -2.44282
-0.13864    630   0.85   0.858316   0.00849136  0.1944   -1.40219  7.4009   -5.2781
5.78743    630   0.95   0.858316   0.00849136  0.07535   0.0130196  0.0541135   4.15631
1.73866e-08    650   -0.95   0.937639   0.0261101  1.234e-08   0.709741  0.650584   0.91665
0.329169    650   -0.85   0.937639   0.0261101  0.3483   1.05812  0.229658   0.217043
0.680525    650   -0.75   0.937639   0.0261101  0.5665   0.832445  0.098861   0.11876
0.761763    650   -0.65   0.937639   0.0261101  0.6743   0.885184  0.0669926   0.0756821
0.828117    650   -0.55   0.937639   0.0261101  0.7258   0.876446  0.0565387   0.0645091
0.854399    650   -0.45   0.937639   0.0261101  0.7502   0.878044  0.0556517   0.0633814
0.902744    650   -0.35   0.937639   0.0261101  0.761   0.842985  0.0483108   0.0573092
0.927219    650   -0.25   0.937639   0.0261101  0.7644   0.824401  0.0503815   0.0611129
0.970392    650   -0.15   0.937639   0.0261101  0.7634   0.786692  0.0487725   0.0619969
1.15417    650   -0.05   0.937639   0.0261101  0.7589   0.657531  0.0444188   0.0675539
0.955167    650   0.05   0.937639   0.0261101  0.7512   0.786459  0.0459643   0.0584446
1.1241    650   0.15   0.937639   0.0261101  0.7394   0.657768  0.0513773   0.0781085
1.38102    650   0.25   0.937639   0.0261101  0.7218   0.522659  0.0553337   0.10587
1.08263    650   0.35   0.937639   0.0261101  0.6958   0.642692  0.0740259   0.115181
1.02255    650   0.45   0.937639   0.0261101  0.6576   0.643099  0.100888   0.156878
-1.10563    650   0.55   0.937639   0.0261101  0.602   -0.544488  1.95867   -3.59727
-0.842703    650   0.65   0.937639   0.0261101  0.5241   -0.621927  4.71551   -7.5821
0.210413    650   0.75   0.937639   0.0261101  0.4204   1.99798  2.67784e+06   1.34027e+06
-2.67845    650   0.85   0.937639   0.0261101  0.2925   -0.109205  0.0783946   -0.717866
0.831034    650   0.95   0.937639   0.0261101  0.1485   0.178693  0.119497   0.668728
-2.1721e-08    670   -0.95   0.804139   0.0955004  9.783e-09   -0.450394  1.92861   -4.28205
-0.1523    670   -0.85   0.804139   0.0955004  0.3046   -2  1.47703e-11   -7.38515e-12
0.366494    670   -0.75   0.804139   0.0955004  0.5326   1.45323  1.81643   1.24993
1.52241    670   -0.65   0.804139   0.0955004  0.6601   0.433588  0.215001   0.495865
0.876937    670   -0.55   0.804139   0.0955004  0.727   0.829022  0.440646   0.531525
0.702382    670   -0.45   0.804139   0.0955004  0.7624   1.08545  0.208047   0.191669
0.846429    670   -0.35   0.804139   0.0955004  0.7814   0.923172  0.285882   0.309674
0.859311    670   -0.25   0.804139   0.0955004  0.7913   0.920854  0.182984   0.198711
1.48607    670   -0.15   0.804139   0.0955004  0.796   0.535641  0.234408   0.437621
1.26357    670   -0.05   0.804139   0.0955004  0.7972   0.630911  0.276845   0.438802
1.05571    670   0.05   0.804139   0.0955004  0.7955   0.753523  0.294803   0.391233
0.722583    670   0.15   0.804139   0.0955004  0.7906   1.09413  0.20464   0.187034
1.48706    670   0.25   0.804139   0.0955004  0.7812   0.525331  0.251462   0.478673
1.15388    670   0.35   0.804139   0.0955004  0.7651   0.663069  3.18796   4.80789
0.803497    670   0.45   0.804139   0.0955004  0.7387   0.919356  0.552528   0.600995
-0.349289    670   0.55   0.804139   0.0955004  0.6974   -1.99663  7098.49   -3555.24
0.329175    670   0.65   0.804139   0.0955004  0.6354   1.93028  1739.52   901.175
0.2732    670   0.75   0.804139   0.0955004  0.5464   2  3.2438e-05   1.6219e-05
0.21185    670   0.85   0.804139   0.0955004  0.4237   2  7.16969e-13   3.58484e-13
0.281068    670   0.95   0.804139   0.0955004  0.2551   0.907609  0.482734   0.531874
-4.11222e-09    690   -0.95   1.08362   0.139479  7.72e-09   -1.87733  0.685601   -0.3652
0.276518    690   -0.85   1.08362   0.139479  0.2757   0.997043  1.29118   1.29501
0.834123    690   -0.75   1.08362   0.139479  0.5019   0.60171  0.825398   1.37175
0.875263    690   -0.65   1.08362   0.139479  0.6416   0.733037  0.140664   0.191892
1.17107    690   -0.55   1.08362   0.139479  0.7217   0.616276  0.227922   0.369838
1.05876    690   -0.45   1.08362   0.139479  0.7679   0.725282  1.09487   1.50958
1.27842    690   -0.35   1.08362   0.139479  0.7957   0.622411  0.167611   0.269293
1.09023    690   -0.25   1.08362   0.139479  0.8131   0.745805  0.185141   0.248243
0.961321    690   -0.15   1.08362   0.139479  0.8246   0.857778  0.867698   1.01156
1.02639    690   -0.05   1.08362   0.139479  0.8326   0.811195  0.149726   0.184575
0.911075    690   0.05   1.08362   0.139479  0.8381   0.919902  0.162462   0.176608
1.07901    690   0.15   1.08362   0.139479  0.8411   0.779508  0.511273   0.655892
1.37783    690   0.25   1.08362   0.139479  0.8408   0.610233  0.2076   0.340198
-0.977515    690   0.35   1.08362   0.139479  0.8355   -0.854718  1.49757   -1.75212
0.90904    690   0.45   1.08362   0.139479  0.822   0.904251  0.584596   0.646497
0.39785    690   0.55   1.08362   0.139479  0.7957   2  0.000348562   0.000174281
-0.699871    690   0.65   1.08362   0.139479  0.7505   -1.07234  2.06032   -1.92133
0.339    690   0.75   1.08362   0.139479  0.678   2  1.79225e-06   8.96125e-07
-0.2824    690   0.85   1.08362   0.139479  0.5648   -2  3.16793e-05   -1.58397e-05
0.700572    690   0.95   1.08362   0.139479  0.3795   0.5417  0.479168   0.884563
2.764e-09    710   -0.95   0.905926   0.135816  5.528e-09   2  0.00224763   0.00112382
0.246324    710   -0.85   0.905926   0.135816  0.2541   1.03157  1.04759   1.01553
-0.508125    710   -0.75   0.905926   0.135816  0.4685   -0.922018  0.309377   -0.335543
1.06781    710   -0.65   0.905926   0.135816  0.6135   0.574539  1.24109   2.16015
1.09917    710   -0.55   0.905926   0.135816  0.7048   0.64121  0.0513474   0.0800789
1.0762    710   -0.45   0.905926   0.135816  0.7624   0.708416  0.204665   0.288905
1.23757    710   -0.35   0.905926   0.135816  0.7998   0.646268  0.550342   0.851569
0.793704    710   -0.25   0.905926   0.135816  0.8255   1.04006  0.218399   0.209987
2.22113    710   -0.15   0.905926   0.135816  0.8441   0.380031  0.201709   0.53077
1.07135    710   -0.05   0.905926   0.135816  0.8585   0.801328  0.29922   0.373405
0.890473    710   0.05   0.905926   0.135816  0.8702   0.977233  0.239113   0.244684
1.0619    710   0.15   0.905926   0.135816  0.8794   0.828136  0.264328   0.319184
1.13378    710   0.25   0.905926   0.135816  0.8858   0.781278  0.233359   0.298689
2.52069    710   0.35   0.905926   0.135816  0.8877   0.352166  0.221893   0.630081
1.62841    710   0.45   0.905926   0.135816  0.8824   0.541877  0.588349   1.08576
1.13598    710   0.55   0.905926   0.135816  0.8654   0.761807  0.62893   0.825577
-0.41515    710   0.65   0.905926   0.135816  0.8303   -2  2.53719e-05   -1.2686e-05
-0.423053    710   0.75   0.905926   0.135816  0.7676   -1.81443  5.56513   -3.06715
0.352976    710   0.85   0.905926   0.135816  0.6607   1.8718  0.307797   0.164439
0.526728    710   0.95   0.905926   0.135816  0.4669   0.886415  0.585308   0.660309
