1.25367    19.6915    410    10    -0.95    0.05    
0.491424    0.19202    410    10    -0.85    0.05    
0.588527    0.0716468    410    10    -0.75    0.05    
0.539521    0.0431612    410    10    -0.65    0.05    
0.598819    0.0399298    410    10    -0.55    0.05    
0.670193    0.0342185    410    10    -0.45    0.05    
0.573364    0.0348016    410    10    -0.35    0.05    
0.551237    0.0501357    410    10    -0.25    0.05    
0.561224    0.0652581    410    10    -0.15    0.05    
0.413701    0.0616509    410    10    -0.05    0.05    
0.443888    0.0799926    410    10    0.05    0.05    
0.411461    0.107995    410    10    0.15    0.05    
0.317133    0.277163    410    10    0.25    0.05    
0.355659    2.67279    410    10    0.35    0.05    
0.882874    7.37649    410    10    0.45    0.05    
0.110894    3.98532    410    10    0.55    0.05    
0    1    410    10    0.65    0.05    
-0.547    0.325519    410    10    0.75    0.05    
0    1    410    10    0.85    0.05    
0    1    410    10    0.95    0.05    
-0.529482    2.88792    430    10    -0.95    0.05    
-0.870224    1.68294    430    10    -0.85    0.05    
0.675808    0.0441937    430    10    -0.75    0.05    
0.606382    0.0324108    430    10    -0.65    0.05    
0.671116    0.023765    430    10    -0.55    0.05    
0.643415    0.0236335    430    10    -0.45    0.05    
0.640586    0.0263579    430    10    -0.35    0.05    
0.663682    0.0280798    430    10    -0.25    0.05    
0.583575    0.0322235    430    10    -0.15    0.05    
0.558063    0.0442065    430    10    -0.05    0.05    
0.571231    0.0558483    430    10    0.05    0.05    
0.582512    0.0772325    430    10    0.15    0.05    
0.324065    0.270091    430    10    0.25    0.05    
0.245784    0.506551    430    10    0.35    0.05    
0.41157    0.261543    430    10    0.45    0.05    
0.850577    0.357599    430    10    0.55    0.05    
0.14968    2.82137    430    10    0.65    0.05    
1.39335    41.8129    430    10    0.75    0.05    
0    1    430    10    0.85    0.05    
0.0616687    0.069243    430    10    0.95    0.05    
1.00646    0.349563    450    10    -0.95    0.05    
0.587228    0.0883151    450    10    -0.85    0.05    
0.654015    0.0337529    450    10    -0.75    0.05    
0.683848    0.0243448    450    10    -0.65    0.05    
0.650456    0.0196754    450    10    -0.55    0.05    
0.6696    0.017579    450    10    -0.45    0.05    
0.621965    0.0173343    450    10    -0.35    0.05    
0.625406    0.0181736    450    10    -0.25    0.05    
0.645764    0.0224794    450    10    -0.15    0.05    
0.547136    0.0261712    450    10    -0.05    0.05    
0.559485    0.0340799    450    10    0.05    0.05    
0.597479    0.0477752    450    10    0.15    0.05    
0.537052    0.0682969    450    10    0.25    0.05    
0.518142    0.110448    450    10    0.35    0.05    
0.384525    0.190156    450    10    0.45    0.05    
0.423212    0.343261    450    10    0.55    0.05    
-0.495338    0.466459    450    10    0.65    0.05    
0    1    450    10    0.75    0.05    
0    1    450    10    0.85    0.05    
0    1    450    10    0.95    0.05    
0.373506    0.315882    470    10    -0.95    0.05    
0.701151    0.072793    470    10    -0.85    0.05    
0.742175    0.0297929    470    10    -0.75    0.05    
0.720284    0.0185999    470    10    -0.65    0.05    
0.677231    0.0168654    470    10    -0.55    0.05    
0.680255    0.0158001    470    10    -0.45    0.05    
0.645625    0.0144474    470    10    -0.35    0.05    
0.656441    0.0143289    470    10    -0.25    0.05    
0.607787    0.0155749    470    10    -0.15    0.05    
0.600869    0.0208157    470    10    -0.05    0.05    
0.566784    0.0250583    470    10    0.05    0.05    
0.55885    0.0307982    470    10    0.15    0.05    
0.452684    0.0522869    470    10    0.25    0.05    
0.386437    0.0949121    470    10    0.35    0.05    
0.324329    0.361239    470    10    0.45    0.05    
0.314647    0.189477    470    10    0.55    0.05    
0.378183    0.442229    470    10    0.65    0.05    
-0.686806    0.485696    470    10    0.75    0.05    
0    1    470    10    0.85    0.05    
0    1    470    10    0.95    0.05    
-0.557805    0.229225    490    10    -0.95    0.05    
0.70293    0.0911422    490    10    -0.85    0.05    
0.712095    0.0310408    490    10    -0.75    0.05    
0.744638    0.0198329    490    10    -0.65    0.05    
0.683558    0.0174697    490    10    -0.55    0.05    
0.683202    0.0167122    490    10    -0.45    0.05    
0.704249    0.0151181    490    10    -0.35    0.05    
0.681523    0.0156593    490    10    -0.25    0.05    
0.66201    0.0160918    490    10    -0.15    0.05    
0.615613    0.0165593    490    10    -0.05    0.05    
0.581576    0.0221011    490    10    0.05    0.05    
0.535025    0.0288672    490    10    0.15    0.05    
0.509303    0.0434279    490    10    0.25    0.05    
0.460597    0.0645319    490    10    0.35    0.05    
0.293429    0.126345    490    10    0.45    0.05    
0.0860318    33.4759    490    10    0.55    0.05    
-0.481642    2.71566    490    10    0.65    0.05    
-0.0462515    2.3966    490    10    0.75    0.05    
0.926364    23.5302    490    10    0.85    0.05    
0    1    490    10    0.95    0.05    
0.987248    0.162025    510    10    -0.95    0.05    
0.795294    0.0750655    510    10    -0.85    0.05    
0.740587    0.0263369    510    10    -0.75    0.05    
0.714398    2.6118    510    10    -0.65    0.05    
0.743455    0.0148095    510    10    -0.55    0.05    
0.731575    0.0131119    510    10    -0.45    0.05    
0.695636    0.0127087    510    10    -0.35    0.05    
0.647559    0.0124352    510    10    -0.25    0.05    
0.648735    0.0123601    510    10    -0.15    0.05    
0.616733    0.0128306    510    10    -0.05    0.05    
0.607355    0.0156393    510    10    0.05    0.05    
0.566976    0.0186592    510    10    0.15    0.05    
0.525786    0.0284367    510    10    0.25    0.05    
0.3777    0.0464452    510    10    0.35    0.05    
0.427253    0.0729925    510    10    0.45    0.05    
0.40798    0.176309    510    10    0.55    0.05    
-0.415071    0.22166    510    10    0.65    0.05    
0.712582    0.361349    510    10    0.75    0.05    
0.572975    21.6289    510    10    0.85    0.05    
0    1    510    10    0.95    0.05    
1.22091    0.184927    530    10    -0.95    0.05    
0.84611    0.072733    530    10    -0.85    0.05    
0.753959    0.0275311    530    10    -0.75    0.05    
0.755788    0.0181981    530    10    -0.65    0.05    
0.765259    0.0161875    530    10    -0.55    0.05    
0.734939    0.0139647    530    10    -0.45    0.05    
0.708641    0.0129969    530    10    -0.35    0.05    
0.681918    0.0125865    530    10    -0.25    0.05    
0.63632    0.0128716    530    10    -0.15    0.05    
0.626702    0.0140965    530    10    -0.05    0.05    
0.571695    0.0150199    530    10    0.05    0.05    
0.50938    0.0179534    530    10    0.15    0.05    
0.498785    0.0243004    530    10    0.25    0.05    
0.439462    0.0423631    530    10    0.35    0.05    
0.373129    0.0723161    530    10    0.45    0.05    
0.267629    0.127212    530    10    0.55    0.05    
0.158247    0.405521    530    10    0.65    0.05    
0.687336    4.1548    530    10    0.75    0.05    
0    1    530    10    0.85    0.05    
0    1    530    10    0.95    0.05    
0.872669    0.309005    550    10    -0.95    0.05    
0.867906    0.075804    550    10    -0.85    0.05    
0.763444    0.0328331    550    10    -0.75    0.05    
0.777836    0.0200146    550    10    -0.65    0.05    
0.750324    0.0178364    550    10    -0.55    0.05    
0.712938    0.0160151    550    10    -0.45    0.05    
0.701429    0.0159239    550    10    -0.35    0.05    
0.669442    0.0138659    550    10    -0.25    0.05    
0.655774    0.0136449    550    10    -0.15    0.05    
0.617409    0.0139468    550    10    -0.05    0.05    
0.574384    0.0152486    550    10    0.05    0.05    
0.501922    0.0184859    550    10    0.15    0.05    
0.522544    0.0252273    550    10    0.25    0.05    
0.417773    0.0416124    550    10    0.35    0.05    
0.332916    0.0716514    550    10    0.45    0.05    
0.294827    0.163859    550    10    0.55    0.05    
-0.229756    0.235288    550    10    0.65    0.05    
0.474329    0.312318    550    10    0.75    0.05    
-0.647062    1.14733    550    10    0.85    0.05    
0    1    550    10    0.95    0.05    
0.782318    0.189648    570    10    -0.95    0.05    
0.692823    14.631    570    10    -0.85    0.05    
0.750676    0.0240921    570    10    -0.75    0.05    
0.742867    0.015631    570    10    -0.65    0.05    
0.737319    0.0132726    570    10    -0.55    0.05    
0.745051    0.0123799    570    10    -0.45    0.05    
0.713483    0.0110549    570    10    -0.35    0.05    
0.66722    0.0106617    570    10    -0.25    0.05    
0.652173    0.0110942    570    10    -0.15    0.05    
0.613184    0.0110758    570    10    -0.05    0.05    
0.579252    0.0116216    570    10    0.05    0.05    
0.510336    0.0135545    570    10    0.15    0.05    
0.485389    0.0170989    570    10    0.25    0.05    
0.431596    0.0247119    570    10    0.35    0.05    
0.262949    0.0453005    570    10    0.45    0.05    
0.0786914    0.476572    570    10    0.55    0.05    
-0.143315    0.204283    570    10    0.65    0.05    
-0.368513    0.273042    570    10    0.75    0.05    
0.758683    1.25956    570    10    0.85    0.05    
0.0723316    0.033156    570    10    0.95    0.05    
0.327848    0.119796    590    10    -0.95    0.05    
0.683186    0.0497405    590    10    -0.85    0.05    
0.721296    0.0201353    590    10    -0.75    0.05    
0.771191    0.013466    590    10    -0.65    0.05    
0.759182    0.0105429    590    10    -0.55    0.05    
0.739346    0.0105469    590    10    -0.45    0.05    
0.714364    0.00965528    590    10    -0.35    0.05    
0.68512    0.00936784    590    10    -0.25    0.05    
0.668482    0.00911971    590    10    -0.15    0.05    
0.643413    0.00924656    590    10    -0.05    0.05    
0.594985    0.0100838    590    10    0.05    0.05    
0.557768    0.0105643    590    10    0.15    0.05    
0.507371    0.0131553    590    10    0.25    0.05    
0.39987    0.0191248    590    10    0.35    0.05    
0.276072    0.0327114    590    10    0.45    0.05    
0.102311    0.0603072    590    10    0.55    0.05    
0.178936    0.125015    590    10    0.65    0.05    
0.208676    0.08075    590    10    0.75    0.05    
-1.05031    5.71847    590    10    0.85    0.05    
-0.0511169    0.0279678    590    10    0.95    0.05    
0.436349    0.118686    610    10    -0.95    0.05    
0.614401    0.0573885    610    10    -0.85    0.05    
0.744267    0.0218869    610    10    -0.75    0.05    
0.775057    0.0147039    610    10    -0.65    0.05    
0.769115    0.0124038    610    10    -0.55    0.05    
0.76632    0.0108763    610    10    -0.45    0.05    
0.731844    0.00997757    610    10    -0.35    0.05    
0.710326    0.00993518    610    10    -0.25    0.05    
0.701305    0.00960882    610    10    -0.15    0.05    
0.66381    0.00994679    610    10    -0.05    0.05    
0.62486    0.0101766    610    10    0.05    0.05    
0.566947    0.0113572    610    10    0.15    0.05    
0.526947    0.0130345    610    10    0.25    0.05    
0.470658    0.0173099    610    10    0.35    0.05    
0.381189    0.0313384    610    10    0.45    0.05    
0.10303    0.105684    610    10    0.55    0.05    
0.157623    0.199867    610    10    0.65    0.05    
-0.499712    2.16172    610    10    0.75    0.05    
0.604391    0.382441    610    10    0.85    0.05    
0.0475836    0.0295676    610    10    0.95    0.05    
1.09094    0.337665    630    10    -0.95    0.05    
0.578795    0.110108    630    10    -0.85    0.05    
0.73299    0.0439229    630    10    -0.75    0.05    
0.781394    0.0266917    630    10    -0.65    0.05    
0.774664    0.0221147    630    10    -0.55    0.05    
0.784204    0.021324    630    10    -0.45    0.05    
0.805321    0.018463    630    10    -0.35    0.05    
0.763941    0.0180425    630    10    -0.25    0.05    
0.759803    0.0183502    630    10    -0.15    0.05    
0.684106    0.0184783    630    10    -0.05    0.05    
0.629298    0.0194811    630    10    0.05    0.05    
0.618339    0.0204879    630    10    0.15    0.05    
0.532045    0.0235884    630    10    0.25    0.05    
0.50692    0.0331964    630    10    0.35    0.05    
0.399526    0.058488    630    10    0.45    0.05    
0.0750365    0.104172    630    10    0.55    0.05    
-0.136703    0.278639    630    10    0.65    0.05    
-0.906497    2.48447    630    10    0.75    0.05    
-1.24977    7.4009    630    10    0.85    0.05    
0.0116044    0.0541135    630    10    0.95    0.05    
0.632592    0.650584    650    10    -0.95    0.05    
0.943102    0.229658    650    10    -0.85    0.05    
0.741958    0.098861    650    10    -0.75    0.05    
0.788964    0.0669926    650    10    -0.65    0.05    
0.781176    0.0565387    650    10    -0.55    0.05    
0.782601    0.0556517    650    10    -0.45    0.05    
0.751353    0.0483108    650    10    -0.35    0.05    
0.734789    0.0503815    650    10    -0.25    0.05    
0.701179    0.0487725    650    10    -0.15    0.05    
0.586057    0.0444188    650    10    -0.05    0.05    
0.700971    0.0459643    650    10    0.05    0.05    
0.586269    0.0513773    650    10    0.15    0.05    
0.465846    0.0553337    650    10    0.25    0.05    
0.572831    0.0740259    650    10    0.35    0.05    
0.573194    0.100888    650    10    0.45    0.05    
-0.485302    1.95867    650    10    0.55    0.05    
-0.554324    4.71551    650    10    0.65    0.05    
1.7808    2.67784e+06    650    10    0.75    0.05    
-0.0973344    0.0783946    650    10    0.85    0.05    
0.159269    0.119497    650    10    0.95    0.05    
-0.401436    1.92861    670    10    -0.95    0.05    
0    1    670    10    -0.85    0.05    
1.29526    1.81643    670    10    -0.75    0.05    
0.386457    0.215001    670    10    -0.65    0.05    
0.738907    0.440646    670    10    -0.55    0.05    
0.967462    0.208047    670    10    -0.45    0.05    
0.822823    0.285882    670    10    -0.35    0.05    
0.820757    0.182984    670    10    -0.25    0.05    
0.477417    0.234408    670    10    -0.15    0.05    
0.562331    0.276845    670    10    -0.05    0.05    
0.671615    0.294803    670    10    0.05    0.05    
0.975198    0.20464    670    10    0.15    0.05    
0.468228    0.251462    670    10    0.25    0.05    
0.590993    3.18796    670    10    0.35    0.05    
0.819422    0.552528    670    10    0.45    0.05    
-1.7796    7098.49    670    10    0.55    0.05    
1.72046    1739.52    670    10    0.65    0.05    
0    1    670    10    0.75    0.05    
0    1    670    10    0.85    0.05    
0.808952    0.482734    670    10    0.95    0.05    
-1.67326    0.685601    690    10    -0.95    0.05    
0.888664    1.29118    690    10    -0.85    0.05    
0.536304    0.825398    690    10    -0.75    0.05    
0.653356    0.140664    690    10    -0.65    0.05    
0.549287    0.227922    690    10    -0.55    0.05    
0.646444    1.09487    690    10    -0.45    0.05    
0.554755    0.167611    690    10    -0.35    0.05    
0.664736    0.185141    690    10    -0.25    0.05    
0.764538    0.867698    690    10    -0.15    0.05    
0.723018    0.149726    690    10    -0.05    0.05    
0.819909    0.162462    690    10    0.05    0.05    
0.694775    0.511273    690    10    0.15    0.05    
0.543901    0.2076    690    10    0.25    0.05    
-0.76181    1.49757    690    10    0.35    0.05    
0.805959    0.584596    690    10    0.45    0.05    
0    1    690    10    0.55    0.05    
-0.955777    2.06032    690    10    0.65    0.05    
0    1    690    10    0.75    0.05    
0    1    690    10    0.85    0.05    
0.482817    0.479168    690    10    0.95    0.05    
0    1    710    10    -0.95    0.05    
0.919438    1.04759    710    10    -0.85    0.05    
-0.821795    0.309377    710    10    -0.75    0.05    
0.512087    1.24109    710    10    -0.65    0.05    
0.57151    0.0513474    710    10    -0.55    0.05    
0.631411    0.204665    710    10    -0.45    0.05    
0.576019    0.550342    710    10    -0.35    0.05    
0.927005    0.218399    710    10    -0.25    0.05    
0.338722    0.201709    710    10    -0.15    0.05    
0.714224    0.29922    710    10    -0.05    0.05    
0.871008    0.239113    710    10    0.05    0.05    
0.738118    0.264328    710    10    0.15    0.05    
0.696353    0.233359    710    10    0.25    0.05    
0.313886    0.221893    710    10    0.35    0.05    
0.482975    0.588349    710    10    0.45    0.05    
0.678999    0.62893    710    10    0.55    0.05    
0    1    710    10    0.65    0.05    
-1.6172    5.56513    710    10    0.75    0.05    
1.66834    0.307797    710    10    0.85    0.05    
0.790062    0.585308    710    10    0.95    0.05    
