-1.57531e-07    430   -0.95   0.963349
0.0846595    430   -0.85   0.963349
0.830439    430   -0.75   0.963349
0.931759    430   -0.65   0.963349
0.896408    430   -0.55   0.963349
0.960906    430   -0.45   0.963349
0.930174    430   -0.35   0.963349
0.885667    430   -0.25   0.963349
1.00939    430   -0.15   0.963349
1.03061    430   -0.05   0.963349
1.06246    430   0.05   0.963349
0.965966    430   0.15   0.963349
0    430   0.25   0.963349
1.8539    430   0.35   0.963349
1.70809    430   0.45   0.963349
0.500081    430   0.55   0.963349
1.56779    430   0.65   0.963349
0.473817    430   0.75   0.963349
605.323    430   0.85   0.963349
-0.0262221    430   0.95   0.963349
2.38769e-06    450   -0.95   0.957631
0.91075    450   -0.85   0.957631
0.882758    450   -0.75   0.957631
0.873639    450   -0.65   0.957631
0.954725    450   -0.55   0.957631
0.912805    450   -0.45   0.957631
0.975558    450   -0.35   0.957631
0.944087    450   -0.25   0.957631
0.902    450   -0.15   0.957631
1.0537    450   -0.05   0.957631
0.983161    450   0.05   0.957631
0.965186    450   0.15   0.957631
1.02819    450   0.25   0.957631
1.15124    450   0.35   0.957631
1.63689    450   0.45   0.957631
1.47274    450   0.55   0.957631
-2.11569    450   0.65   0.957631
0.486185    450   0.75   0.957631
1.98107    450   0.85   0.957631
0    450   0.95   0.957631
5.27257e-05    470   -0.95   0.92429
1.00633    470   -0.85   0.92429
0.858263    470   -0.75   0.92429
0.895869    470   -0.65   0.92429
0.922762    470   -0.55   0.92429
0.899033    470   -0.45   0.92429
0.935091    470   -0.35   0.92429
0.902644    470   -0.25   0.92429
0.944304    470   -0.15   0.92429
0.940379    470   -0.05   0.92429
0.9733    470   0.05   0.92429
0.956181    470   0.15   0.92429
1.18008    470   0.25   0.92429
1.37079    470   0.35   0.92429
1.76916    470   0.45   0.92429
1.99828    470   0.55   0.92429
-1.09841    470   0.65   0.92429
1.58498    470   0.75   0.92429
0.336868    470   0.85   0.92429
0    470   0.95   0.92429
1.60166e-07    490   -0.95   0.897237
0.957142    490   -0.85   0.897237
0.927333    490   -0.75   0.897237
0.896655    490   -0.65   0.897237
0.908851    490   -0.55   0.897237
0.916834    490   -0.45   0.897237
0.860843    490   -0.35   0.897237
0.894617    490   -0.25   0.897237
0.898897    490   -0.15   0.897237
0.914996    490   -0.05   0.897237
0.950514    490   0.05   0.897237
0.993206    490   0.15   0.897237
0.940047    490   0.25   0.897237
1.03112    490   0.35   0.897237
1.58449    490   0.45   0.897237
-3.98939    490   0.55   0.897237
-1.20215    490   0.65   0.897237
-0.702514    490   0.75   0.897237
1.5211    490   0.85   0.897237
0    490   0.95   0.897237
3.41181e-07    510   -0.95   0.901379
0.906061    510   -0.85   0.901379
0.925742    510   -0.75   0.901379
0.934336    510   -0.65   0.901379
0.858066    510   -0.55   0.901379
0.857912    510   -0.45   0.901379
0.880989    510   -0.35   0.901379
0.928343    510   -0.25   0.901379
0.906365    510   -0.15   0.901379
0.933286    510   -0.05   0.901379
0.890736    510   0.05   0.901379
0.940949    510   0.15   0.901379
0.966326    510   0.25   0.901379
1.27359    510   0.35   0.901379
1.09611    510   0.45   0.901379
0.991308    510   0.55   0.901379
1.01131    510   0.65   0.901379
0.637373    510   0.75   0.901379
-0.164487    510   0.85   0.901379
0    510   0.95   0.901379
2.20755e-07    530   -0.95   0.888569
0.830862    530   -0.85   0.888569
0.912499    530   -0.75   0.888569
0.873441    530   -0.65   0.888569
0.855429    530   -0.55   0.888569
0.859448    530   -0.45   0.888569
0.87515    530   -0.35   0.888569
0.887123    530   -0.25   0.888569
0.925589    530   -0.15   0.888569
0.895535    530   -0.05   0.888569
0.961479    530   0.05   0.888569
1.02113    530   0.15   0.888569
1.0409    530   0.25   0.888569
1.05492    530   0.35   0.888569
1.15974    530   0.45   0.888569
2.22445    530   0.55   0.888569
3.32286    530   0.65   0.888569
0.538442    530   0.75   0.888569
-2169.73    530   0.85   0.888569
-0.00762885    530   0.95   0.888569
1.12332e-07    550   -0.95   0.910197
0.750772    550   -0.85   0.910197
0.910307    550   -0.75   0.910197
0.85161    550   -0.65   0.910197
0.870996    550   -0.55   0.910197
0.894997    550   -0.45   0.910197
0.89847    550   -0.35   0.910197
0.916575    550   -0.25   0.910197
0.903512    550   -0.15   0.910197
0.93743    550   -0.05   0.910197
0.985423    550   0.05   0.910197
1.06028    550   0.15   0.910197
0.995691    550   0.25   0.910197
1.08503    550   0.35   0.910197
1.34365    550   0.45   0.910197
1.64471    550   0.55   0.910197
-1.58732    550   0.65   0.910197
-1.14096    550   0.75   0.910197
0.232038    550   0.85   0.910197
-0.005668    550   0.95   0.910197
7.36192e-08    570   -0.95   1.01723
0.957248    570   -0.85   1.01723
0.900792    570   -0.75   1.01723
0.89324    570   -0.65   1.01723
0.889218    570   -0.55   1.01723
0.880934    570   -0.45   1.01723
1.39547    570   -0.35   1.01723
0.911166    570   -0.25   1.01723
0.933203    570   -0.15   1.01723
0.96539    570   -0.05   1.01723
0.97986    570   0.05   1.01723
1.05934    570   0.15   1.01723
1.07415    570   0.25   1.01723
1.1555    570   0.35   1.01723
1.83579    570   0.45   1.01723
4.25758    570   0.55   1.01723
1.93992    570   0.65   1.01723
1.6337    570   0.75   1.01723
240.473    570   0.85   1.01723
-54.4543    570   0.95   1.01723
1.00579e-07    590   -0.95   0.911311
0.781062    590   -0.85   0.911311
0.855033    590   -0.75   0.911311
0.85779    590   -0.65   0.911311
0.871015    590   -0.55   0.911311
0.872938    590   -0.45   0.911311
0.893205    590   -0.35   0.911311
0.89808    590   -0.25   0.911311
0.944018    590   -0.15   0.911311
0.948314    590   -0.05   0.911311
0.990436    590   0.05   0.911311
1.03708    590   0.15   0.911311
1.06908    590   0.25   0.911311
1.29471    590   0.35   0.911311
1.68608    590   0.45   0.911311
6.88068    590   0.55   0.911311
-2.90436    590   0.65   0.911311
13.2817    590   0.75   0.911311
-0.190521    590   0.85   0.911311
0    590   0.95   0.911311
4.43771e-08    610   -0.95   0.908935
0.762195    610   -0.85   0.908935
0.79683    610   -0.75   0.908935
0.819864    610   -0.65   0.908935
0.851625    610   -0.55   0.908935
0.864902    610   -0.45   0.908935
0.885125    610   -0.35   0.908935
0.918544    610   -0.25   0.908935
0.930807    610   -0.15   0.908935
0.945296    610   -0.05   0.908935
0.982747    610   0.05   0.908935
1.05178    610   0.15   0.908935
1.08236    610   0.25   0.908935
1.17728    610   0.35   0.908935
1.28254    610   0.45   0.908935
4.17269    610   0.55   0.908935
12.5106    610   0.65   0.908935
-1.22129    610   0.75   0.908935
0.293835    610   0.85   0.908935
0    610   0.95   0.908935
2.20813e-08    630   -0.95   0.887611
0.671207    630   -0.85   0.887611
0.773123    630   -0.75   0.887611
0.809889    630   -0.65   0.887611
0.865055    630   -0.55   0.887611
0.863411    630   -0.45   0.887611
0.837607    630   -0.35   0.887611
0.889288    630   -0.25   0.887611
0.883744    630   -0.15   0.887611
0.964004    630   -0.05   0.887611
1.00144    630   0.05   0.887611
1.01125    630   0.15   0.887611
1.11198    630   0.25   0.887611
1.10829    630   0.35   0.887611
1.3363    630   0.45   0.887611
9.23378    630   0.55   0.887611
4.76915    630   0.65   0.887611
-1.44284    630   0.75   0.887611
-0.219217    630   0.85   0.887611
0    630   0.95   0.887611
-1.57531e-07    430   -0.95   0.963349
0.0846595    430   -0.85   0.963349
0.830439    430   -0.75   0.963349
0.931759    430   -0.65   0.963349
0.896408    430   -0.55   0.963349
0.960906    430   -0.45   0.963349
0.930174    430   -0.35   0.963349
0.885667    430   -0.25   0.963349
1.00939    430   -0.15   0.963349
1.03061    430   -0.05   0.963349
1.06246    430   0.05   0.963349
0.965966    430   0.15   0.963349
0    430   0.25   0.963349
1.8539    430   0.35   0.963349
1.70809    430   0.45   0.963349
0.500081    430   0.55   0.963349
1.56779    430   0.65   0.963349
0.473817    430   0.75   0.963349
605.323    430   0.85   0.963349
-0.0262221    430   0.95   0.963349
2.38769e-06    450   -0.95   0.957631
0.91075    450   -0.85   0.957631
0.882758    450   -0.75   0.957631
0.873639    450   -0.65   0.957631
0.954725    450   -0.55   0.957631
0.912805    450   -0.45   0.957631
0.975558    450   -0.35   0.957631
0.944087    450   -0.25   0.957631
0.902    450   -0.15   0.957631
1.0537    450   -0.05   0.957631
0.983161    450   0.05   0.957631
0.965186    450   0.15   0.957631
1.02819    450   0.25   0.957631
1.15124    450   0.35   0.957631
1.63689    450   0.45   0.957631
1.47274    450   0.55   0.957631
-2.11569    450   0.65   0.957631
0.486185    450   0.75   0.957631
1.98107    450   0.85   0.957631
0    450   0.95   0.957631
5.27257e-05    470   -0.95   0.92429
1.00633    470   -0.85   0.92429
0.858263    470   -0.75   0.92429
0.895869    470   -0.65   0.92429
0.922762    470   -0.55   0.92429
0.899033    470   -0.45   0.92429
0.935091    470   -0.35   0.92429
0.902644    470   -0.25   0.92429
0.944304    470   -0.15   0.92429
0.940379    470   -0.05   0.92429
0.9733    470   0.05   0.92429
0.956181    470   0.15   0.92429
1.18008    470   0.25   0.92429
1.37079    470   0.35   0.92429
1.76916    470   0.45   0.92429
1.99828    470   0.55   0.92429
-1.09841    470   0.65   0.92429
1.58498    470   0.75   0.92429
0.336868    470   0.85   0.92429
0    470   0.95   0.92429
1.60166e-07    490   -0.95   0.897237
0.957142    490   -0.85   0.897237
0.927333    490   -0.75   0.897237
0.896655    490   -0.65   0.897237
0.908851    490   -0.55   0.897237
0.916834    490   -0.45   0.897237
0.860843    490   -0.35   0.897237
0.894617    490   -0.25   0.897237
0.898897    490   -0.15   0.897237
0.914996    490   -0.05   0.897237
0.950514    490   0.05   0.897237
0.993206    490   0.15   0.897237
0.940047    490   0.25   0.897237
1.03112    490   0.35   0.897237
1.58449    490   0.45   0.897237
-3.98939    490   0.55   0.897237
-1.20215    490   0.65   0.897237
-0.702514    490   0.75   0.897237
1.5211    490   0.85   0.897237
0    490   0.95   0.897237
3.41181e-07    510   -0.95   0.901379
0.906061    510   -0.85   0.901379
0.925742    510   -0.75   0.901379
0.934336    510   -0.65   0.901379
0.858066    510   -0.55   0.901379
0.857912    510   -0.45   0.901379
0.880989    510   -0.35   0.901379
0.928343    510   -0.25   0.901379
0.906365    510   -0.15   0.901379
0.933286    510   -0.05   0.901379
0.890736    510   0.05   0.901379
0.940949    510   0.15   0.901379
0.966326    510   0.25   0.901379
1.27359    510   0.35   0.901379
1.09611    510   0.45   0.901379
0.991308    510   0.55   0.901379
1.01131    510   0.65   0.901379
0.637373    510   0.75   0.901379
-0.164487    510   0.85   0.901379
0    510   0.95   0.901379
2.20755e-07    530   -0.95   0.888569
0.830862    530   -0.85   0.888569
0.912499    530   -0.75   0.888569
0.873441    530   -0.65   0.888569
0.855429    530   -0.55   0.888569
0.859448    530   -0.45   0.888569
0.87515    530   -0.35   0.888569
0.887123    530   -0.25   0.888569
0.925589    530   -0.15   0.888569
0.895535    530   -0.05   0.888569
0.961479    530   0.05   0.888569
1.02113    530   0.15   0.888569
1.0409    530   0.25   0.888569
1.05492    530   0.35   0.888569
1.15974    530   0.45   0.888569
2.22445    530   0.55   0.888569
3.32286    530   0.65   0.888569
0.538442    530   0.75   0.888569
-2169.73    530   0.85   0.888569
-0.00762885    530   0.95   0.888569
1.12332e-07    550   -0.95   0.910197
0.750772    550   -0.85   0.910197
0.910307    550   -0.75   0.910197
0.85161    550   -0.65   0.910197
0.870996    550   -0.55   0.910197
0.894997    550   -0.45   0.910197
0.89847    550   -0.35   0.910197
0.916575    550   -0.25   0.910197
0.903512    550   -0.15   0.910197
0.93743    550   -0.05   0.910197
0.985423    550   0.05   0.910197
1.06028    550   0.15   0.910197
0.995691    550   0.25   0.910197
1.08503    550   0.35   0.910197
1.34365    550   0.45   0.910197
1.64471    550   0.55   0.910197
-1.58732    550   0.65   0.910197
-1.14096    550   0.75   0.910197
0.232038    550   0.85   0.910197
-0.005668    550   0.95   0.910197
7.36192e-08    570   -0.95   1.01723
0.957248    570   -0.85   1.01723
0.900792    570   -0.75   1.01723
0.89324    570   -0.65   1.01723
0.889218    570   -0.55   1.01723
0.880934    570   -0.45   1.01723
1.39547    570   -0.35   1.01723
0.911166    570   -0.25   1.01723
0.933203    570   -0.15   1.01723
0.96539    570   -0.05   1.01723
0.97986    570   0.05   1.01723
1.05934    570   0.15   1.01723
1.07415    570   0.25   1.01723
1.1555    570   0.35   1.01723
1.83579    570   0.45   1.01723
4.25758    570   0.55   1.01723
1.93992    570   0.65   1.01723
1.6337    570   0.75   1.01723
240.473    570   0.85   1.01723
-54.4543    570   0.95   1.01723
1.00579e-07    590   -0.95   0.911311
0.781062    590   -0.85   0.911311
0.855033    590   -0.75   0.911311
0.85779    590   -0.65   0.911311
0.871015    590   -0.55   0.911311
0.872938    590   -0.45   0.911311
0.893205    590   -0.35   0.911311
0.89808    590   -0.25   0.911311
0.944018    590   -0.15   0.911311
0.948314    590   -0.05   0.911311
0.990436    590   0.05   0.911311
1.03708    590   0.15   0.911311
1.06908    590   0.25   0.911311
1.29471    590   0.35   0.911311
1.68608    590   0.45   0.911311
6.88068    590   0.55   0.911311
-2.90436    590   0.65   0.911311
13.2817    590   0.75   0.911311
-0.190521    590   0.85   0.911311
0    590   0.95   0.911311
4.43771e-08    610   -0.95   0.908935
0.762195    610   -0.85   0.908935
0.79683    610   -0.75   0.908935
0.819864    610   -0.65   0.908935
0.851625    610   -0.55   0.908935
0.864902    610   -0.45   0.908935
0.885125    610   -0.35   0.908935
0.918544    610   -0.25   0.908935
0.930807    610   -0.15   0.908935
0.945296    610   -0.05   0.908935
0.982747    610   0.05   0.908935
1.05178    610   0.15   0.908935
1.08236    610   0.25   0.908935
1.17728    610   0.35   0.908935
1.28254    610   0.45   0.908935
4.17269    610   0.55   0.908935
12.5106    610   0.65   0.908935
-1.22129    610   0.75   0.908935
0.293835    610   0.85   0.908935
0    610   0.95   0.908935
2.20813e-08    630   -0.95   0.887611
0.671207    630   -0.85   0.887611
0.773123    630   -0.75   0.887611
0.809889    630   -0.65   0.887611
0.865055    630   -0.55   0.887611
0.863411    630   -0.45   0.887611
0.837607    630   -0.35   0.887611
0.889288    630   -0.25   0.887611
0.883744    630   -0.15   0.887611
0.964004    630   -0.05   0.887611
1.00144    630   0.05   0.887611
1.01125    630   0.15   0.887611
1.11198    630   0.25   0.887611
1.10829    630   0.35   0.887611
1.3363    630   0.45   0.887611
9.23378    630   0.55   0.887611
4.76915    630   0.65   0.887611
-1.44284    630   0.75   0.887611
-0.219217    630   0.85   0.887611
0    630   0.95   0.887611
