7.043e-09    0.00001    410    10    -0.95    0.05    41   41   18
0.4454    0.00001    410    10    -0.85    0.05    41   41   18
0.5638    0.00001    410    10    -0.75    0.05    41   41   18
0.6117    0.00001    410    10    -0.65    0.05    41   41   18
0.6336    0.00001    410    10    -0.55    0.05    41   41   18
0.6432    0.00001    410    10    -0.45    0.05    41   41   18
0.646    0.00001    410    10    -0.35    0.05    41   41   18
0.6444    0.00001    410    10    -0.25    0.05    41   41   18
0.6396    0.00001    410    10    -0.15    0.05    41   41   18
0.6321    0.00001    410    10    -0.05    0.05    41   41   18
0.6217    0.00001    410    10    0.05    0.05    41   41   18
0.6081    0.00001    410    10    0.15    0.05    41   41   18
0.5907    0.00001    410    10    0.25    0.05    41   41   18
0.5685    0.00001    410    10    0.35    0.05    41   41   18
0.5398    0.00001    410    10    0.45    0.05    41   41   18
0.5026    0.00001    410    10    0.55    0.05    41   41   18
0.4537    0.00001    410    10    0.65    0.05    41   41   18
0.3883    0.00001    410    10    0.75    0.05    41   41   18
0.2994    0.00001    410    10    0.85    0.05    41   41   18
0.1759    0.00001    410    10    0.95    0.05    41   41   18
1.182e-08    0.00001    430    10    -0.95    0.05    41   41   18
0.509    0.00001    430    10    -0.85    0.05    41   41   18
0.6098    0.00001    430    10    -0.75    0.05    41   41   18
0.6444    0.00001    430    10    -0.65    0.05    41   41   18
0.657    0.00001    430    10    -0.55    0.05    41   41   18
0.66    0.00001    430    10    -0.45    0.05    41   41   18
0.6579    0.00001    430    10    -0.35    0.05    41   41   18
0.6527    0.00001    430    10    -0.25    0.05    41   41   18
0.645    0.00001    430    10    -0.15    0.05    41   41   18
0.635    0.00001    430    10    -0.05    0.05    41   41   18
0.6226    0.00001    430    10    0.05    0.05    41   41   18
0.6071    0.00001    430    10    0.15    0.05    41   41   18
0.5878    0.00001    430    10    0.25    0.05    41   41   18
0.5635    0.00001    430    10    0.35    0.05    41   41   18
0.5323    0.00001    430    10    0.45    0.05    41   41   18
0.4922    0.00001    430    10    0.55    0.05    41   41   18
0.4398    0.00001    430    10    0.65    0.05    41   41   18
0.3709    0.00001    430    10    0.75    0.05    41   41   18
0.2797    0.00001    430    10    0.85    0.05    41   41   18
0.1589    0.00001    430    10    0.95    0.05    41   41   18
2.115e-08    0.00001    450    10    -0.95    0.05    41   41   18
0.5789    0.00001    450    10    -0.85    0.05    41   41   18
0.6539    0.00001    450    10    -0.75    0.05    41   41   18
0.673    0.00001    450    10    -0.65    0.05    41   41   18
0.6758    0.00001    450    10    -0.55    0.05    41   41   18
0.6721    0.00001    450    10    -0.45    0.05    41   41   18
0.6652    0.00001    450    10    -0.35    0.05    41   41   18
0.6564    0.00001    450    10    -0.25    0.05    41   41   18
0.6459    0.00001    450    10    -0.15    0.05    41   41   18
0.6337    0.00001    450    10    -0.05    0.05    41   41   18
0.6193    0.00001    450    10    0.05    0.05    41   41   18
0.602    0.00001    450    10    0.15    0.05    41   41   18
0.5807    0.00001    450    10    0.25    0.05    41   41   18
0.5541    0.00001    450    10    0.35    0.05    41   41   18
0.5203    0.00001    450    10    0.45    0.05    41   41   18
0.4769    0.00001    450    10    0.55    0.05    41   41   18
0.4208    0.00001    450    10    0.65    0.05    41   41   18
0.3484    0.00001    450    10    0.75    0.05    41   41   18
0.2555    0.00001    450    10    0.85    0.05    41   41   18
0.1392    0.00001    450    10    0.95    0.05    41   41   18
4.285e-08    0.00001    470    10    -0.95    0.05    41   41   18
0.6527    0.00001    470    10    -0.85    0.05    41   41   18
0.6946    0.00001    470    10    -0.75    0.05    41   41   18
0.6973    0.00001    470    10    -0.65    0.05    41   41   18
0.6905    0.00001    470    10    -0.55    0.05    41   41   18
0.6806    0.00001    470    10    -0.45    0.05    41   41   18
0.6694    0.00001    470    10    -0.35    0.05    41   41   18
0.6573    0.00001    470    10    -0.25    0.05    41   41   18
0.6444    0.00001    470    10    -0.15    0.05    41   41   18
0.6301    0.00001    470    10    -0.05    0.05    41   41   18
0.6138    0.00001    470    10    0.05    0.05    41   41   18
0.5946    0.00001    470    10    0.15    0.05    41   41   18
0.5713    0.00001    470    10    0.25    0.05    41   41   18
0.5423    0.00001    470    10    0.35    0.05    41   41   18
0.5056    0.00001    470    10    0.45    0.05    41   41   18
0.4587    0.00001    470    10    0.55    0.05    41   41   18
0.3987    0.00001    470    10    0.65    0.05    41   41   18
0.3226    0.00001    470    10    0.75    0.05    41   41   18
0.2285    0.00001    470    10    0.85    0.05    41   41   18
0.1181    0.00001    470    10    0.95    0.05    41   41   18
1.069e-07    0.00001    490    10    -0.95    0.05    41   41   18
0.7216    0.00001    490    10    -0.85    0.05    41   41   18
0.7288    0.00001    490    10    -0.75    0.05    41   41   18
0.7168    0.00001    490    10    -0.65    0.05    41   41   18
0.702    0.00001    490    10    -0.55    0.05    41   41   18
0.687    0.00001    490    10    -0.45    0.05    41   41   18
0.6723    0.00001    490    10    -0.35    0.05    41   41   18
0.6578    0.00001    490    10    -0.25    0.05    41   41   18
0.6428    0.00001    490    10    -0.15    0.05    41   41   18
0.6268    0.00001    490    10    -0.05    0.05    41   41   18
0.6089    0.00001    490    10    0.05    0.05    41   41   18
0.588    0.00001    490    10    0.15    0.05    41   41   18
0.5627    0.00001    490    10    0.25    0.05    41   41   18
0.5313    0.00001    490    10    0.35    0.05    41   41   18
0.4914    0.00001    490    10    0.45    0.05    41   41   18
0.4407    0.00001    490    10    0.55    0.05    41   41   18
0.3762    0.00001    490    10    0.65    0.05    41   41   18
0.2961    0.00001    490    10    0.75    0.05    41   41   18
0.2008    0.00001    490    10    0.85    0.05    41   41   18
0.09692    0.00001    490    10    0.95    0.05    41   41   18
2.911e-07    0.00001    510    10    -0.95    0.05    41   41   18
0.7686    0.00001    510    10    -0.85    0.05    41   41   18
0.7523    0.00001    510    10    -0.75    0.05    41   41   18
0.7311    0.00001    510    10    -0.65    0.05    41   41   18
0.7112    0.00001    510    10    -0.55    0.05    41   41   18
0.6931    0.00001    510    10    -0.45    0.05    41   41   18
0.6763    0.00001    510    10    -0.35    0.05    41   41   18
0.6601    0.00001    510    10    -0.25    0.05    41   41   18
0.6438    0.00001    510    10    -0.15    0.05    41   41   18
0.6266    0.00001    510    10    -0.05    0.05    41   41   18
0.6075    0.00001    510    10    0.05    0.05    41   41   18
0.5852    0.00001    510    10    0.15    0.05    41   41   18
0.5582    0.00001    510    10    0.25    0.05    41   41   18
0.5243    0.00001    510    10    0.35    0.05    41   41   18
0.4813    0.00001    510    10    0.45    0.05    41   41   18
0.4263    0.00001    510    10    0.55    0.05    41   41   18
0.3569    0.00001    510    10    0.65    0.05    41   41   18
0.2719    0.00001    510    10    0.75    0.05    41   41   18
0.1748    0.00001    510    10    0.85    0.05    41   41   18
0.07696    0.00001    510    10    0.95    0.05    41   41   18
2.408e-07    0.00001    530    10    -0.95    0.05    41   41   18
0.7747    0.00001    530    10    -0.85    0.05    41   41   18
0.7607    0.00001    530    10    -0.75    0.05    41   41   18
0.7389    0.00001    530    10    -0.65    0.05    41   41   18
0.7183    0.00001    530    10    -0.55    0.05    41   41   18
0.6997    0.00001    530    10    -0.45    0.05    41   41   18
0.6823    0.00001    530    10    -0.35    0.05    41   41   18
0.6657    0.00001    530    10    -0.25    0.05    41   41   18
0.6489    0.00001    530    10    -0.15    0.05    41   41   18
0.6312    0.00001    530    10    -0.05    0.05    41   41   18
0.6113    0.00001    530    10    0.05    0.05    41   41   18
0.588    0.00001    530    10    0.15    0.05    41   41   18
0.5594    0.00001    530    10    0.25    0.05    41   41   18
0.5233    0.00001    530    10    0.35    0.05    41   41   18
0.4771    0.00001    530    10    0.45    0.05    41   41   18
0.4176    0.00001    530    10    0.55    0.05    41   41   18
0.3425    0.00001    530    10    0.65    0.05    41   41   18
0.2517    0.00001    530    10    0.75    0.05    41   41   18
0.1515    0.00001    530    10    0.85    0.05    41   41   18
0.05853    0.00001    530    10    0.95    0.05    41   41   18
9.937e-08    0.00001    550    10    -0.95    0.05    41   41   18
0.7347    0.00001    550    10    -0.85    0.05    41   41   18
0.7519    0.00001    550    10    -0.75    0.05    41   41   18
0.7396    0.00001    550    10    -0.65    0.05    41   41   18
0.7232    0.00001    550    10    -0.55    0.05    41   41   18
0.7067    0.00001    550    10    -0.45    0.05    41   41   18
0.6906    0.00001    550    10    -0.35    0.05    41   41   18
0.6748    0.00001    550    10    -0.25    0.05    41   41   18
0.6585    0.00001    550    10    -0.15    0.05    41   41   18
0.6409    0.00001    550    10    -0.05    0.05    41   41   18
0.6209    0.00001    550    10    0.05    0.05    41   41   18
0.5971    0.00001    550    10    0.15    0.05    41   41   18
0.5675    0.00001    550    10    0.25    0.05    41   41   18
0.5297    0.00001    550    10    0.35    0.05    41   41   18
0.4804    0.00001    550    10    0.45    0.05    41   41   18
0.4164    0.00001    550    10    0.55    0.05    41   41   18
0.335    0.00001    550    10    0.65    0.05    41   41   18
0.2373    0.00001    550    10    0.75    0.05    41   41   18
0.1324    0.00001    550    10    0.85    0.05    41   41   18
0.0425    0.00001    550    10    0.95    0.05    41   41   18
5.056e-08    0.00001    570    10    -0.95    0.05    41   41   18
0.6607    0.00001    570    10    -0.85    0.05    41   41   18
0.7275    0.00001    570    10    -0.75    0.05    41   41   18
0.7333    0.00001    570    10    -0.65    0.05    41   41   18
0.7254    0.00001    570    10    -0.55    0.05    41   41   18
0.7136    0.00001    570    10    -0.45    0.05    41   41   18
0.7004    0.00001    570    10    -0.35    0.05    41   41   18
0.6865    0.00001    570    10    -0.25    0.05    41   41   18
0.6715    0.00001    570    10    -0.15    0.05    41   41   18
0.6548    0.00001    570    10    -0.05    0.05    41   41   18
0.6353    0.00001    570    10    0.05    0.05    41   41   18
0.6116    0.00001    570    10    0.15    0.05    41   41   18
0.5816    0.00001    570    10    0.25    0.05    41   41   18
0.5424    0.00001    570    10    0.35    0.05    41   41   18
0.4907    0.00001    570    10    0.45    0.05    41   41   18
0.4224    0.00001    570    10    0.55    0.05    41   41   18
0.3349    0.00001    570    10    0.65    0.05    41   41   18
0.2297    0.00001    570    10    0.75    0.05    41   41   18
0.1189    0.00001    570    10    0.85    0.05    41   41   18
0.02994    0.00001    570    10    0.95    0.05    41   41   18
3.111e-08    0.00001    590    10    -0.95    0.05    41   41   18
0.5722    0.00001    590    10    -0.85    0.05    41   41   18
0.6915    0.00001    590    10    -0.75    0.05    41   41   18
0.7211    0.00001    590    10    -0.65    0.05    41   41   18
0.7253    0.00001    590    10    -0.55    0.05    41   41   18
0.7204    0.00001    590    10    -0.45    0.05    41   41   18
0.7116    0.00001    590    10    -0.35    0.05    41   41   18
0.7006    0.00001    590    10    -0.25    0.05    41   41   18
0.6878    0.00001    590    10    -0.15    0.05    41   41   18
0.6727    0.00001    590    10    -0.05    0.05    41   41   18
0.6546    0.00001    590    10    0.05    0.05    41   41   18
0.6318    0.00001    590    10    0.15    0.05    41   41   18
0.6022    0.00001    590    10    0.25    0.05    41   41   18
0.5629    0.00001    590    10    0.35    0.05    41   41   18
0.5099    0.00001    590    10    0.45    0.05    41   41   18
0.4389    0.00001    590    10    0.55    0.05    41   41   18
0.3466    0.00001    590    10    0.65    0.05    41   41   18
0.2348    0.00001    590    10    0.75    0.05    41   41   18
0.1174    0.00001    590    10    0.85    0.05    41   41   18
0.02552    0.00001    590    10    0.95    0.05    41   41   18
2.146e-08    0.00001    610    10    -0.95    0.05    41   41   18
0.4849    0.00001    610    10    -0.85    0.05    41   41   18
0.6491    0.00001    610    10    -0.75    0.05    41   41   18
0.7055    0.00001    610    10    -0.65    0.05    41   41   18
0.7244    0.00001    610    10    -0.55    0.05    41   41   18
0.7281    0.00001    610    10    -0.45    0.05    41   41   18
0.7249    0.00001    610    10    -0.35    0.05    41   41   18
0.7179    0.00001    610    10    -0.25    0.05    41   41   18
0.708    0.00001    610    10    -0.15    0.05    41   41   18
0.6955    0.00001    610    10    -0.05    0.05    41   41   18
0.6795    0.00001    610    10    0.05    0.05    41   41   18
0.6588    0.00001    610    10    0.15    0.05    41   41   18
0.6312    0.00001    610    10    0.25    0.05    41   41   18
0.5935    0.00001    610    10    0.35    0.05    41   41   18
0.5416    0.00001    610    10    0.45    0.05    41   41   18
0.4708    0.00001    610    10    0.55    0.05    41   41   18
0.3772    0.00001    610    10    0.65    0.05    41   41   18
0.2619    0.00001    610    10    0.75    0.05    41   41   18
0.1383    0.00001    610    10    0.85    0.05    41   41   18
0.03716    0.00001    610    10    0.95    0.05    41   41   18
1.593e-08    0.00001    630    10    -0.95    0.05    41   41   18
0.409    0.00001    630    10    -0.85    0.05    41   41   18
0.6062    0.00001    630    10    -0.75    0.05    41   41   18
0.6894    0.00001    630    10    -0.65    0.05    41   41   18
0.7243    0.00001    630    10    -0.55    0.05    41   41   18
0.7379    0.00001    630    10    -0.45    0.05    41   41   18
0.7413    0.00001    630    10    -0.35    0.05    41   41   18
0.7391    0.00001    630    10    -0.25    0.05    41   41   18
0.7332    0.00001    630    10    -0.15    0.05    41   41   18
0.7241    0.00001    630    10    -0.05    0.05    41   41   18
0.7115    0.00001    630    10    0.05    0.05    41   41   18
0.6944    0.00001    630    10    0.15    0.05    41   41   18
0.6706    0.00001    630    10    0.25    0.05    41   41   18
0.6372    0.00001    630    10    0.35    0.05    41   41   18
0.59    0.00001    630    10    0.45    0.05    41   41   18
0.5241    0.00001    630    10    0.55    0.05    41   41   18
0.435    0.00001    630    10    0.65    0.05    41   41   18
0.3221    0.00001    630    10    0.75    0.05    41   41   18
0.1944    0.00001    630    10    0.85    0.05    41   41   18
0.07535    0.00001    630    10    0.95    0.05    41   41   18
1.234e-08    0.00001    650    10    -0.95    0.05    41   41   18
0.3483    0.00001    650    10    -0.85    0.05    41   41   18
0.5665    0.00001    650    10    -0.75    0.05    41   41   18
0.6743    0.00001    650    10    -0.65    0.05    41   41   18
0.7258    0.00001    650    10    -0.55    0.05    41   41   18
0.7502    0.00001    650    10    -0.45    0.05    41   41   18
0.761    0.00001    650    10    -0.35    0.05    41   41   18
0.7644    0.00001    650    10    -0.25    0.05    41   41   18
0.7634    0.00001    650    10    -0.15    0.05    41   41   18
0.7589    0.00001    650    10    -0.05    0.05    41   41   18
0.7512    0.00001    650    10    0.05    0.05    41   41   18
0.7394    0.00001    650    10    0.15    0.05    41   41   18
0.7218    0.00001    650    10    0.25    0.05    41   41   18
0.6958    0.00001    650    10    0.35    0.05    41   41   18
0.6576    0.00001    650    10    0.45    0.05    41   41   18
0.602    0.00001    650    10    0.55    0.05    41   41   18
0.5241    0.00001    650    10    0.65    0.05    41   41   18
0.4204    0.00001    650    10    0.75    0.05    41   41   18
0.2925    0.00001    650    10    0.85    0.05    41   41   18
0.1485    0.00001    650    10    0.95    0.05    41   41   18
9.783e-09    0.00001    670    10    -0.95    0.05    41   41   0
0.3046    0.00001    670    10    -0.85    0.05    41   41   0
0.5326    0.00001    670    10    -0.75    0.05    41   41   0
0.6601    0.00001    670    10    -0.65    0.05    41   41   0
0.727    0.00001    670    10    -0.55    0.05    41   41   0
0.7624    0.00001    670    10    -0.45    0.05    41   41   0
0.7814    0.00001    670    10    -0.35    0.05    41   41   0
0.7913    0.00001    670    10    -0.25    0.05    41   41   0
0.796    0.00001    670    10    -0.15    0.05    41   41   0
0.7972    0.00001    670    10    -0.05    0.05    41   41   0
0.7955    0.00001    670    10    0.05    0.05    41   41   0
0.7906    0.00001    670    10    0.15    0.05    41   41   0
0.7812    0.00001    670    10    0.25    0.05    41   41   0
0.7651    0.00001    670    10    0.35    0.05    41   41   0
0.7387    0.00001    670    10    0.45    0.05    41   41   0
0.6974    0.00001    670    10    0.55    0.05    41   41   0
0.6354    0.00001    670    10    0.65    0.05    41   41   0
0.5464    0.00001    670    10    0.75    0.05    41   41   0
0.4237    0.00001    670    10    0.85    0.05    41   41   0
0.2551    0.00001    670    10    0.95    0.05    41   41   0
7.72e-09    0.00001    690    10    -0.95    0.05    41   41   0
0.2757    0.00001    690    10    -0.85    0.05    41   41   0
0.5019    0.00001    690    10    -0.75    0.05    41   41   0
0.6416    0.00001    690    10    -0.65    0.05    41   41   0
0.7217    0.00001    690    10    -0.55    0.05    41   41   0
0.7679    0.00001    690    10    -0.45    0.05    41   41   0
0.7957    0.00001    690    10    -0.35    0.05    41   41   0
0.8131    0.00001    690    10    -0.25    0.05    41   41   0
0.8246    0.00001    690    10    -0.15    0.05    41   41   0
0.8326    0.00001    690    10    -0.05    0.05    41   41   0
0.8381    0.00001    690    10    0.05    0.05    41   41   0
0.8411    0.00001    690    10    0.15    0.05    41   41   0
0.8408    0.00001    690    10    0.25    0.05    41   41   0
0.8355    0.00001    690    10    0.35    0.05    41   41   0
0.822    0.00001    690    10    0.45    0.05    41   41   0
0.7957    0.00001    690    10    0.55    0.05    41   41   0
0.7505    0.00001    690    10    0.65    0.05    41   41   0
0.678    0.00001    690    10    0.75    0.05    41   41   0
0.5648    0.00001    690    10    0.85    0.05    41   41   0
0.3795    0.00001    690    10    0.95    0.05    41   41   0
5.528e-09    0.00001    710    10    -0.95    0.05    41   41   0
0.2541    0.00001    710    10    -0.85    0.05    41   41   0
0.4685    0.00001    710    10    -0.75    0.05    41   41   0
0.6135    0.00001    710    10    -0.65    0.05    41   41   0
0.7048    0.00001    710    10    -0.55    0.05    41   41   0
0.7624    0.00001    710    10    -0.45    0.05    41   41   0
0.7998    0.00001    710    10    -0.35    0.05    41   41   0
0.8255    0.00001    710    10    -0.25    0.05    41   41   0
0.8441    0.00001    710    10    -0.15    0.05    41   41   0
0.8585    0.00001    710    10    -0.05    0.05    41   41   0
0.8702    0.00001    710    10    0.05    0.05    41   41   0
0.8794    0.00001    710    10    0.15    0.05    41   41   0
0.8858    0.00001    710    10    0.25    0.05    41   41   0
0.8877    0.00001    710    10    0.35    0.05    41   41   0
0.8824    0.00001    710    10    0.45    0.05    41   41   0
0.8654    0.00001    710    10    0.55    0.05    41   41   0
0.8303    0.00001    710    10    0.65    0.05    41   41   0
0.7676    0.00001    710    10    0.75    0.05    41   41   0
0.6607    0.00001    710    10    0.85    0.05    41   41   0
0.4669    0.00001    710    10    0.95    0.05    41   41   0
7.043e-09    0.00001    410    10    -0.95    0.05    
0.4454    0.00001    410    10    -0.85    0.05    
0.5638    0.00001    410    10    -0.75    0.05    
0.6117    0.00001    410    10    -0.65    0.05    
0.6336    0.00001    410    10    -0.55    0.05    
0.6432    0.00001    410    10    -0.45    0.05    
0.646    0.00001    410    10    -0.35    0.05    
0.6444    0.00001    410    10    -0.25    0.05    
0.6396    0.00001    410    10    -0.15    0.05    
0.6321    0.00001    410    10    -0.05    0.05    
0.6217    0.00001    410    10    0.05    0.05    
0.6081    0.00001    410    10    0.15    0.05    
0.5907    0.00001    410    10    0.25    0.05    
0.5685    0.00001    410    10    0.35    0.05    
0.5398    0.00001    410    10    0.45    0.05    
0.5026    0.00001    410    10    0.55    0.05    
0.4537    0.00001    410    10    0.65    0.05    
0.3883    0.00001    410    10    0.75    0.05    
0.2994    0.00001    410    10    0.85    0.05    
0.1759    0.00001    410    10    0.95    0.05    
1.182e-08    0.00001    430    10    -0.95    0.05    
0.509    0.00001    430    10    -0.85    0.05    
0.6098    0.00001    430    10    -0.75    0.05    
0.6444    0.00001    430    10    -0.65    0.05    
0.657    0.00001    430    10    -0.55    0.05    
0.66    0.00001    430    10    -0.45    0.05    
0.6579    0.00001    430    10    -0.35    0.05    
0.6527    0.00001    430    10    -0.25    0.05    
0.645    0.00001    430    10    -0.15    0.05    
0.635    0.00001    430    10    -0.05    0.05    
0.6226    0.00001    430    10    0.05    0.05    
0.6071    0.00001    430    10    0.15    0.05    
0.5878    0.00001    430    10    0.25    0.05    
0.5635    0.00001    430    10    0.35    0.05    
0.5323    0.00001    430    10    0.45    0.05    
0.4922    0.00001    430    10    0.55    0.05    
0.4398    0.00001    430    10    0.65    0.05    
0.3709    0.00001    430    10    0.75    0.05    
0.2797    0.00001    430    10    0.85    0.05    
0.1589    0.00001    430    10    0.95    0.05    
2.115e-08    0.00001    450    10    -0.95    0.05    
0.5789    0.00001    450    10    -0.85    0.05    
0.6539    0.00001    450    10    -0.75    0.05    
0.673    0.00001    450    10    -0.65    0.05    
0.6758    0.00001    450    10    -0.55    0.05    
0.6721    0.00001    450    10    -0.45    0.05    
0.6652    0.00001    450    10    -0.35    0.05    
0.6564    0.00001    450    10    -0.25    0.05    
0.6459    0.00001    450    10    -0.15    0.05    
0.6337    0.00001    450    10    -0.05    0.05    
0.6193    0.00001    450    10    0.05    0.05    
0.602    0.00001    450    10    0.15    0.05    
0.5807    0.00001    450    10    0.25    0.05    
0.5541    0.00001    450    10    0.35    0.05    
0.5203    0.00001    450    10    0.45    0.05    
0.4769    0.00001    450    10    0.55    0.05    
0.4208    0.00001    450    10    0.65    0.05    
0.3484    0.00001    450    10    0.75    0.05    
0.2555    0.00001    450    10    0.85    0.05    
0.1392    0.00001    450    10    0.95    0.05    
4.285e-08    0.00001    470    10    -0.95    0.05    
0.6527    0.00001    470    10    -0.85    0.05    
0.6946    0.00001    470    10    -0.75    0.05    
0.6973    0.00001    470    10    -0.65    0.05    
0.6905    0.00001    470    10    -0.55    0.05    
0.6806    0.00001    470    10    -0.45    0.05    
0.6694    0.00001    470    10    -0.35    0.05    
0.6573    0.00001    470    10    -0.25    0.05    
0.6444    0.00001    470    10    -0.15    0.05    
0.6301    0.00001    470    10    -0.05    0.05    
0.6138    0.00001    470    10    0.05    0.05    
0.5946    0.00001    470    10    0.15    0.05    
0.5713    0.00001    470    10    0.25    0.05    
0.5423    0.00001    470    10    0.35    0.05    
0.5056    0.00001    470    10    0.45    0.05    
0.4587    0.00001    470    10    0.55    0.05    
0.3987    0.00001    470    10    0.65    0.05    
0.3226    0.00001    470    10    0.75    0.05    
0.2285    0.00001    470    10    0.85    0.05    
0.1181    0.00001    470    10    0.95    0.05    
1.069e-07    0.00001    490    10    -0.95    0.05    
0.7216    0.00001    490    10    -0.85    0.05    
0.7288    0.00001    490    10    -0.75    0.05    
0.7168    0.00001    490    10    -0.65    0.05    
0.702    0.00001    490    10    -0.55    0.05    
0.687    0.00001    490    10    -0.45    0.05    
0.6723    0.00001    490    10    -0.35    0.05    
0.6578    0.00001    490    10    -0.25    0.05    
0.6428    0.00001    490    10    -0.15    0.05    
0.6268    0.00001    490    10    -0.05    0.05    
0.6089    0.00001    490    10    0.05    0.05    
0.588    0.00001    490    10    0.15    0.05    
0.5627    0.00001    490    10    0.25    0.05    
0.5313    0.00001    490    10    0.35    0.05    
0.4914    0.00001    490    10    0.45    0.05    
0.4407    0.00001    490    10    0.55    0.05    
0.3762    0.00001    490    10    0.65    0.05    
0.2961    0.00001    490    10    0.75    0.05    
0.2008    0.00001    490    10    0.85    0.05    
0.09692    0.00001    490    10    0.95    0.05    
2.911e-07    0.00001    510    10    -0.95    0.05    
0.7686    0.00001    510    10    -0.85    0.05    
0.7523    0.00001    510    10    -0.75    0.05    
0.7311    0.00001    510    10    -0.65    0.05    
0.7112    0.00001    510    10    -0.55    0.05    
0.6931    0.00001    510    10    -0.45    0.05    
0.6763    0.00001    510    10    -0.35    0.05    
0.6601    0.00001    510    10    -0.25    0.05    
0.6438    0.00001    510    10    -0.15    0.05    
0.6266    0.00001    510    10    -0.05    0.05    
0.6075    0.00001    510    10    0.05    0.05    
0.5852    0.00001    510    10    0.15    0.05    
0.5582    0.00001    510    10    0.25    0.05    
0.5243    0.00001    510    10    0.35    0.05    
0.4813    0.00001    510    10    0.45    0.05    
0.4263    0.00001    510    10    0.55    0.05    
0.3569    0.00001    510    10    0.65    0.05    
0.2719    0.00001    510    10    0.75    0.05    
0.1748    0.00001    510    10    0.85    0.05    
0.07696    0.00001    510    10    0.95    0.05    
2.408e-07    0.00001    530    10    -0.95    0.05    
0.7747    0.00001    530    10    -0.85    0.05    
0.7607    0.00001    530    10    -0.75    0.05    
0.7389    0.00001    530    10    -0.65    0.05    
0.7183    0.00001    530    10    -0.55    0.05    
0.6997    0.00001    530    10    -0.45    0.05    
0.6823    0.00001    530    10    -0.35    0.05    
0.6657    0.00001    530    10    -0.25    0.05    
0.6489    0.00001    530    10    -0.15    0.05    
0.6312    0.00001    530    10    -0.05    0.05    
0.6113    0.00001    530    10    0.05    0.05    
0.588    0.00001    530    10    0.15    0.05    
0.5594    0.00001    530    10    0.25    0.05    
0.5233    0.00001    530    10    0.35    0.05    
0.4771    0.00001    530    10    0.45    0.05    
0.4176    0.00001    530    10    0.55    0.05    
0.3425    0.00001    530    10    0.65    0.05    
0.2517    0.00001    530    10    0.75    0.05    
0.1515    0.00001    530    10    0.85    0.05    
0.05853    0.00001    530    10    0.95    0.05    
9.937e-08    0.00001    550    10    -0.95    0.05    
0.7347    0.00001    550    10    -0.85    0.05    
0.7519    0.00001    550    10    -0.75    0.05    
0.7396    0.00001    550    10    -0.65    0.05    
0.7232    0.00001    550    10    -0.55    0.05    
0.7067    0.00001    550    10    -0.45    0.05    
0.6906    0.00001    550    10    -0.35    0.05    
0.6748    0.00001    550    10    -0.25    0.05    
0.6585    0.00001    550    10    -0.15    0.05    
0.6409    0.00001    550    10    -0.05    0.05    
0.6209    0.00001    550    10    0.05    0.05    
0.5971    0.00001    550    10    0.15    0.05    
0.5675    0.00001    550    10    0.25    0.05    
0.5297    0.00001    550    10    0.35    0.05    
0.4804    0.00001    550    10    0.45    0.05    
0.4164    0.00001    550    10    0.55    0.05    
0.335    0.00001    550    10    0.65    0.05    
0.2373    0.00001    550    10    0.75    0.05    
0.1324    0.00001    550    10    0.85    0.05    
0.0425    0.00001    550    10    0.95    0.05    
5.056e-08    0.00001    570    10    -0.95    0.05    
0.6607    0.00001    570    10    -0.85    0.05    
0.7275    0.00001    570    10    -0.75    0.05    
0.7333    0.00001    570    10    -0.65    0.05    
0.7254    0.00001    570    10    -0.55    0.05    
0.7136    0.00001    570    10    -0.45    0.05    
0.7004    0.00001    570    10    -0.35    0.05    
0.6865    0.00001    570    10    -0.25    0.05    
0.6715    0.00001    570    10    -0.15    0.05    
0.6548    0.00001    570    10    -0.05    0.05    
0.6353    0.00001    570    10    0.05    0.05    
0.6116    0.00001    570    10    0.15    0.05    
0.5816    0.00001    570    10    0.25    0.05    
0.5424    0.00001    570    10    0.35    0.05    
0.4907    0.00001    570    10    0.45    0.05    
0.4224    0.00001    570    10    0.55    0.05    
0.3349    0.00001    570    10    0.65    0.05    
0.2297    0.00001    570    10    0.75    0.05    
0.1189    0.00001    570    10    0.85    0.05    
0.02994    0.00001    570    10    0.95    0.05    
3.111e-08    0.00001    590    10    -0.95    0.05    
0.5722    0.00001    590    10    -0.85    0.05    
0.6915    0.00001    590    10    -0.75    0.05    
0.7211    0.00001    590    10    -0.65    0.05    
0.7253    0.00001    590    10    -0.55    0.05    
0.7204    0.00001    590    10    -0.45    0.05    
0.7116    0.00001    590    10    -0.35    0.05    
0.7006    0.00001    590    10    -0.25    0.05    
0.6878    0.00001    590    10    -0.15    0.05    
0.6727    0.00001    590    10    -0.05    0.05    
0.6546    0.00001    590    10    0.05    0.05    
0.6318    0.00001    590    10    0.15    0.05    
0.6022    0.00001    590    10    0.25    0.05    
0.5629    0.00001    590    10    0.35    0.05    
0.5099    0.00001    590    10    0.45    0.05    
0.4389    0.00001    590    10    0.55    0.05    
0.3466    0.00001    590    10    0.65    0.05    
0.2348    0.00001    590    10    0.75    0.05    
0.1174    0.00001    590    10    0.85    0.05    
0.02552    0.00001    590    10    0.95    0.05    
2.146e-08    0.00001    610    10    -0.95    0.05    
0.4849    0.00001    610    10    -0.85    0.05    
0.6491    0.00001    610    10    -0.75    0.05    
0.7055    0.00001    610    10    -0.65    0.05    
0.7244    0.00001    610    10    -0.55    0.05    
0.7281    0.00001    610    10    -0.45    0.05    
0.7249    0.00001    610    10    -0.35    0.05    
0.7179    0.00001    610    10    -0.25    0.05    
0.708    0.00001    610    10    -0.15    0.05    
0.6955    0.00001    610    10    -0.05    0.05    
0.6795    0.00001    610    10    0.05    0.05    
0.6588    0.00001    610    10    0.15    0.05    
0.6312    0.00001    610    10    0.25    0.05    
0.5935    0.00001    610    10    0.35    0.05    
0.5416    0.00001    610    10    0.45    0.05    
0.4708    0.00001    610    10    0.55    0.05    
0.3772    0.00001    610    10    0.65    0.05    
0.2619    0.00001    610    10    0.75    0.05    
0.1383    0.00001    610    10    0.85    0.05    
0.03716    0.00001    610    10    0.95    0.05    
1.593e-08    0.00001    630    10    -0.95    0.05    
0.409    0.00001    630    10    -0.85    0.05    
0.6062    0.00001    630    10    -0.75    0.05    
0.6894    0.00001    630    10    -0.65    0.05    
0.7243    0.00001    630    10    -0.55    0.05    
0.7379    0.00001    630    10    -0.45    0.05    
0.7413    0.00001    630    10    -0.35    0.05    
0.7391    0.00001    630    10    -0.25    0.05    
0.7332    0.00001    630    10    -0.15    0.05    
0.7241    0.00001    630    10    -0.05    0.05    
0.7115    0.00001    630    10    0.05    0.05    
0.6944    0.00001    630    10    0.15    0.05    
0.6706    0.00001    630    10    0.25    0.05    
0.6372    0.00001    630    10    0.35    0.05    
0.59    0.00001    630    10    0.45    0.05    
0.5241    0.00001    630    10    0.55    0.05    
0.435    0.00001    630    10    0.65    0.05    
0.3221    0.00001    630    10    0.75    0.05    
0.1944    0.00001    630    10    0.85    0.05    
0.07535    0.00001    630    10    0.95    0.05    
1.234e-08    0.00001    650    10    -0.95    0.05    
0.3483    0.00001    650    10    -0.85    0.05    
0.5665    0.00001    650    10    -0.75    0.05    
0.6743    0.00001    650    10    -0.65    0.05    
0.7258    0.00001    650    10    -0.55    0.05    
0.7502    0.00001    650    10    -0.45    0.05    
0.761    0.00001    650    10    -0.35    0.05    
0.7644    0.00001    650    10    -0.25    0.05    
0.7634    0.00001    650    10    -0.15    0.05    
0.7589    0.00001    650    10    -0.05    0.05    
0.7512    0.00001    650    10    0.05    0.05    
0.7394    0.00001    650    10    0.15    0.05    
0.7218    0.00001    650    10    0.25    0.05    
0.6958    0.00001    650    10    0.35    0.05    
0.6576    0.00001    650    10    0.45    0.05    
0.602    0.00001    650    10    0.55    0.05    
0.5241    0.00001    650    10    0.65    0.05    
0.4204    0.00001    650    10    0.75    0.05    
0.2925    0.00001    650    10    0.85    0.05    
0.1485    0.00001    650    10    0.95    0.05    
9.783e-09    0.00001    670    10    -0.95    0.05    
0.3046    0.00001    670    10    -0.85    0.05    
0.5326    0.00001    670    10    -0.75    0.05    
0.6601    0.00001    670    10    -0.65    0.05    
0.727    0.00001    670    10    -0.55    0.05    
0.7624    0.00001    670    10    -0.45    0.05    
0.7814    0.00001    670    10    -0.35    0.05    
0.7913    0.00001    670    10    -0.25    0.05    
0.796    0.00001    670    10    -0.15    0.05    
0.7972    0.00001    670    10    -0.05    0.05    
0.7955    0.00001    670    10    0.05    0.05    
0.7906    0.00001    670    10    0.15    0.05    
0.7812    0.00001    670    10    0.25    0.05    
0.7651    0.00001    670    10    0.35    0.05    
0.7387    0.00001    670    10    0.45    0.05    
0.6974    0.00001    670    10    0.55    0.05    
0.6354    0.00001    670    10    0.65    0.05    
0.5464    0.00001    670    10    0.75    0.05    
0.4237    0.00001    670    10    0.85    0.05    
0.2551    0.00001    670    10    0.95    0.05    
7.72e-09    0.00001    690    10    -0.95    0.05    
0.2757    0.00001    690    10    -0.85    0.05    
0.5019    0.00001    690    10    -0.75    0.05    
0.6416    0.00001    690    10    -0.65    0.05    
0.7217    0.00001    690    10    -0.55    0.05    
0.7679    0.00001    690    10    -0.45    0.05    
0.7957    0.00001    690    10    -0.35    0.05    
0.8131    0.00001    690    10    -0.25    0.05    
0.8246    0.00001    690    10    -0.15    0.05    
0.8326    0.00001    690    10    -0.05    0.05    
0.8381    0.00001    690    10    0.05    0.05    
0.8411    0.00001    690    10    0.15    0.05    
0.8408    0.00001    690    10    0.25    0.05    
0.8355    0.00001    690    10    0.35    0.05    
0.822    0.00001    690    10    0.45    0.05    
0.7957    0.00001    690    10    0.55    0.05    
0.7505    0.00001    690    10    0.65    0.05    
0.678    0.00001    690    10    0.75    0.05    
0.5648    0.00001    690    10    0.85    0.05    
0.3795    0.00001    690    10    0.95    0.05    
5.528e-09    0.00001    710    10    -0.95    0.05    
0.2541    0.00001    710    10    -0.85    0.05    
0.4685    0.00001    710    10    -0.75    0.05    
0.6135    0.00001    710    10    -0.65    0.05    
0.7048    0.00001    710    10    -0.55    0.05    
0.7624    0.00001    710    10    -0.45    0.05    
0.7998    0.00001    710    10    -0.35    0.05    
0.8255    0.00001    710    10    -0.25    0.05    
0.8441    0.00001    710    10    -0.15    0.05    
0.8585    0.00001    710    10    -0.05    0.05    
0.8702    0.00001    710    10    0.05    0.05    
0.8794    0.00001    710    10    0.15    0.05    
0.8858    0.00001    710    10    0.25    0.05    
0.8877    0.00001    710    10    0.35    0.05    
0.8824    0.00001    710    10    0.45    0.05    
0.8654    0.00001    710    10    0.55    0.05    
0.8303    0.00001    710    10    0.65    0.05    
0.7676    0.00001    710    10    0.75    0.05    
0.6607    0.00001    710    10    0.85    0.05    
0.4669    0.00001    710    10    0.95    0.05    
7.043e-09    0.00001    410    10    -0.95    0.05    
0.4454    0.00001    410    10    -0.85    0.05    
0.5638    0.00001    410    10    -0.75    0.05    
0.6117    0.00001    410    10    -0.65    0.05    
0.6336    0.00001    410    10    -0.55    0.05    
0.6432    0.00001    410    10    -0.45    0.05    
0.646    0.00001    410    10    -0.35    0.05    
0.6444    0.00001    410    10    -0.25    0.05    
0.6396    0.00001    410    10    -0.15    0.05    
0.6321    0.00001    410    10    -0.05    0.05    
0.6217    0.00001    410    10    0.05    0.05    
0.6081    0.00001    410    10    0.15    0.05    
0.5907    0.00001    410    10    0.25    0.05    
0.5685    0.00001    410    10    0.35    0.05    
0.5398    0.00001    410    10    0.45    0.05    
0.5026    0.00001    410    10    0.55    0.05    
0.4537    0.00001    410    10    0.65    0.05    
0.3883    0.00001    410    10    0.75    0.05    
0.2994    0.00001    410    10    0.85    0.05    
0.1759    0.00001    410    10    0.95    0.05    
1.182e-08    0.00001    430    10    -0.95    0.05    
0.509    0.00001    430    10    -0.85    0.05    
0.6098    0.00001    430    10    -0.75    0.05    
0.6444    0.00001    430    10    -0.65    0.05    
0.657    0.00001    430    10    -0.55    0.05    
0.66    0.00001    430    10    -0.45    0.05    
0.6579    0.00001    430    10    -0.35    0.05    
0.6527    0.00001    430    10    -0.25    0.05    
0.645    0.00001    430    10    -0.15    0.05    
0.635    0.00001    430    10    -0.05    0.05    
0.6226    0.00001    430    10    0.05    0.05    
0.6071    0.00001    430    10    0.15    0.05    
0.5878    0.00001    430    10    0.25    0.05    
0.5635    0.00001    430    10    0.35    0.05    
0.5323    0.00001    430    10    0.45    0.05    
0.4922    0.00001    430    10    0.55    0.05    
0.4398    0.00001    430    10    0.65    0.05    
0.3709    0.00001    430    10    0.75    0.05    
0.2797    0.00001    430    10    0.85    0.05    
0.1589    0.00001    430    10    0.95    0.05    
2.115e-08    0.00001    450    10    -0.95    0.05    
0.5789    0.00001    450    10    -0.85    0.05    
0.6539    0.00001    450    10    -0.75    0.05    
0.673    0.00001    450    10    -0.65    0.05    
0.6758    0.00001    450    10    -0.55    0.05    
0.6721    0.00001    450    10    -0.45    0.05    
0.6652    0.00001    450    10    -0.35    0.05    
0.6564    0.00001    450    10    -0.25    0.05    
0.6459    0.00001    450    10    -0.15    0.05    
0.6337    0.00001    450    10    -0.05    0.05    
0.6193    0.00001    450    10    0.05    0.05    
0.602    0.00001    450    10    0.15    0.05    
0.5807    0.00001    450    10    0.25    0.05    
0.5541    0.00001    450    10    0.35    0.05    
0.5203    0.00001    450    10    0.45    0.05    
0.4769    0.00001    450    10    0.55    0.05    
0.4208    0.00001    450    10    0.65    0.05    
0.3484    0.00001    450    10    0.75    0.05    
0.2555    0.00001    450    10    0.85    0.05    
0.1392    0.00001    450    10    0.95    0.05    
4.285e-08    0.00001    470    10    -0.95    0.05    
0.6527    0.00001    470    10    -0.85    0.05    
0.6946    0.00001    470    10    -0.75    0.05    
0.6973    0.00001    470    10    -0.65    0.05    
0.6905    0.00001    470    10    -0.55    0.05    
0.6806    0.00001    470    10    -0.45    0.05    
0.6694    0.00001    470    10    -0.35    0.05    
0.6573    0.00001    470    10    -0.25    0.05    
0.6444    0.00001    470    10    -0.15    0.05    
0.6301    0.00001    470    10    -0.05    0.05    
0.6138    0.00001    470    10    0.05    0.05    
0.5946    0.00001    470    10    0.15    0.05    
0.5713    0.00001    470    10    0.25    0.05    
0.5423    0.00001    470    10    0.35    0.05    
0.5056    0.00001    470    10    0.45    0.05    
0.4587    0.00001    470    10    0.55    0.05    
0.3987    0.00001    470    10    0.65    0.05    
0.3226    0.00001    470    10    0.75    0.05    
0.2285    0.00001    470    10    0.85    0.05    
0.1181    0.00001    470    10    0.95    0.05    
1.069e-07    0.00001    490    10    -0.95    0.05    
0.7216    0.00001    490    10    -0.85    0.05    
0.7288    0.00001    490    10    -0.75    0.05    
0.7168    0.00001    490    10    -0.65    0.05    
0.702    0.00001    490    10    -0.55    0.05    
0.687    0.00001    490    10    -0.45    0.05    
0.6723    0.00001    490    10    -0.35    0.05    
0.6578    0.00001    490    10    -0.25    0.05    
0.6428    0.00001    490    10    -0.15    0.05    
0.6268    0.00001    490    10    -0.05    0.05    
0.6089    0.00001    490    10    0.05    0.05    
0.588    0.00001    490    10    0.15    0.05    
0.5627    0.00001    490    10    0.25    0.05    
0.5313    0.00001    490    10    0.35    0.05    
0.4914    0.00001    490    10    0.45    0.05    
0.4407    0.00001    490    10    0.55    0.05    
0.3762    0.00001    490    10    0.65    0.05    
0.2961    0.00001    490    10    0.75    0.05    
0.2008    0.00001    490    10    0.85    0.05    
0.09692    0.00001    490    10    0.95    0.05    
2.911e-07    0.00001    510    10    -0.95    0.05    
0.7686    0.00001    510    10    -0.85    0.05    
0.7523    0.00001    510    10    -0.75    0.05    
0.7311    0.00001    510    10    -0.65    0.05    
0.7112    0.00001    510    10    -0.55    0.05    
0.6931    0.00001    510    10    -0.45    0.05    
0.6763    0.00001    510    10    -0.35    0.05    
0.6601    0.00001    510    10    -0.25    0.05    
0.6438    0.00001    510    10    -0.15    0.05    
0.6266    0.00001    510    10    -0.05    0.05    
0.6075    0.00001    510    10    0.05    0.05    
0.5852    0.00001    510    10    0.15    0.05    
0.5582    0.00001    510    10    0.25    0.05    
0.5243    0.00001    510    10    0.35    0.05    
0.4813    0.00001    510    10    0.45    0.05    
0.4263    0.00001    510    10    0.55    0.05    
0.3569    0.00001    510    10    0.65    0.05    
0.2719    0.00001    510    10    0.75    0.05    
0.1748    0.00001    510    10    0.85    0.05    
0.07696    0.00001    510    10    0.95    0.05    
2.408e-07    0.00001    530    10    -0.95    0.05    
0.7747    0.00001    530    10    -0.85    0.05    
0.7607    0.00001    530    10    -0.75    0.05    
0.7389    0.00001    530    10    -0.65    0.05    
0.7183    0.00001    530    10    -0.55    0.05    
0.6997    0.00001    530    10    -0.45    0.05    
0.6823    0.00001    530    10    -0.35    0.05    
0.6657    0.00001    530    10    -0.25    0.05    
0.6489    0.00001    530    10    -0.15    0.05    
0.6312    0.00001    530    10    -0.05    0.05    
0.6113    0.00001    530    10    0.05    0.05    
0.588    0.00001    530    10    0.15    0.05    
0.5594    0.00001    530    10    0.25    0.05    
0.5233    0.00001    530    10    0.35    0.05    
0.4771    0.00001    530    10    0.45    0.05    
0.4176    0.00001    530    10    0.55    0.05    
0.3425    0.00001    530    10    0.65    0.05    
0.2517    0.00001    530    10    0.75    0.05    
0.1515    0.00001    530    10    0.85    0.05    
0.05853    0.00001    530    10    0.95    0.05    
9.937e-08    0.00001    550    10    -0.95    0.05    
0.7347    0.00001    550    10    -0.85    0.05    
0.7519    0.00001    550    10    -0.75    0.05    
0.7396    0.00001    550    10    -0.65    0.05    
0.7232    0.00001    550    10    -0.55    0.05    
0.7067    0.00001    550    10    -0.45    0.05    
0.6906    0.00001    550    10    -0.35    0.05    
0.6748    0.00001    550    10    -0.25    0.05    
0.6585    0.00001    550    10    -0.15    0.05    
0.6409    0.00001    550    10    -0.05    0.05    
0.6209    0.00001    550    10    0.05    0.05    
0.5971    0.00001    550    10    0.15    0.05    
0.5675    0.00001    550    10    0.25    0.05    
0.5297    0.00001    550    10    0.35    0.05    
0.4804    0.00001    550    10    0.45    0.05    
0.4164    0.00001    550    10    0.55    0.05    
0.335    0.00001    550    10    0.65    0.05    
0.2373    0.00001    550    10    0.75    0.05    
0.1324    0.00001    550    10    0.85    0.05    
0.0425    0.00001    550    10    0.95    0.05    
5.056e-08    0.00001    570    10    -0.95    0.05    
0.6607    0.00001    570    10    -0.85    0.05    
0.7275    0.00001    570    10    -0.75    0.05    
0.7333    0.00001    570    10    -0.65    0.05    
0.7254    0.00001    570    10    -0.55    0.05    
0.7136    0.00001    570    10    -0.45    0.05    
0.7004    0.00001    570    10    -0.35    0.05    
0.6865    0.00001    570    10    -0.25    0.05    
0.6715    0.00001    570    10    -0.15    0.05    
0.6548    0.00001    570    10    -0.05    0.05    
0.6353    0.00001    570    10    0.05    0.05    
0.6116    0.00001    570    10    0.15    0.05    
0.5816    0.00001    570    10    0.25    0.05    
0.5424    0.00001    570    10    0.35    0.05    
0.4907    0.00001    570    10    0.45    0.05    
0.4224    0.00001    570    10    0.55    0.05    
0.3349    0.00001    570    10    0.65    0.05    
0.2297    0.00001    570    10    0.75    0.05    
0.1189    0.00001    570    10    0.85    0.05    
0.02994    0.00001    570    10    0.95    0.05    
3.111e-08    0.00001    590    10    -0.95    0.05    
0.5722    0.00001    590    10    -0.85    0.05    
0.6915    0.00001    590    10    -0.75    0.05    
0.7211    0.00001    590    10    -0.65    0.05    
0.7253    0.00001    590    10    -0.55    0.05    
0.7204    0.00001    590    10    -0.45    0.05    
0.7116    0.00001    590    10    -0.35    0.05    
0.7006    0.00001    590    10    -0.25    0.05    
0.6878    0.00001    590    10    -0.15    0.05    
0.6727    0.00001    590    10    -0.05    0.05    
0.6546    0.00001    590    10    0.05    0.05    
0.6318    0.00001    590    10    0.15    0.05    
0.6022    0.00001    590    10    0.25    0.05    
0.5629    0.00001    590    10    0.35    0.05    
0.5099    0.00001    590    10    0.45    0.05    
0.4389    0.00001    590    10    0.55    0.05    
0.3466    0.00001    590    10    0.65    0.05    
0.2348    0.00001    590    10    0.75    0.05    
0.1174    0.00001    590    10    0.85    0.05    
0.02552    0.00001    590    10    0.95    0.05    
2.146e-08    0.00001    610    10    -0.95    0.05    
0.4849    0.00001    610    10    -0.85    0.05    
0.6491    0.00001    610    10    -0.75    0.05    
0.7055    0.00001    610    10    -0.65    0.05    
0.7244    0.00001    610    10    -0.55    0.05    
0.7281    0.00001    610    10    -0.45    0.05    
0.7249    0.00001    610    10    -0.35    0.05    
0.7179    0.00001    610    10    -0.25    0.05    
0.708    0.00001    610    10    -0.15    0.05    
0.6955    0.00001    610    10    -0.05    0.05    
0.6795    0.00001    610    10    0.05    0.05    
0.6588    0.00001    610    10    0.15    0.05    
0.6312    0.00001    610    10    0.25    0.05    
0.5935    0.00001    610    10    0.35    0.05    
0.5416    0.00001    610    10    0.45    0.05    
0.4708    0.00001    610    10    0.55    0.05    
0.3772    0.00001    610    10    0.65    0.05    
0.2619    0.00001    610    10    0.75    0.05    
0.1383    0.00001    610    10    0.85    0.05    
0.03716    0.00001    610    10    0.95    0.05    
1.593e-08    0.00001    630    10    -0.95    0.05    
0.409    0.00001    630    10    -0.85    0.05    
0.6062    0.00001    630    10    -0.75    0.05    
0.6894    0.00001    630    10    -0.65    0.05    
0.7243    0.00001    630    10    -0.55    0.05    
0.7379    0.00001    630    10    -0.45    0.05    
0.7413    0.00001    630    10    -0.35    0.05    
0.7391    0.00001    630    10    -0.25    0.05    
0.7332    0.00001    630    10    -0.15    0.05    
0.7241    0.00001    630    10    -0.05    0.05    
0.7115    0.00001    630    10    0.05    0.05    
0.6944    0.00001    630    10    0.15    0.05    
0.6706    0.00001    630    10    0.25    0.05    
0.6372    0.00001    630    10    0.35    0.05    
0.59    0.00001    630    10    0.45    0.05    
0.5241    0.00001    630    10    0.55    0.05    
0.435    0.00001    630    10    0.65    0.05    
0.3221    0.00001    630    10    0.75    0.05    
0.1944    0.00001    630    10    0.85    0.05    
0.07535    0.00001    630    10    0.95    0.05    
1.234e-08    0.00001    650    10    -0.95    0.05    
0.3483    0.00001    650    10    -0.85    0.05    
0.5665    0.00001    650    10    -0.75    0.05    
0.6743    0.00001    650    10    -0.65    0.05    
0.7258    0.00001    650    10    -0.55    0.05    
0.7502    0.00001    650    10    -0.45    0.05    
0.761    0.00001    650    10    -0.35    0.05    
0.7644    0.00001    650    10    -0.25    0.05    
0.7634    0.00001    650    10    -0.15    0.05    
0.7589    0.00001    650    10    -0.05    0.05    
0.7512    0.00001    650    10    0.05    0.05    
0.7394    0.00001    650    10    0.15    0.05    
0.7218    0.00001    650    10    0.25    0.05    
0.6958    0.00001    650    10    0.35    0.05    
0.6576    0.00001    650    10    0.45    0.05    
0.602    0.00001    650    10    0.55    0.05    
0.5241    0.00001    650    10    0.65    0.05    
0.4204    0.00001    650    10    0.75    0.05    
0.2925    0.00001    650    10    0.85    0.05    
0.1485    0.00001    650    10    0.95    0.05    
9.783e-09    0.00001    670    10    -0.95    0.05    
0.3046    0.00001    670    10    -0.85    0.05    
0.5326    0.00001    670    10    -0.75    0.05    
0.6601    0.00001    670    10    -0.65    0.05    
0.727    0.00001    670    10    -0.55    0.05    
0.7624    0.00001    670    10    -0.45    0.05    
0.7814    0.00001    670    10    -0.35    0.05    
0.7913    0.00001    670    10    -0.25    0.05    
0.796    0.00001    670    10    -0.15    0.05    
0.7972    0.00001    670    10    -0.05    0.05    
0.7955    0.00001    670    10    0.05    0.05    
0.7906    0.00001    670    10    0.15    0.05    
0.7812    0.00001    670    10    0.25    0.05    
0.7651    0.00001    670    10    0.35    0.05    
0.7387    0.00001    670    10    0.45    0.05    
0.6974    0.00001    670    10    0.55    0.05    
0.6354    0.00001    670    10    0.65    0.05    
0.5464    0.00001    670    10    0.75    0.05    
0.4237    0.00001    670    10    0.85    0.05    
0.2551    0.00001    670    10    0.95    0.05    
7.72e-09    0.00001    690    10    -0.95    0.05    
0.2757    0.00001    690    10    -0.85    0.05    
0.5019    0.00001    690    10    -0.75    0.05    
0.6416    0.00001    690    10    -0.65    0.05    
0.7217    0.00001    690    10    -0.55    0.05    
0.7679    0.00001    690    10    -0.45    0.05    
0.7957    0.00001    690    10    -0.35    0.05    
0.8131    0.00001    690    10    -0.25    0.05    
0.8246    0.00001    690    10    -0.15    0.05    
0.8326    0.00001    690    10    -0.05    0.05    
0.8381    0.00001    690    10    0.05    0.05    
0.8411    0.00001    690    10    0.15    0.05    
0.8408    0.00001    690    10    0.25    0.05    
0.8355    0.00001    690    10    0.35    0.05    
0.822    0.00001    690    10    0.45    0.05    
0.7957    0.00001    690    10    0.55    0.05    
0.7505    0.00001    690    10    0.65    0.05    
0.678    0.00001    690    10    0.75    0.05    
0.5648    0.00001    690    10    0.85    0.05    
0.3795    0.00001    690    10    0.95    0.05    
5.528e-09    0.00001    710    10    -0.95    0.05    
0.2541    0.00001    710    10    -0.85    0.05    
0.4685    0.00001    710    10    -0.75    0.05    
0.6135    0.00001    710    10    -0.65    0.05    
0.7048    0.00001    710    10    -0.55    0.05    
0.7624    0.00001    710    10    -0.45    0.05    
0.7998    0.00001    710    10    -0.35    0.05    
0.8255    0.00001    710    10    -0.25    0.05    
0.8441    0.00001    710    10    -0.15    0.05    
0.8585    0.00001    710    10    -0.05    0.05    
0.8702    0.00001    710    10    0.05    0.05    
0.8794    0.00001    710    10    0.15    0.05    
0.8858    0.00001    710    10    0.25    0.05    
0.8877    0.00001    710    10    0.35    0.05    
0.8824    0.00001    710    10    0.45    0.05    
0.8654    0.00001    710    10    0.55    0.05    
0.8303    0.00001    710    10    0.65    0.05    
0.7676    0.00001    710    10    0.75    0.05    
0.6607    0.00001    710    10    0.85    0.05    
0.4669    0.00001    710    10    0.95    0.05    
7.043e-09    0.00001    410    10    -0.95    0.05    
0.4454    0.00001    410    10    -0.85    0.05    
0.5638    0.00001    410    10    -0.75    0.05    
0.6117    0.00001    410    10    -0.65    0.05    
0.6336    0.00001    410    10    -0.55    0.05    
0.6432    0.00001    410    10    -0.45    0.05    
0.646    0.00001    410    10    -0.35    0.05    
0.6444    0.00001    410    10    -0.25    0.05    
0.6396    0.00001    410    10    -0.15    0.05    
0.6321    0.00001    410    10    -0.05    0.05    
0.6217    0.00001    410    10    0.05    0.05    
0.6081    0.00001    410    10    0.15    0.05    
0.5907    0.00001    410    10    0.25    0.05    
0.5685    0.00001    410    10    0.35    0.05    
0.5398    0.00001    410    10    0.45    0.05    
0.5026    0.00001    410    10    0.55    0.05    
0.4537    0.00001    410    10    0.65    0.05    
0.3883    0.00001    410    10    0.75    0.05    
0.2994    0.00001    410    10    0.85    0.05    
0.1759    0.00001    410    10    0.95    0.05    
1.182e-08    0.00001    430    10    -0.95    0.05    
0.509    0.00001    430    10    -0.85    0.05    
0.6098    0.00001    430    10    -0.75    0.05    
0.6444    0.00001    430    10    -0.65    0.05    
0.657    0.00001    430    10    -0.55    0.05    
0.66    0.00001    430    10    -0.45    0.05    
0.6579    0.00001    430    10    -0.35    0.05    
0.6527    0.00001    430    10    -0.25    0.05    
0.645    0.00001    430    10    -0.15    0.05    
0.635    0.00001    430    10    -0.05    0.05    
0.6226    0.00001    430    10    0.05    0.05    
0.6071    0.00001    430    10    0.15    0.05    
0.5878    0.00001    430    10    0.25    0.05    
0.5635    0.00001    430    10    0.35    0.05    
0.5323    0.00001    430    10    0.45    0.05    
0.4922    0.00001    430    10    0.55    0.05    
0.4398    0.00001    430    10    0.65    0.05    
0.3709    0.00001    430    10    0.75    0.05    
0.2797    0.00001    430    10    0.85    0.05    
0.1589    0.00001    430    10    0.95    0.05    
2.115e-08    0.00001    450    10    -0.95    0.05    
0.5789    0.00001    450    10    -0.85    0.05    
0.6539    0.00001    450    10    -0.75    0.05    
0.673    0.00001    450    10    -0.65    0.05    
0.6758    0.00001    450    10    -0.55    0.05    
0.6721    0.00001    450    10    -0.45    0.05    
0.6652    0.00001    450    10    -0.35    0.05    
0.6564    0.00001    450    10    -0.25    0.05    
0.6459    0.00001    450    10    -0.15    0.05    
0.6337    0.00001    450    10    -0.05    0.05    
0.6193    0.00001    450    10    0.05    0.05    
0.602    0.00001    450    10    0.15    0.05    
0.5807    0.00001    450    10    0.25    0.05    
0.5541    0.00001    450    10    0.35    0.05    
0.5203    0.00001    450    10    0.45    0.05    
0.4769    0.00001    450    10    0.55    0.05    
0.4208    0.00001    450    10    0.65    0.05    
0.3484    0.00001    450    10    0.75    0.05    
0.2555    0.00001    450    10    0.85    0.05    
0.1392    0.00001    450    10    0.95    0.05    
4.285e-08    0.00001    470    10    -0.95    0.05    
0.6527    0.00001    470    10    -0.85    0.05    
0.6946    0.00001    470    10    -0.75    0.05    
0.6973    0.00001    470    10    -0.65    0.05    
0.6905    0.00001    470    10    -0.55    0.05    
0.6806    0.00001    470    10    -0.45    0.05    
0.6694    0.00001    470    10    -0.35    0.05    
0.6573    0.00001    470    10    -0.25    0.05    
0.6444    0.00001    470    10    -0.15    0.05    
0.6301    0.00001    470    10    -0.05    0.05    
0.6138    0.00001    470    10    0.05    0.05    
0.5946    0.00001    470    10    0.15    0.05    
0.5713    0.00001    470    10    0.25    0.05    
0.5423    0.00001    470    10    0.35    0.05    
0.5056    0.00001    470    10    0.45    0.05    
0.4587    0.00001    470    10    0.55    0.05    
0.3987    0.00001    470    10    0.65    0.05    
0.3226    0.00001    470    10    0.75    0.05    
0.2285    0.00001    470    10    0.85    0.05    
0.1181    0.00001    470    10    0.95    0.05    
1.069e-07    0.00001    490    10    -0.95    0.05    
0.7216    0.00001    490    10    -0.85    0.05    
0.7288    0.00001    490    10    -0.75    0.05    
0.7168    0.00001    490    10    -0.65    0.05    
0.702    0.00001    490    10    -0.55    0.05    
0.687    0.00001    490    10    -0.45    0.05    
0.6723    0.00001    490    10    -0.35    0.05    
0.6578    0.00001    490    10    -0.25    0.05    
0.6428    0.00001    490    10    -0.15    0.05    
0.6268    0.00001    490    10    -0.05    0.05    
0.6089    0.00001    490    10    0.05    0.05    
0.588    0.00001    490    10    0.15    0.05    
0.5627    0.00001    490    10    0.25    0.05    
0.5313    0.00001    490    10    0.35    0.05    
0.4914    0.00001    490    10    0.45    0.05    
0.4407    0.00001    490    10    0.55    0.05    
0.3762    0.00001    490    10    0.65    0.05    
0.2961    0.00001    490    10    0.75    0.05    
0.2008    0.00001    490    10    0.85    0.05    
0.09692    0.00001    490    10    0.95    0.05    
2.911e-07    0.00001    510    10    -0.95    0.05    
0.7686    0.00001    510    10    -0.85    0.05    
0.7523    0.00001    510    10    -0.75    0.05    
0.7311    0.00001    510    10    -0.65    0.05    
0.7112    0.00001    510    10    -0.55    0.05    
0.6931    0.00001    510    10    -0.45    0.05    
0.6763    0.00001    510    10    -0.35    0.05    
0.6601    0.00001    510    10    -0.25    0.05    
0.6438    0.00001    510    10    -0.15    0.05    
0.6266    0.00001    510    10    -0.05    0.05    
0.6075    0.00001    510    10    0.05    0.05    
0.5852    0.00001    510    10    0.15    0.05    
0.5582    0.00001    510    10    0.25    0.05    
0.5243    0.00001    510    10    0.35    0.05    
0.4813    0.00001    510    10    0.45    0.05    
0.4263    0.00001    510    10    0.55    0.05    
0.3569    0.00001    510    10    0.65    0.05    
0.2719    0.00001    510    10    0.75    0.05    
0.1748    0.00001    510    10    0.85    0.05    
0.07696    0.00001    510    10    0.95    0.05    
2.408e-07    0.00001    530    10    -0.95    0.05    
0.7747    0.00001    530    10    -0.85    0.05    
0.7607    0.00001    530    10    -0.75    0.05    
0.7389    0.00001    530    10    -0.65    0.05    
0.7183    0.00001    530    10    -0.55    0.05    
0.6997    0.00001    530    10    -0.45    0.05    
0.6823    0.00001    530    10    -0.35    0.05    
0.6657    0.00001    530    10    -0.25    0.05    
0.6489    0.00001    530    10    -0.15    0.05    
0.6312    0.00001    530    10    -0.05    0.05    
0.6113    0.00001    530    10    0.05    0.05    
0.588    0.00001    530    10    0.15    0.05    
0.5594    0.00001    530    10    0.25    0.05    
0.5233    0.00001    530    10    0.35    0.05    
0.4771    0.00001    530    10    0.45    0.05    
0.4176    0.00001    530    10    0.55    0.05    
0.3425    0.00001    530    10    0.65    0.05    
0.2517    0.00001    530    10    0.75    0.05    
0.1515    0.00001    530    10    0.85    0.05    
0.05853    0.00001    530    10    0.95    0.05    
9.937e-08    0.00001    550    10    -0.95    0.05    
0.7347    0.00001    550    10    -0.85    0.05    
0.7519    0.00001    550    10    -0.75    0.05    
0.7396    0.00001    550    10    -0.65    0.05    
0.7232    0.00001    550    10    -0.55    0.05    
0.7067    0.00001    550    10    -0.45    0.05    
0.6906    0.00001    550    10    -0.35    0.05    
0.6748    0.00001    550    10    -0.25    0.05    
0.6585    0.00001    550    10    -0.15    0.05    
0.6409    0.00001    550    10    -0.05    0.05    
0.6209    0.00001    550    10    0.05    0.05    
0.5971    0.00001    550    10    0.15    0.05    
0.5675    0.00001    550    10    0.25    0.05    
0.5297    0.00001    550    10    0.35    0.05    
0.4804    0.00001    550    10    0.45    0.05    
0.4164    0.00001    550    10    0.55    0.05    
0.335    0.00001    550    10    0.65    0.05    
0.2373    0.00001    550    10    0.75    0.05    
0.1324    0.00001    550    10    0.85    0.05    
0.0425    0.00001    550    10    0.95    0.05    
5.056e-08    0.00001    570    10    -0.95    0.05    
0.6607    0.00001    570    10    -0.85    0.05    
0.7275    0.00001    570    10    -0.75    0.05    
0.7333    0.00001    570    10    -0.65    0.05    
0.7254    0.00001    570    10    -0.55    0.05    
0.7136    0.00001    570    10    -0.45    0.05    
0.7004    0.00001    570    10    -0.35    0.05    
0.6865    0.00001    570    10    -0.25    0.05    
0.6715    0.00001    570    10    -0.15    0.05    
0.6548    0.00001    570    10    -0.05    0.05    
0.6353    0.00001    570    10    0.05    0.05    
0.6116    0.00001    570    10    0.15    0.05    
0.5816    0.00001    570    10    0.25    0.05    
0.5424    0.00001    570    10    0.35    0.05    
0.4907    0.00001    570    10    0.45    0.05    
0.4224    0.00001    570    10    0.55    0.05    
0.3349    0.00001    570    10    0.65    0.05    
0.2297    0.00001    570    10    0.75    0.05    
0.1189    0.00001    570    10    0.85    0.05    
0.02994    0.00001    570    10    0.95    0.05    
3.111e-08    0.00001    590    10    -0.95    0.05    
0.5722    0.00001    590    10    -0.85    0.05    
0.6915    0.00001    590    10    -0.75    0.05    
0.7211    0.00001    590    10    -0.65    0.05    
0.7253    0.00001    590    10    -0.55    0.05    
0.7204    0.00001    590    10    -0.45    0.05    
0.7116    0.00001    590    10    -0.35    0.05    
0.7006    0.00001    590    10    -0.25    0.05    
0.6878    0.00001    590    10    -0.15    0.05    
0.6727    0.00001    590    10    -0.05    0.05    
0.6546    0.00001    590    10    0.05    0.05    
0.6318    0.00001    590    10    0.15    0.05    
0.6022    0.00001    590    10    0.25    0.05    
0.5629    0.00001    590    10    0.35    0.05    
0.5099    0.00001    590    10    0.45    0.05    
0.4389    0.00001    590    10    0.55    0.05    
0.3466    0.00001    590    10    0.65    0.05    
0.2348    0.00001    590    10    0.75    0.05    
0.1174    0.00001    590    10    0.85    0.05    
0.02552    0.00001    590    10    0.95    0.05    
2.146e-08    0.00001    610    10    -0.95    0.05    
0.4849    0.00001    610    10    -0.85    0.05    
0.6491    0.00001    610    10    -0.75    0.05    
0.7055    0.00001    610    10    -0.65    0.05    
0.7244    0.00001    610    10    -0.55    0.05    
0.7281    0.00001    610    10    -0.45    0.05    
0.7249    0.00001    610    10    -0.35    0.05    
0.7179    0.00001    610    10    -0.25    0.05    
0.708    0.00001    610    10    -0.15    0.05    
0.6955    0.00001    610    10    -0.05    0.05    
0.6795    0.00001    610    10    0.05    0.05    
0.6588    0.00001    610    10    0.15    0.05    
0.6312    0.00001    610    10    0.25    0.05    
0.5935    0.00001    610    10    0.35    0.05    
0.5416    0.00001    610    10    0.45    0.05    
0.4708    0.00001    610    10    0.55    0.05    
0.3772    0.00001    610    10    0.65    0.05    
0.2619    0.00001    610    10    0.75    0.05    
0.1383    0.00001    610    10    0.85    0.05    
0.03716    0.00001    610    10    0.95    0.05    
1.593e-08    0.00001    630    10    -0.95    0.05    
0.409    0.00001    630    10    -0.85    0.05    
0.6062    0.00001    630    10    -0.75    0.05    
0.6894    0.00001    630    10    -0.65    0.05    
0.7243    0.00001    630    10    -0.55    0.05    
0.7379    0.00001    630    10    -0.45    0.05    
0.7413    0.00001    630    10    -0.35    0.05    
0.7391    0.00001    630    10    -0.25    0.05    
0.7332    0.00001    630    10    -0.15    0.05    
0.7241    0.00001    630    10    -0.05    0.05    
0.7115    0.00001    630    10    0.05    0.05    
0.6944    0.00001    630    10    0.15    0.05    
0.6706    0.00001    630    10    0.25    0.05    
0.6372    0.00001    630    10    0.35    0.05    
0.59    0.00001    630    10    0.45    0.05    
0.5241    0.00001    630    10    0.55    0.05    
0.435    0.00001    630    10    0.65    0.05    
0.3221    0.00001    630    10    0.75    0.05    
0.1944    0.00001    630    10    0.85    0.05    
0.07535    0.00001    630    10    0.95    0.05    
1.234e-08    0.00001    650    10    -0.95    0.05    
0.3483    0.00001    650    10    -0.85    0.05    
0.5665    0.00001    650    10    -0.75    0.05    
0.6743    0.00001    650    10    -0.65    0.05    
0.7258    0.00001    650    10    -0.55    0.05    
0.7502    0.00001    650    10    -0.45    0.05    
0.761    0.00001    650    10    -0.35    0.05    
0.7644    0.00001    650    10    -0.25    0.05    
0.7634    0.00001    650    10    -0.15    0.05    
0.7589    0.00001    650    10    -0.05    0.05    
0.7512    0.00001    650    10    0.05    0.05    
0.7394    0.00001    650    10    0.15    0.05    
0.7218    0.00001    650    10    0.25    0.05    
0.6958    0.00001    650    10    0.35    0.05    
0.6576    0.00001    650    10    0.45    0.05    
0.602    0.00001    650    10    0.55    0.05    
0.5241    0.00001    650    10    0.65    0.05    
0.4204    0.00001    650    10    0.75    0.05    
0.2925    0.00001    650    10    0.85    0.05    
0.1485    0.00001    650    10    0.95    0.05    
9.783e-09    0.00001    670    10    -0.95    0.05    
0.3046    0.00001    670    10    -0.85    0.05    
0.5326    0.00001    670    10    -0.75    0.05    
0.6601    0.00001    670    10    -0.65    0.05    
0.727    0.00001    670    10    -0.55    0.05    
0.7624    0.00001    670    10    -0.45    0.05    
0.7814    0.00001    670    10    -0.35    0.05    
0.7913    0.00001    670    10    -0.25    0.05    
0.796    0.00001    670    10    -0.15    0.05    
0.7972    0.00001    670    10    -0.05    0.05    
0.7955    0.00001    670    10    0.05    0.05    
0.7906    0.00001    670    10    0.15    0.05    
0.7812    0.00001    670    10    0.25    0.05    
0.7651    0.00001    670    10    0.35    0.05    
0.7387    0.00001    670    10    0.45    0.05    
0.6974    0.00001    670    10    0.55    0.05    
0.6354    0.00001    670    10    0.65    0.05    
0.5464    0.00001    670    10    0.75    0.05    
0.4237    0.00001    670    10    0.85    0.05    
0.2551    0.00001    670    10    0.95    0.05    
7.72e-09    0.00001    690    10    -0.95    0.05    
0.2757    0.00001    690    10    -0.85    0.05    
0.5019    0.00001    690    10    -0.75    0.05    
0.6416    0.00001    690    10    -0.65    0.05    
0.7217    0.00001    690    10    -0.55    0.05    
0.7679    0.00001    690    10    -0.45    0.05    
0.7957    0.00001    690    10    -0.35    0.05    
0.8131    0.00001    690    10    -0.25    0.05    
0.8246    0.00001    690    10    -0.15    0.05    
0.8326    0.00001    690    10    -0.05    0.05    
0.8381    0.00001    690    10    0.05    0.05    
0.8411    0.00001    690    10    0.15    0.05    
0.8408    0.00001    690    10    0.25    0.05    
0.8355    0.00001    690    10    0.35    0.05    
0.822    0.00001    690    10    0.45    0.05    
0.7957    0.00001    690    10    0.55    0.05    
0.7505    0.00001    690    10    0.65    0.05    
0.678    0.00001    690    10    0.75    0.05    
0.5648    0.00001    690    10    0.85    0.05    
0.3795    0.00001    690    10    0.95    0.05    
5.528e-09    0.00001    710    10    -0.95    0.05    
0.2541    0.00001    710    10    -0.85    0.05    
0.4685    0.00001    710    10    -0.75    0.05    
0.6135    0.00001    710    10    -0.65    0.05    
0.7048    0.00001    710    10    -0.55    0.05    
0.7624    0.00001    710    10    -0.45    0.05    
0.7998    0.00001    710    10    -0.35    0.05    
0.8255    0.00001    710    10    -0.25    0.05    
0.8441    0.00001    710    10    -0.15    0.05    
0.8585    0.00001    710    10    -0.05    0.05    
0.8702    0.00001    710    10    0.05    0.05    
0.8794    0.00001    710    10    0.15    0.05    
0.8858    0.00001    710    10    0.25    0.05    
0.8877    0.00001    710    10    0.35    0.05    
0.8824    0.00001    710    10    0.45    0.05    
0.8654    0.00001    710    10    0.55    0.05    
0.8303    0.00001    710    10    0.65    0.05    
0.7676    0.00001    710    10    0.75    0.05    
0.6607    0.00001    710    10    0.85    0.05    
0.4669    0.00001    710    10    0.95    0.05    
7.043e-09    0.00001    410    10    -0.95    0.05    
0.4454    0.00001    410    10    -0.85    0.05    
0.5638    0.00001    410    10    -0.75    0.05    
0.6117    0.00001    410    10    -0.65    0.05    
0.6336    0.00001    410    10    -0.55    0.05    
0.6432    0.00001    410    10    -0.45    0.05    
0.646    0.00001    410    10    -0.35    0.05    
0.6444    0.00001    410    10    -0.25    0.05    
0.6396    0.00001    410    10    -0.15    0.05    
0.6321    0.00001    410    10    -0.05    0.05    
0.6217    0.00001    410    10    0.05    0.05    
0.6081    0.00001    410    10    0.15    0.05    
0.5907    0.00001    410    10    0.25    0.05    
0.5685    0.00001    410    10    0.35    0.05    
0.5398    0.00001    410    10    0.45    0.05    
0.5026    0.00001    410    10    0.55    0.05    
0.4537    0.00001    410    10    0.65    0.05    
0.3883    0.00001    410    10    0.75    0.05    
0.2994    0.00001    410    10    0.85    0.05    
0.1759    0.00001    410    10    0.95    0.05    
1.182e-08    0.00001    430    10    -0.95    0.05    
0.509    0.00001    430    10    -0.85    0.05    
0.6098    0.00001    430    10    -0.75    0.05    
0.6444    0.00001    430    10    -0.65    0.05    
0.657    0.00001    430    10    -0.55    0.05    
0.66    0.00001    430    10    -0.45    0.05    
0.6579    0.00001    430    10    -0.35    0.05    
0.6527    0.00001    430    10    -0.25    0.05    
0.645    0.00001    430    10    -0.15    0.05    
0.635    0.00001    430    10    -0.05    0.05    
0.6226    0.00001    430    10    0.05    0.05    
0.6071    0.00001    430    10    0.15    0.05    
0.5878    0.00001    430    10    0.25    0.05    
0.5635    0.00001    430    10    0.35    0.05    
0.5323    0.00001    430    10    0.45    0.05    
0.4922    0.00001    430    10    0.55    0.05    
0.4398    0.00001    430    10    0.65    0.05    
0.3709    0.00001    430    10    0.75    0.05    
0.2797    0.00001    430    10    0.85    0.05    
0.1589    0.00001    430    10    0.95    0.05    
2.115e-08    0.00001    450    10    -0.95    0.05    
0.5789    0.00001    450    10    -0.85    0.05    
0.6539    0.00001    450    10    -0.75    0.05    
0.673    0.00001    450    10    -0.65    0.05    
0.6758    0.00001    450    10    -0.55    0.05    
0.6721    0.00001    450    10    -0.45    0.05    
0.6652    0.00001    450    10    -0.35    0.05    
0.6564    0.00001    450    10    -0.25    0.05    
0.6459    0.00001    450    10    -0.15    0.05    
0.6337    0.00001    450    10    -0.05    0.05    
0.6193    0.00001    450    10    0.05    0.05    
0.602    0.00001    450    10    0.15    0.05    
0.5807    0.00001    450    10    0.25    0.05    
0.5541    0.00001    450    10    0.35    0.05    
0.5203    0.00001    450    10    0.45    0.05    
0.4769    0.00001    450    10    0.55    0.05    
0.4208    0.00001    450    10    0.65    0.05    
0.3484    0.00001    450    10    0.75    0.05    
0.2555    0.00001    450    10    0.85    0.05    
0.1392    0.00001    450    10    0.95    0.05    
4.285e-08    0.00001    470    10    -0.95    0.05    
0.6527    0.00001    470    10    -0.85    0.05    
0.6946    0.00001    470    10    -0.75    0.05    
0.6973    0.00001    470    10    -0.65    0.05    
0.6905    0.00001    470    10    -0.55    0.05    
0.6806    0.00001    470    10    -0.45    0.05    
0.6694    0.00001    470    10    -0.35    0.05    
0.6573    0.00001    470    10    -0.25    0.05    
0.6444    0.00001    470    10    -0.15    0.05    
0.6301    0.00001    470    10    -0.05    0.05    
0.6138    0.00001    470    10    0.05    0.05    
0.5946    0.00001    470    10    0.15    0.05    
0.5713    0.00001    470    10    0.25    0.05    
0.5423    0.00001    470    10    0.35    0.05    
0.5056    0.00001    470    10    0.45    0.05    
0.4587    0.00001    470    10    0.55    0.05    
0.3987    0.00001    470    10    0.65    0.05    
0.3226    0.00001    470    10    0.75    0.05    
0.2285    0.00001    470    10    0.85    0.05    
0.1181    0.00001    470    10    0.95    0.05    
1.069e-07    0.00001    490    10    -0.95    0.05    
0.7216    0.00001    490    10    -0.85    0.05    
0.7288    0.00001    490    10    -0.75    0.05    
0.7168    0.00001    490    10    -0.65    0.05    
0.702    0.00001    490    10    -0.55    0.05    
0.687    0.00001    490    10    -0.45    0.05    
0.6723    0.00001    490    10    -0.35    0.05    
0.6578    0.00001    490    10    -0.25    0.05    
0.6428    0.00001    490    10    -0.15    0.05    
0.6268    0.00001    490    10    -0.05    0.05    
0.6089    0.00001    490    10    0.05    0.05    
0.588    0.00001    490    10    0.15    0.05    
0.5627    0.00001    490    10    0.25    0.05    
0.5313    0.00001    490    10    0.35    0.05    
0.4914    0.00001    490    10    0.45    0.05    
0.4407    0.00001    490    10    0.55    0.05    
0.3762    0.00001    490    10    0.65    0.05    
0.2961    0.00001    490    10    0.75    0.05    
0.2008    0.00001    490    10    0.85    0.05    
0.09692    0.00001    490    10    0.95    0.05    
2.911e-07    0.00001    510    10    -0.95    0.05    
0.7686    0.00001    510    10    -0.85    0.05    
0.7523    0.00001    510    10    -0.75    0.05    
0.7311    0.00001    510    10    -0.65    0.05    
0.7112    0.00001    510    10    -0.55    0.05    
0.6931    0.00001    510    10    -0.45    0.05    
0.6763    0.00001    510    10    -0.35    0.05    
0.6601    0.00001    510    10    -0.25    0.05    
0.6438    0.00001    510    10    -0.15    0.05    
0.6266    0.00001    510    10    -0.05    0.05    
0.6075    0.00001    510    10    0.05    0.05    
0.5852    0.00001    510    10    0.15    0.05    
0.5582    0.00001    510    10    0.25    0.05    
0.5243    0.00001    510    10    0.35    0.05    
0.4813    0.00001    510    10    0.45    0.05    
0.4263    0.00001    510    10    0.55    0.05    
0.3569    0.00001    510    10    0.65    0.05    
0.2719    0.00001    510    10    0.75    0.05    
0.1748    0.00001    510    10    0.85    0.05    
0.07696    0.00001    510    10    0.95    0.05    
2.408e-07    0.00001    530    10    -0.95    0.05    
0.7747    0.00001    530    10    -0.85    0.05    
0.7607    0.00001    530    10    -0.75    0.05    
0.7389    0.00001    530    10    -0.65    0.05    
0.7183    0.00001    530    10    -0.55    0.05    
0.6997    0.00001    530    10    -0.45    0.05    
0.6823    0.00001    530    10    -0.35    0.05    
0.6657    0.00001    530    10    -0.25    0.05    
0.6489    0.00001    530    10    -0.15    0.05    
0.6312    0.00001    530    10    -0.05    0.05    
0.6113    0.00001    530    10    0.05    0.05    
0.588    0.00001    530    10    0.15    0.05    
0.5594    0.00001    530    10    0.25    0.05    
0.5233    0.00001    530    10    0.35    0.05    
0.4771    0.00001    530    10    0.45    0.05    
0.4176    0.00001    530    10    0.55    0.05    
0.3425    0.00001    530    10    0.65    0.05    
0.2517    0.00001    530    10    0.75    0.05    
0.1515    0.00001    530    10    0.85    0.05    
0.05853    0.00001    530    10    0.95    0.05    
9.937e-08    0.00001    550    10    -0.95    0.05    
0.7347    0.00001    550    10    -0.85    0.05    
0.7519    0.00001    550    10    -0.75    0.05    
0.7396    0.00001    550    10    -0.65    0.05    
0.7232    0.00001    550    10    -0.55    0.05    
0.7067    0.00001    550    10    -0.45    0.05    
0.6906    0.00001    550    10    -0.35    0.05    
0.6748    0.00001    550    10    -0.25    0.05    
0.6585    0.00001    550    10    -0.15    0.05    
0.6409    0.00001    550    10    -0.05    0.05    
0.6209    0.00001    550    10    0.05    0.05    
0.5971    0.00001    550    10    0.15    0.05    
0.5675    0.00001    550    10    0.25    0.05    
0.5297    0.00001    550    10    0.35    0.05    
0.4804    0.00001    550    10    0.45    0.05    
0.4164    0.00001    550    10    0.55    0.05    
0.335    0.00001    550    10    0.65    0.05    
0.2373    0.00001    550    10    0.75    0.05    
0.1324    0.00001    550    10    0.85    0.05    
0.0425    0.00001    550    10    0.95    0.05    
5.056e-08    0.00001    570    10    -0.95    0.05    
0.6607    0.00001    570    10    -0.85    0.05    
0.7275    0.00001    570    10    -0.75    0.05    
0.7333    0.00001    570    10    -0.65    0.05    
0.7254    0.00001    570    10    -0.55    0.05    
0.7136    0.00001    570    10    -0.45    0.05    
0.7004    0.00001    570    10    -0.35    0.05    
0.6865    0.00001    570    10    -0.25    0.05    
0.6715    0.00001    570    10    -0.15    0.05    
0.6548    0.00001    570    10    -0.05    0.05    
0.6353    0.00001    570    10    0.05    0.05    
0.6116    0.00001    570    10    0.15    0.05    
0.5816    0.00001    570    10    0.25    0.05    
0.5424    0.00001    570    10    0.35    0.05    
0.4907    0.00001    570    10    0.45    0.05    
0.4224    0.00001    570    10    0.55    0.05    
0.3349    0.00001    570    10    0.65    0.05    
0.2297    0.00001    570    10    0.75    0.05    
0.1189    0.00001    570    10    0.85    0.05    
0.02994    0.00001    570    10    0.95    0.05    
3.111e-08    0.00001    590    10    -0.95    0.05    
0.5722    0.00001    590    10    -0.85    0.05    
0.6915    0.00001    590    10    -0.75    0.05    
0.7211    0.00001    590    10    -0.65    0.05    
0.7253    0.00001    590    10    -0.55    0.05    
0.7204    0.00001    590    10    -0.45    0.05    
0.7116    0.00001    590    10    -0.35    0.05    
0.7006    0.00001    590    10    -0.25    0.05    
0.6878    0.00001    590    10    -0.15    0.05    
0.6727    0.00001    590    10    -0.05    0.05    
0.6546    0.00001    590    10    0.05    0.05    
0.6318    0.00001    590    10    0.15    0.05    
0.6022    0.00001    590    10    0.25    0.05    
0.5629    0.00001    590    10    0.35    0.05    
0.5099    0.00001    590    10    0.45    0.05    
0.4389    0.00001    590    10    0.55    0.05    
0.3466    0.00001    590    10    0.65    0.05    
0.2348    0.00001    590    10    0.75    0.05    
0.1174    0.00001    590    10    0.85    0.05    
0.02552    0.00001    590    10    0.95    0.05    
2.146e-08    0.00001    610    10    -0.95    0.05    
0.4849    0.00001    610    10    -0.85    0.05    
0.6491    0.00001    610    10    -0.75    0.05    
0.7055    0.00001    610    10    -0.65    0.05    
0.7244    0.00001    610    10    -0.55    0.05    
0.7281    0.00001    610    10    -0.45    0.05    
0.7249    0.00001    610    10    -0.35    0.05    
0.7179    0.00001    610    10    -0.25    0.05    
0.708    0.00001    610    10    -0.15    0.05    
0.6955    0.00001    610    10    -0.05    0.05    
0.6795    0.00001    610    10    0.05    0.05    
0.6588    0.00001    610    10    0.15    0.05    
0.6312    0.00001    610    10    0.25    0.05    
0.5935    0.00001    610    10    0.35    0.05    
0.5416    0.00001    610    10    0.45    0.05    
0.4708    0.00001    610    10    0.55    0.05    
0.3772    0.00001    610    10    0.65    0.05    
0.2619    0.00001    610    10    0.75    0.05    
0.1383    0.00001    610    10    0.85    0.05    
0.03716    0.00001    610    10    0.95    0.05    
1.593e-08    0.00001    630    10    -0.95    0.05    
0.409    0.00001    630    10    -0.85    0.05    
0.6062    0.00001    630    10    -0.75    0.05    
0.6894    0.00001    630    10    -0.65    0.05    
0.7243    0.00001    630    10    -0.55    0.05    
0.7379    0.00001    630    10    -0.45    0.05    
0.7413    0.00001    630    10    -0.35    0.05    
0.7391    0.00001    630    10    -0.25    0.05    
0.7332    0.00001    630    10    -0.15    0.05    
0.7241    0.00001    630    10    -0.05    0.05    
0.7115    0.00001    630    10    0.05    0.05    
0.6944    0.00001    630    10    0.15    0.05    
0.6706    0.00001    630    10    0.25    0.05    
0.6372    0.00001    630    10    0.35    0.05    
0.59    0.00001    630    10    0.45    0.05    
0.5241    0.00001    630    10    0.55    0.05    
0.435    0.00001    630    10    0.65    0.05    
0.3221    0.00001    630    10    0.75    0.05    
0.1944    0.00001    630    10    0.85    0.05    
0.07535    0.00001    630    10    0.95    0.05    
1.234e-08    0.00001    650    10    -0.95    0.05    
0.3483    0.00001    650    10    -0.85    0.05    
0.5665    0.00001    650    10    -0.75    0.05    
0.6743    0.00001    650    10    -0.65    0.05    
0.7258    0.00001    650    10    -0.55    0.05    
0.7502    0.00001    650    10    -0.45    0.05    
0.761    0.00001    650    10    -0.35    0.05    
0.7644    0.00001    650    10    -0.25    0.05    
0.7634    0.00001    650    10    -0.15    0.05    
0.7589    0.00001    650    10    -0.05    0.05    
0.7512    0.00001    650    10    0.05    0.05    
0.7394    0.00001    650    10    0.15    0.05    
0.7218    0.00001    650    10    0.25    0.05    
0.6958    0.00001    650    10    0.35    0.05    
0.6576    0.00001    650    10    0.45    0.05    
0.602    0.00001    650    10    0.55    0.05    
0.5241    0.00001    650    10    0.65    0.05    
0.4204    0.00001    650    10    0.75    0.05    
0.2925    0.00001    650    10    0.85    0.05    
0.1485    0.00001    650    10    0.95    0.05    
9.783e-09    0.00001    670    10    -0.95    0.05    
0.3046    0.00001    670    10    -0.85    0.05    
0.5326    0.00001    670    10    -0.75    0.05    
0.6601    0.00001    670    10    -0.65    0.05    
0.727    0.00001    670    10    -0.55    0.05    
0.7624    0.00001    670    10    -0.45    0.05    
0.7814    0.00001    670    10    -0.35    0.05    
0.7913    0.00001    670    10    -0.25    0.05    
0.796    0.00001    670    10    -0.15    0.05    
0.7972    0.00001    670    10    -0.05    0.05    
0.7955    0.00001    670    10    0.05    0.05    
0.7906    0.00001    670    10    0.15    0.05    
0.7812    0.00001    670    10    0.25    0.05    
0.7651    0.00001    670    10    0.35    0.05    
0.7387    0.00001    670    10    0.45    0.05    
0.6974    0.00001    670    10    0.55    0.05    
0.6354    0.00001    670    10    0.65    0.05    
0.5464    0.00001    670    10    0.75    0.05    
0.4237    0.00001    670    10    0.85    0.05    
0.2551    0.00001    670    10    0.95    0.05    
7.72e-09    0.00001    690    10    -0.95    0.05    
0.2757    0.00001    690    10    -0.85    0.05    
0.5019    0.00001    690    10    -0.75    0.05    
0.6416    0.00001    690    10    -0.65    0.05    
0.7217    0.00001    690    10    -0.55    0.05    
0.7679    0.00001    690    10    -0.45    0.05    
0.7957    0.00001    690    10    -0.35    0.05    
0.8131    0.00001    690    10    -0.25    0.05    
0.8246    0.00001    690    10    -0.15    0.05    
0.8326    0.00001    690    10    -0.05    0.05    
0.8381    0.00001    690    10    0.05    0.05    
0.8411    0.00001    690    10    0.15    0.05    
0.8408    0.00001    690    10    0.25    0.05    
0.8355    0.00001    690    10    0.35    0.05    
0.822    0.00001    690    10    0.45    0.05    
0.7957    0.00001    690    10    0.55    0.05    
0.7505    0.00001    690    10    0.65    0.05    
0.678    0.00001    690    10    0.75    0.05    
0.5648    0.00001    690    10    0.85    0.05    
0.3795    0.00001    690    10    0.95    0.05    
5.528e-09    0.00001    710    10    -0.95    0.05    
0.2541    0.00001    710    10    -0.85    0.05    
0.4685    0.00001    710    10    -0.75    0.05    
0.6135    0.00001    710    10    -0.65    0.05    
0.7048    0.00001    710    10    -0.55    0.05    
0.7624    0.00001    710    10    -0.45    0.05    
0.7998    0.00001    710    10    -0.35    0.05    
0.8255    0.00001    710    10    -0.25    0.05    
0.8441    0.00001    710    10    -0.15    0.05    
0.8585    0.00001    710    10    -0.05    0.05    
0.8702    0.00001    710    10    0.05    0.05    
0.8794    0.00001    710    10    0.15    0.05    
0.8858    0.00001    710    10    0.25    0.05    
0.8877    0.00001    710    10    0.35    0.05    
0.8824    0.00001    710    10    0.45    0.05    
0.8654    0.00001    710    10    0.55    0.05    
0.8303    0.00001    710    10    0.65    0.05    
0.7676    0.00001    710    10    0.75    0.05    
0.6607    0.00001    710    10    0.85    0.05    
0.4669    0.00001    710    10    0.95    0.05    
