3.60191e-08    430   -0.95   0.969756
0.717114    430   -0.85   0.969756
0.942928    430   -0.75   0.969756
1.04015    430   -0.65   0.969756
0.922755    430   -0.55   0.969756
0.993355    430   -0.45   0.969756
1.00477    430   -0.35   0.969756
0.938479    430   -0.25   0.969756
0.993624    430   -0.15   0.969756
0.91855    430   -0.05   0.969756
1.12292    430   0.05   0.969756
0.865822    430   0.15   0.969756
0    430   0.25   0.969756
0.978819    430   0.35   0.969756
1.61247    430   0.45   0.969756
0.443328    430   0.55   0.969756
0.346038    430   0.65   0.969756
-0.0842373    430   0.75   0.969756
0.91483    430   0.85   0.969756
-0.236239    430   0.95   0.969756
5.69633e-08    450   -0.95   0.970225
1.01078    450   -0.85   0.970225
0.93694    450   -0.75   0.970225
0.923451    450   -0.65   0.970225
0.95078    450   -0.55   0.970225
0.91569    450   -0.45   0.970225
1.0009    450   -0.35   0.970225
0.934042    450   -0.25   0.970225
0.929028    450   -0.15   0.970225
1.07146    450   -0.05   0.970225
0.979795    450   0.05   0.970225
0.874212    450   0.15   0.970225
1.13266    450   0.25   0.970225
1.03958    450   0.35   0.970225
1.67706    450   0.45   0.970225
1.90745    450   0.55   0.970225
-0.314539    450   0.65   0.970225
0.437015    450   0.75   0.970225
-0.335684    450   0.85   0.970225
-0.236239    450   0.95   0.970225
8.53344e-08    470   -0.95   0.937586
0.992043    470   -0.85   0.937586
0.888249    470   -0.75   0.937586
0.957557    470   -0.65   0.937586
0.924641    470   -0.55   0.937586
0.925153    470   -0.45   0.937586
0.946658    470   -0.35   0.937586
0.926133    470   -0.25   0.937586
0.961309    470   -0.15   0.937586
0.928677    470   -0.05   0.937586
0.943865    470   0.05   0.937586
0.99809    470   0.15   0.937586
1.21518    470   0.25   0.937586
1.03802    470   0.35   0.937586
1.02132    470   0.45   0.937586
0.978193    470   0.55   0.937586
0.397622    470   0.65   0.937586
4.5117    470   0.75   0.937586
-0.133605    470   0.85   0.937586
-0.236239    470   0.95   0.937586
1.53227e-07    490   -0.95   0.921316
1.04045    490   -0.85   0.921316
0.977484    490   -0.75   0.921316
0.916705    490   -0.65   0.921316
0.94073    490   -0.55   0.921316
0.943688    490   -0.45   0.921316
0.887483    490   -0.35   0.921316
0.935463    490   -0.25   0.921316
0.91841    490   -0.15   0.921316
0.921537    490   -0.05   0.921316
0.936026    490   0.05   0.921316
1.01466    490   0.15   0.921316
0.963346    490   0.25   0.921316
0.88591    490   0.35   0.921316
1.01852    490   0.45   0.921316
2.26822    490   0.55   0.921316
-1.24645    490   0.65   0.921316
-0.149222    490   0.75   0.921316
0.363164    490   0.85   0.921316
-0.236239    490   0.95   0.921316
3.96817e-07    510   -0.95   0.93462
1.06755    510   -0.85   0.93462
0.927719    510   -0.75   0.93462
0.926535    510   -0.65   0.93462
0.900883    510   -0.55   0.93462
0.892659    510   -0.45   0.93462
0.936819    510   -0.35   0.93462
0.961611    510   -0.25   0.93462
0.93539    510   -0.15   0.93462
0.94662    510   -0.05   0.93462
0.896368    510   0.05   0.93462
0.959884    510   0.15   0.93462
0.982107    510   0.25   0.93462
1.07441    510   0.35   0.93462
1.1727    510   0.45   0.93462
0.661527    510   0.55   0.93462
1.86865    510   0.65   0.93462
0.36993    510   0.75   0.93462
0.0758016    510   0.85   0.93462
-0.236239    510   0.95   0.93462
2.79796e-07    530   -0.95   0.919715
1.09199    530   -0.85   0.919715
0.946156    530   -0.75   0.919715
0.906915    530   -0.65   0.919715
0.911825    530   -0.55   0.919715
0.896663    530   -0.45   0.919715
0.91039    530   -0.35   0.919715
0.9002    530   -0.25   0.919715
0.958452    530   -0.15   0.919715
0.932871    530   -0.05   0.919715
0.976195    530   0.05   0.919715
0.998594    530   0.15   0.919715
1.00076    530   0.25   0.919715
0.847006    530   0.35   0.919715
0.925436    530   0.45   0.919715
1.14257    530   0.55   0.919715
1.64854    530   0.65   0.919715
0.418248    530   0.75   0.919715
-0.10202    530   0.85   0.919715
-0.117529    530   0.95   0.919715
1.98202e-07    550   -0.95   0.935351
0.874373    550   -0.85   0.935351
0.963221    550   -0.75   0.935351
0.926866    550   -0.65   0.935351
0.894783    550   -0.55   0.935351
0.947668    550   -0.45   0.935351
0.911467    550   -0.35   0.935351
0.939787    550   -0.25   0.935351
0.933406    550   -0.15   0.935351
0.944426    550   -0.05   0.935351
0.98364    550   0.05   0.935351
1.02551    550   0.15   0.935351
0.941607    550   0.25   0.935351
0.979553    550   0.35   0.935351
1.59714    550   0.45   0.935351
2.10814    550   0.55   0.935351
1.83634    550   0.65   0.935351
-0.761192    550   0.75   0.935351
-1.39062    550   0.85   0.935351
0.161063    550   0.95   0.935351
1.01599e-07    570   -0.95   0.931775
0.870499    570   -0.85   0.931775
0.974553    570   -0.75   0.931775
0.898273    570   -0.65   0.931775
0.924759    570   -0.55   0.931775
0.923526    570   -0.45   0.931775
0.911635    570   -0.35   0.931775
0.923091    570   -0.25   0.931775
0.934958    570   -0.15   0.931775
0.965665    570   -0.05   0.931775
0.953878    570   0.05   0.931775
1.03687    570   0.15   0.931775
1.0604    570   0.25   0.931775
1.08225    570   0.35   0.931775
1.2158    570   0.45   0.931775
1.71913    570   0.55   0.931775
0.761332    570   0.65   0.931775
-0.160656    570   0.75   0.931775
-0.237224    570   0.85   0.931775
0.964453    570   0.95   0.931775
1.03569e-07    590   -0.95   0.930684
0.79536    590   -0.85   0.930684
0.893152    590   -0.75   0.930684
0.865589    590   -0.65   0.930684
0.913737    590   -0.55   0.930684
0.910687    590   -0.45   0.930684
0.918607    590   -0.35   0.930684
0.923071    590   -0.25   0.930684
0.948078    590   -0.15   0.930684
0.952977    590   -0.05   0.930684
0.978202    590   0.05   0.930684
1.01436    590   0.15   0.930684
1.04505    590   0.25   0.930684
1.13401    590   0.35   0.930684
1.32875    590   0.45   0.930684
1.33365    590   0.55   0.930684
3.7238    590   0.65   0.930684
0.599423    590   0.75   0.930684
-0.447463    590   0.85   0.930684
0.964453    590   0.95   0.930684
6.40473e-08    610   -0.95   0.911127
0.767045    610   -0.85   0.911127
0.848742    610   -0.75   0.911127
0.857228    610   -0.65   0.911127
0.894333    610   -0.55   0.911127
0.890947    610   -0.45   0.911127
0.893373    610   -0.35   0.911127
0.914151    610   -0.25   0.911127
0.92982    610   -0.15   0.911127
0.927344    610   -0.05   0.911127
0.957706    610   0.05   0.911127
0.999231    610   0.15   0.911127
1.03046    610   0.25   0.911127
1.11476    610   0.35   0.911127
1.04384    610   0.45   0.911127
1.29968    610   0.55   0.911127
1.23675    610   0.65   0.911127
0.808189    610   0.75   0.911127
0.46898    610   0.85   0.911127
0.964453    610   0.95   0.911127
4.47066e-08    630   -0.95   0.885501
0.658933    630   -0.85   0.885501
0.844829    630   -0.75   0.885501
0.80131    630   -0.65   0.885501
0.861143    630   -0.55   0.885501
0.890451    630   -0.45   0.885501
0.841445    630   -0.35   0.885501
0.89128    630   -0.25   0.885501
0.894005    630   -0.15   0.885501
0.910325    630   -0.05   0.885501
0.958324    630   0.05   0.885501
0.965333    630   0.15   0.885501
1.00005    630   0.25   0.885501
1.01897    630   0.35   0.885501
1.10866    630   0.45   0.885501
1.70025    630   0.55   0.885501
-10.9711    630   0.65   0.885501
-0.367653    630   0.75   0.885501
0.832673    630   0.85   0.885501
0.964453    630   0.95   0.885501
3.60191e-08    430   -0.95   0.969756
0.717114    430   -0.85   0.969756
0.942928    430   -0.75   0.969756
1.04015    430   -0.65   0.969756
0.922755    430   -0.55   0.969756
0.993355    430   -0.45   0.969756
1.00477    430   -0.35   0.969756
0.938479    430   -0.25   0.969756
0.993624    430   -0.15   0.969756
0.91855    430   -0.05   0.969756
1.12292    430   0.05   0.969756
0.865822    430   0.15   0.969756
2.24612e-316    430   0.25   0.969756
0.978819    430   0.35   0.969756
1.61247    430   0.45   0.969756
0.443328    430   0.55   0.969756
0.346038    430   0.65   0.969756
-0.0842373    430   0.75   0.969756
0.91483    430   0.85   0.969756
-0.236239    430   0.95   0.969756
5.69633e-08    450   -0.95   0.970225
1.01078    450   -0.85   0.970225
0.93694    450   -0.75   0.970225
0.923451    450   -0.65   0.970225
0.95078    450   -0.55   0.970225
0.91569    450   -0.45   0.970225
1.0009    450   -0.35   0.970225
0.934042    450   -0.25   0.970225
0.929028    450   -0.15   0.970225
1.07146    450   -0.05   0.970225
0.979795    450   0.05   0.970225
0.874212    450   0.15   0.970225
1.13266    450   0.25   0.970225
1.03958    450   0.35   0.970225
1.67706    450   0.45   0.970225
1.90745    450   0.55   0.970225
-0.314539    450   0.65   0.970225
0.437015    450   0.75   0.970225
-0.335684    450   0.85   0.970225
-0.236239    450   0.95   0.970225
8.53344e-08    470   -0.95   0.937586
0.992043    470   -0.85   0.937586
0.888249    470   -0.75   0.937586
0.957557    470   -0.65   0.937586
0.924641    470   -0.55   0.937586
0.925153    470   -0.45   0.937586
0.946658    470   -0.35   0.937586
0.926133    470   -0.25   0.937586
0.961309    470   -0.15   0.937586
0.928677    470   -0.05   0.937586
0.943865    470   0.05   0.937586
0.99809    470   0.15   0.937586
1.21518    470   0.25   0.937586
1.03802    470   0.35   0.937586
1.02132    470   0.45   0.937586
0.978193    470   0.55   0.937586
0.397622    470   0.65   0.937586
4.5117    470   0.75   0.937586
-0.133605    470   0.85   0.937586
-0.236239    470   0.95   0.937586
1.53227e-07    490   -0.95   0.921316
1.04045    490   -0.85   0.921316
0.977484    490   -0.75   0.921316
0.916705    490   -0.65   0.921316
0.94073    490   -0.55   0.921316
0.943688    490   -0.45   0.921316
0.887483    490   -0.35   0.921316
0.935463    490   -0.25   0.921316
0.91841    490   -0.15   0.921316
0.921537    490   -0.05   0.921316
0.936026    490   0.05   0.921316
1.01466    490   0.15   0.921316
0.963346    490   0.25   0.921316
0.88591    490   0.35   0.921316
1.01852    490   0.45   0.921316
2.26822    490   0.55   0.921316
-1.24645    490   0.65   0.921316
-0.149222    490   0.75   0.921316
0.363164    490   0.85   0.921316
-0.236239    490   0.95   0.921316
3.96817e-07    510   -0.95   0.93462
1.06755    510   -0.85   0.93462
0.927719    510   -0.75   0.93462
0.926535    510   -0.65   0.93462
0.900883    510   -0.55   0.93462
0.892659    510   -0.45   0.93462
0.936819    510   -0.35   0.93462
0.961611    510   -0.25   0.93462
0.93539    510   -0.15   0.93462
0.94662    510   -0.05   0.93462
0.896368    510   0.05   0.93462
0.959884    510   0.15   0.93462
0.982107    510   0.25   0.93462
1.07441    510   0.35   0.93462
1.1727    510   0.45   0.93462
0.661527    510   0.55   0.93462
1.86865    510   0.65   0.93462
0.36993    510   0.75   0.93462
0.0758016    510   0.85   0.93462
-0.236239    510   0.95   0.93462
2.79796e-07    530   -0.95   0.919715
1.09199    530   -0.85   0.919715
0.946156    530   -0.75   0.919715
0.906915    530   -0.65   0.919715
0.911825    530   -0.55   0.919715
0.896663    530   -0.45   0.919715
0.91039    530   -0.35   0.919715
0.9002    530   -0.25   0.919715
0.958452    530   -0.15   0.919715
0.932871    530   -0.05   0.919715
0.976195    530   0.05   0.919715
0.998594    530   0.15   0.919715
1.00076    530   0.25   0.919715
0.847006    530   0.35   0.919715
0.925436    530   0.45   0.919715
1.14257    530   0.55   0.919715
1.64854    530   0.65   0.919715
0.418248    530   0.75   0.919715
-0.10202    530   0.85   0.919715
-0.117529    530   0.95   0.919715
1.98202e-07    550   -0.95   0.935351
0.874373    550   -0.85   0.935351
0.963221    550   -0.75   0.935351
0.926866    550   -0.65   0.935351
0.894783    550   -0.55   0.935351
0.947668    550   -0.45   0.935351
0.911467    550   -0.35   0.935351
0.939787    550   -0.25   0.935351
0.933406    550   -0.15   0.935351
0.944426    550   -0.05   0.935351
0.98364    550   0.05   0.935351
1.02551    550   0.15   0.935351
0.941607    550   0.25   0.935351
0.979553    550   0.35   0.935351
1.59714    550   0.45   0.935351
2.10814    550   0.55   0.935351
1.83634    550   0.65   0.935351
-0.761192    550   0.75   0.935351
-1.39062    550   0.85   0.935351
0.161063    550   0.95   0.935351
1.01599e-07    570   -0.95   0.931775
0.870499    570   -0.85   0.931775
0.974553    570   -0.75   0.931775
0.898273    570   -0.65   0.931775
0.924759    570   -0.55   0.931775
0.923526    570   -0.45   0.931775
0.911635    570   -0.35   0.931775
0.923091    570   -0.25   0.931775
0.934958    570   -0.15   0.931775
0.965665    570   -0.05   0.931775
0.953878    570   0.05   0.931775
1.03687    570   0.15   0.931775
1.0604    570   0.25   0.931775
1.08225    570   0.35   0.931775
1.2158    570   0.45   0.931775
1.71913    570   0.55   0.931775
0.761332    570   0.65   0.931775
-0.160656    570   0.75   0.931775
-0.237224    570   0.85   0.931775
0.964453    570   0.95   0.931775
1.03569e-07    590   -0.95   0.930684
0.79536    590   -0.85   0.930684
0.893152    590   -0.75   0.930684
0.865589    590   -0.65   0.930684
0.913737    590   -0.55   0.930684
0.910687    590   -0.45   0.930684
0.918607    590   -0.35   0.930684
0.923071    590   -0.25   0.930684
0.948078    590   -0.15   0.930684
0.952977    590   -0.05   0.930684
0.978202    590   0.05   0.930684
1.01436    590   0.15   0.930684
1.04505    590   0.25   0.930684
1.13401    590   0.35   0.930684
1.32875    590   0.45   0.930684
1.33365    590   0.55   0.930684
3.7238    590   0.65   0.930684
0.599423    590   0.75   0.930684
-0.447463    590   0.85   0.930684
0.964453    590   0.95   0.930684
6.40473e-08    610   -0.95   0.911127
0.767045    610   -0.85   0.911127
0.848742    610   -0.75   0.911127
0.857228    610   -0.65   0.911127
0.894333    610   -0.55   0.911127
0.890947    610   -0.45   0.911127
0.893373    610   -0.35   0.911127
0.914151    610   -0.25   0.911127
0.92982    610   -0.15   0.911127
0.927344    610   -0.05   0.911127
0.957706    610   0.05   0.911127
0.999231    610   0.15   0.911127
1.03046    610   0.25   0.911127
1.11476    610   0.35   0.911127
1.04384    610   0.45   0.911127
1.29968    610   0.55   0.911127
1.23675    610   0.65   0.911127
0.808189    610   0.75   0.911127
0.46898    610   0.85   0.911127
0.964453    610   0.95   0.911127
4.47066e-08    630   -0.95   0.885501
0.658933    630   -0.85   0.885501
0.844829    630   -0.75   0.885501
0.80131    630   -0.65   0.885501
0.861143    630   -0.55   0.885501
0.890451    630   -0.45   0.885501
0.841445    630   -0.35   0.885501
0.89128    630   -0.25   0.885501
0.894005    630   -0.15   0.885501
0.910325    630   -0.05   0.885501
0.958324    630   0.05   0.885501
0.965333    630   0.15   0.885501
1.00005    630   0.25   0.885501
1.01897    630   0.35   0.885501
1.10866    630   0.45   0.885501
1.70025    630   0.55   0.885501
-10.9711    630   0.65   0.885501
-0.367653    630   0.75   0.885501
0.832673    630   0.85   0.885501
0.964453    630   0.95   0.885501
