-1.81978e-08    430   -0.95   0.936527   0.102538
-1.04265    430   -0.85   0.936527   0.102538
0.768099    430   -0.75   0.936527   0.102538
0.918447    430   -0.65   0.936527   0.102538
0.878548    430   -0.55   0.936527   0.102538
0.948118    430   -0.45   0.936527   0.102538
0.928762    430   -0.35   0.936527   0.102538
0.906983    430   -0.25   0.936527   0.102538
1.00091    430   -0.15   0.936527   0.102538
1.00172    430   -0.05   0.936527   0.102538
1.01501    430   0.05   0.936527   0.102538
0.84622    430   0.15   0.936527   0.102538
7.90505e-323    430   0.25   0.936527   0.102538
2.71848    430   0.35   0.936527   0.102538
1.24228    430   0.45   0.936527   0.102538
0.4922    430   0.55   0.936527   0.102538
-1.33369    430   0.65   0.936527   0.102538
0.3709    430   0.75   0.936527   0.102538
-0.2797    430   0.85   0.936527   0.102538
2.29658    430   0.95   0.936527   0.102538
2.115e-08    450   -0.95   0.921315   0.0666394
0.843471    450   -0.85   0.921315   0.0666394
0.912558    450   -0.75   0.921315   0.0666394
0.870387    450   -0.65   0.921315   0.0666394
0.935827    450   -0.55   0.921315   0.0666394
0.882278    450   -0.45   0.921315   0.0666394
0.960066    450   -0.35   0.921315   0.0666394
0.951539    450   -0.25   0.921315   0.0666394
0.916667    450   -0.15   0.921315   0.0666394
1.02279    450   -0.05   0.921315   0.0666394
0.927579    450   0.05   0.921315   0.0666394
0.91285    450   0.15   0.921315   0.0666394
0.987308    450   0.25   0.921315   0.0666394
1.02365    450   0.35   0.921315   0.0666394
1.3278    450   0.45   0.921315   0.0666394
1.21608    450   0.55   0.921315   0.0666394
-0.760296    450   0.65   0.921315   0.0666394
0.3484    450   0.75   0.921315   0.0666394
0.2555    450   0.85   0.921315   0.0666394
2.29658    450   0.95   0.921315   0.0666394
9.89806e-08    470   -0.95   0.90297   0.0447425
0.853355    470   -0.85   0.90297   0.0447425
0.826953    470   -0.75   0.90297   0.0447425
0.888899    470   -0.65   0.90297   0.0447425
0.912807    470   -0.55   0.90297   0.0447425
0.880143    470   -0.45   0.90297   0.0447425
0.925404    470   -0.35   0.90297   0.0447425
0.889231    470   -0.25   0.90297   0.0447425
0.950475    470   -0.15   0.90297   0.0447425
0.930806    470   -0.05   0.90297   0.0447425
0.972879    470   0.05   0.90297   0.0447425
0.969102    470   0.15   0.90297   0.0447425
1.17561    470   0.25   0.90297   0.0447425
1.38272    470   0.35   0.90297   0.0447425
1.51324    470   0.45   0.90297   0.0447425
1.6362    470   0.55   0.90297   0.0447425
1.4691    470   0.65   0.90297   0.0447425
-0.493612    470   0.75   0.90297   0.0447425
-0.2285    470   0.85   0.90297   0.0447425
2.29658    470   0.95   0.90297   0.0447425
-1.78225e-07    490   -0.95   0.876683   0.0388848
0.925593    490   -0.85   0.876683   0.0388848
0.945005    490   -0.75   0.876683   0.0388848
0.888845    490   -0.65   0.876683   0.0388848
0.909336    490   -0.55   0.876683   0.0388848
0.875361    490   -0.45   0.876683   0.0388848
0.869326    490   -0.35   0.876683   0.0388848
0.873224    490   -0.25   0.876683   0.0388848
0.895118    490   -0.15   0.876683   0.0388848
0.91374    490   -0.05   0.876683   0.0388848
0.951527    490   0.05   0.876683   0.0388848
0.945762    490   0.15   0.876683   0.0388848
0.899326    490   0.25   0.876683   0.0388848
0.913486    490   0.35   0.876683   0.0388848
1.55148    490   0.45   0.876683   0.0388848
-3.05887    490   0.55   0.876683   0.0388848
-0.657234    490   0.65   0.876683   0.0388848
0.906575    490   0.75   0.876683   0.0388848
0.207207    490   0.85   0.876683   0.0388848
2.29658    490   0.95   0.876683   0.0388848
2.911e-07    510   -0.95   0.868638   0.0306194
0.895763    510   -0.85   0.868638   0.0306194
0.919747    510   -0.75   0.868638   0.0306194
0.902899    510   -0.65   0.868638   0.0306194
0.846826    510   -0.55   0.868638   0.0306194
0.845044    510   -0.45   0.868638   0.0306194
0.872323    510   -0.35   0.868638   0.0306194
0.900992    510   -0.25   0.868638   0.0306194
0.887671    510   -0.15   0.868638   0.0306194
0.920036    510   -0.05   0.868638   0.0306194
0.890631    510   0.05   0.868638   0.0306194
0.931518    510   0.15   0.868638   0.0306194
0.980397    510   0.25   0.868638   0.0306194
1.26113    510   0.35   0.868638   0.0306194
1.00141    510   0.45   0.868638   0.0306194
0.850433    510   0.55   0.868638   0.0306194
0.912701    510   0.65   0.868638   0.0306194
0.513    510   0.75   0.868638   0.0306194
0.1748    510   0.85   0.868638   0.0306194
2.29658    510   0.95   0.868638   0.0306194
2.408e-07    530   -0.95   0.867699   0.0299038
0.855162    530   -0.85   0.867699   0.0299038
0.8996    530   -0.75   0.867699   0.0299038
0.876086    530   -0.65   0.867699   0.0299038
0.842097    530   -0.55   0.867699   0.0299038
0.845603    530   -0.45   0.867699   0.0299038
0.874773    530   -0.35   0.867699   0.0299038
0.873134    530   -0.25   0.867699   0.0299038
0.919522    530   -0.15   0.867699   0.0299038
0.882068    530   -0.05   0.867699   0.0299038
0.965121    530   0.05   0.867699   0.0299038
0.986577    530   0.15   0.867699   0.0299038
1.06806    530   0.25   0.867699   0.0299038
1.0521    530   0.35   0.867699   0.0299038
1.16941    530   0.45   0.867699   0.0299038
1.32286    530   0.55   0.867699   0.0299038
1.67508    530   0.65   0.867699   0.0299038
0.254464    530   0.75   0.867699   0.0299038
-0.1515    530   0.85   0.867699   0.0299038
0.05853    530   0.95   0.867699   0.0299038
9.93719e-08    550   -0.95   0.883371   0.0342496
0.747147    550   -0.85   0.883371   0.0342496
0.897    550   -0.75   0.883371   0.0342496
0.839833    550   -0.65   0.883371   0.0342496
0.847651    550   -0.55   0.883371   0.0342496
0.869597    550   -0.45   0.883371   0.0342496
0.871899    550   -0.35   0.883371   0.0342496
0.904449    550   -0.25   0.883371   0.0342496
0.90533    550   -0.15   0.883371   0.0342496
0.917173    550   -0.05   0.883371   0.0342496
0.971539    550   0.05   0.883371   0.0342496
1.06007    550   0.15   0.883371   0.0342496
0.951214    550   0.25   0.883371   0.0342496
1.06527    550   0.35   0.883371   0.0342496
1.22509    550   0.45   0.883371   0.0342496
1.1187    550   0.55   0.883371   0.0342496
-1.24147    550   0.65   0.883371   0.0342496
0.670549    550   0.75   0.883371   0.0342496
-0.211322    550   0.85   0.883371   0.0342496
0.0485784    550   0.95   0.883371   0.0342496
5.42005e-08    570   -0.95   0.931358   0.0279216
0.856524    570   -0.85   0.931358   0.0279216
0.875829    570   -0.75   0.931358   0.0279216
0.887872    570   -0.65   0.931358   0.0279216
0.887024    570   -0.55   0.931358   0.0279216
0.869452    570   -0.45   0.931358   0.0279216
1.1864    570   -0.35   0.931358   0.0279216
0.898103    570   -0.25   0.931358   0.0279216
0.926184    570   -0.15   0.931358   0.0279216
0.958289    570   -0.05   0.931358   0.0279216
0.968286    570   0.05   0.931358   0.0279216
1.04452    570   0.15   0.931358   0.0279216
1.05321    570   0.25   0.931358   0.0279216
1.1156    570   0.35   0.931358   0.0279216
1.77512    570   0.45   0.931358   0.0279216
3.13996    570   0.55   0.931358   0.0279216
2.40344    570   0.65   0.931358   0.0279216
-0.847849    570   0.75   0.931358   0.0279216
0.162973    570   0.85   0.931358   0.0279216
0.0522425    570   0.95   0.931358   0.0279216
8.52119e-08    590   -0.95   0.883601   0.0241135
0.702134    590   -0.85   0.883601   0.0241135
0.838257    590   -0.75   0.883601   0.0241135
0.845009    590   -0.65   0.883601   0.0241135
0.869358    590   -0.55   0.883601   0.0241135
0.858447    590   -0.45   0.883601   0.0241135
0.887508    590   -0.35   0.883601   0.0241135
0.889086    590   -0.25   0.883601   0.0241135
0.927985    590   -0.15   0.883601   0.0241135
0.953408    590   -0.05   0.883601   0.0241135
0.96748    590   0.05   0.883601   0.0241135
1.01243    590   0.15   0.883601   0.0241135
1.05016    590   0.25   0.883601   0.0241135
1.22894    590   0.35   0.883601   0.0241135
1.72301    590   0.45   0.883601   0.0241135
-4.9468    590   0.55   0.883601   0.0241135
2.17846    590   0.65   0.883601   0.0241135
1.29044    590   0.75   0.883601   0.0241135
-0.1174    590   0.85   0.883601   0.0241135
0.0522425    590   0.95   0.883601   0.0241135
4.28555e-08    610   -0.95   0.880257   0.0190585
0.708019    610   -0.85   0.880257   0.0190585
0.783671    610   -0.75   0.880257   0.0190585
0.80399    610   -0.65   0.880257   0.0190585
0.839348    610   -0.55   0.880257   0.0190585
0.859317    610   -0.45   0.880257   0.0190585
0.879055    610   -0.35   0.880257   0.0190585
0.900722    610   -0.25   0.880257   0.0190585
0.914268    610   -0.15   0.880257   0.0190585
0.924311    610   -0.05   0.880257   0.0190585
0.966081    610   0.05   0.880257   0.0190585
1.03706    610   0.15   0.880257   0.0190585
1.09438    610   0.25   0.880257   0.0190585
1.19012    610   0.35   0.880257   0.0190585
1.22138    610   0.45   0.880257   0.0190585
4.95001    610   0.55   0.880257   0.0190585
1.73802    610   0.65   0.880257   0.0190585
-0.370523    610   0.75   0.880257   0.0190585
0.303403    610   0.85   0.880257   0.0190585
0.0522425    610   0.95   0.880257   0.0190585
1.593e-08    630   -0.95   0.822104   0.026204
0.59919    630   -0.85   0.822104   0.026204
0.731866    630   -0.75   0.822104   0.026204
0.794875    630   -0.65   0.822104   0.026204
0.840086    630   -0.55   0.822104   0.026204
0.835829    630   -0.45   0.822104   0.026204
0.821176    630   -0.35   0.822104   0.026204
0.862675    630   -0.25   0.822104   0.026204
0.865147    630   -0.15   0.822104   0.026204
0.945049    630   -0.05   0.822104   0.026204
0.995644    630   0.05   0.822104   0.026204
0.988112    630   0.15   0.822104   0.026204
1.10982    630   0.25   0.822104   0.026204
1.09663    630   0.35   0.822104   0.026204
1.30473    630   0.45   0.822104   0.026204
3.39476    630   0.55   0.822104   0.026204
-3.74952    630   0.65   0.822104   0.026204
-0.343157    630   0.75   0.822104   0.026204
-0.1944    630   0.85   0.822104   0.026204
0.0522425    630   0.95   0.822104   0.026204
-1.81978e-08    430   -0.95   0.936527   0.102538  1.182e-08   -0.649529  5.48699   -8.44764
-1.04265    430   -0.85   0.936527   0.102538  0.509   -0.488177  0.841471   -1.7237
0.768099    430   -0.75   0.936527   0.102538  0.6098   0.793908  0.0409229   0.0515461
0.918447    430   -0.65   0.936527   0.102538  0.6444   0.701619  0.0273509   0.0389826
0.878548    430   -0.55   0.936527   0.102538  0.657   0.747825  0.0219276   0.0293218
0.948118    430   -0.45   0.936527   0.102538  0.66   0.696116  0.0225524   0.0323975
0.928762    430   -0.35   0.936527   0.102538  0.6579   0.708362  0.0212263   0.0299653
0.906983    430   -0.25   0.936527   0.102538  0.6527   0.719639  0.0255893   0.0355585
1.00091    430   -0.15   0.936527   0.102538  0.645   0.644413  0.0334494   0.0519068
1.00172    430   -0.05   0.936527   0.102538  0.635   0.633909  0.0449999   0.0709879
1.01501    430   0.05   0.936527   0.102538  0.6226   0.61339  0.0502442   0.0819123
0.84622    430   0.15   0.936527   0.102538  0.6071   0.717426  0.0497637   0.0693642
3.53906e-316    430   0.25   0.936527   0.102538  0.5878   0.380697  0.256626   6.95324e-310
2.71848    430   0.35   0.936527   0.102538  0.5635   0.207285  0.884797   4.2685
1.24228    430   0.45   0.936527   0.102538  0.5323   0.428485  0.258417   0.603095
0.4922    430   0.55   0.936527   0.102538  0.4922   0.999999  0.000176407   0.000176407
-1.33369    430   0.65   0.936527   0.102538  0.4398   -0.329762  1.77077   -5.36984
0.3709    430   0.75   0.936527   0.102538  0.3709   1  4.90484e-06   4.90484e-06
-0.2797    430   0.85   0.936527   0.102538  0.2797   -1  0.000450318   -0.000450318
2.29658    430   0.95   0.936527   0.102538  0.1589   0.0691897  0.0692191   1.00042
2.115e-08    450   -0.95   0.921315   0.0666394  2.115e-08   1  6.60807e-06   6.60807e-06
0.843471    450   -0.85   0.921315   0.0666394  0.5789   0.686331  0.0745176   0.108574
0.912558    450   -0.75   0.921315   0.0666394  0.6539   0.716557  0.0299287   0.0417674
0.870387    450   -0.65   0.921315   0.0666394  0.673   0.773219  0.0218813   0.028299
0.935827    450   -0.55   0.921315   0.0666394  0.6758   0.722142  0.0172856   0.0239366
0.882278    450   -0.45   0.921315   0.0666394  0.6721   0.761778  0.017116   0.0224685
0.960066    450   -0.35   0.921315   0.0666394  0.6652   0.692869  0.0164895   0.0237989
0.951539    450   -0.25   0.921315   0.0666394  0.6564   0.68983  0.0179347   0.0259987
0.916667    450   -0.15   0.921315   0.0666394  0.6459   0.704618  0.0203611   0.0288967
1.02279    450   -0.05   0.921315   0.0666394  0.6337   0.619581  0.0284917   0.0459854
0.927579    450   0.05   0.921315   0.0666394  0.6193   0.667652  0.0316275   0.0473712
0.91285    450   0.15   0.921315   0.0666394  0.602   0.659473  0.0406444   0.0616316
0.987308    450   0.25   0.921315   0.0666394  0.5807   0.588165  0.0643543   0.109415
1.02365    450   0.35   0.921315   0.0666394  0.5541   0.541298  0.103533   0.191268
1.3278    450   0.45   0.921315   0.0666394  0.5203   0.391851  0.186256   0.475324
1.21608    450   0.55   0.921315   0.0666394  0.4769   0.392161  0.357456   0.911503
-0.760296    450   0.65   0.921315   0.0666394  0.4208   -0.553469  0.415193   -0.750165
0.3484    450   0.75   0.921315   0.0666394  0.3484   1  3.99328e-07   3.99328e-07
0.2555    450   0.85   0.921315   0.0666394  0.2555   1  0.00714358   0.00714358
2.29658    450   0.95   0.921315   0.0666394  0.1392   -1  0.000653838   1.00042
9.89806e-08    470   -0.95   0.90297   0.0447425  4.285e-08   0.432913  0.318998   0.736864
0.853355    470   -0.85   0.90297   0.0447425  0.6527   0.764863  0.0794674   0.103898
0.826953    470   -0.75   0.90297   0.0447425  0.6946   0.839951  0.0240468   0.0286288
0.888899    470   -0.65   0.90297   0.0447425  0.6973   0.784454  0.016907   0.0215526
0.912807    470   -0.55   0.90297   0.0447425  0.6905   0.756458  0.0157706   0.020848
0.880143    470   -0.45   0.90297   0.0447425  0.6806   0.773283  0.014195   0.0183568
0.925404    470   -0.35   0.90297   0.0447425  0.6694   0.72336  0.0141101   0.0195063
0.889231    470   -0.25   0.90297   0.0447425  0.6573   0.739178  0.0142193   0.0192366
0.950475    470   -0.15   0.90297   0.0447425  0.6444   0.677977  0.0154971   0.0228579
0.930806    470   -0.05   0.90297   0.0447425  0.6301   0.67694  0.0185472   0.0273986
0.972879    470   0.05   0.90297   0.0447425  0.6138   0.630911  0.0189504   0.0300366
0.969102    470   0.15   0.90297   0.0447425  0.5946   0.613558  0.0283618   0.0462251
1.17561    470   0.25   0.90297   0.0447425  0.5713   0.48596  0.0516254   0.106234
1.38272    470   0.35   0.90297   0.0447425  0.5423   0.392197  0.0886329   0.225991
1.51324    470   0.45   0.90297   0.0447425  0.5056   0.334118  1.04976   3.14188
1.6362    470   0.55   0.90297   0.0447425  0.4587   0.280345  0.275988   0.984458
1.4691    470   0.65   0.90297   0.0447425  0.3987   0.27139  1.57623   5.80799
-0.493612    470   0.75   0.90297   0.0447425  0.3226   -0.65355  0.36469   -0.558014
-0.2285    470   0.85   0.90297   0.0447425  0.2285   -1  2.85775e-05   -2.85775e-05
2.29658    470   0.95   0.90297   0.0447425  0.1181   1  0.00255574   1.00042
-1.78225e-07    490   -0.95   0.876683   0.0388848  1.069e-07   -0.599805  0.222959   -0.371719
0.925593    490   -0.85   0.876683   0.0388848  0.7216   0.779608  0.0712094   0.09134
0.945005    490   -0.75   0.876683   0.0388848  0.7288   0.771213  0.0281332   0.0364792
0.888845    490   -0.65   0.876683   0.0388848  0.7168   0.80644  0.0190658   0.0236419
0.909336    490   -0.55   0.876683   0.0388848  0.702   0.771992  0.0161653   0.0209397
0.875361    490   -0.45   0.876683   0.0388848  0.687   0.784819  0.0143485   0.0182826
0.869326    490   -0.35   0.876683   0.0388848  0.6723   0.773358  0.0139147   0.0179926
0.873224    490   -0.25   0.876683   0.0388848  0.6578   0.7533  0.0124745   0.0165598
0.895118    490   -0.15   0.876683   0.0388848  0.6428   0.718118  0.0147393   0.0205249
0.91374    490   -0.05   0.876683   0.0388848  0.6268   0.685972  0.0161818   0.0235896
0.951527    490   0.05   0.876683   0.0388848  0.6089   0.639919  0.0219033   0.0342282
0.945762    490   0.15   0.876683   0.0388848  0.588   0.621721  0.0262536   0.0422273
0.899326    490   0.25   0.876683   0.0388848  0.5627   0.625691  0.0383077   0.0612246
0.913486    490   0.35   0.876683   0.0388848  0.5313   0.581618  0.0580318   0.0997765
1.55148    490   0.45   0.876683   0.0388848  0.4914   0.316729  0.107214   0.338504
-3.05887    490   0.55   0.876683   0.0388848  0.4407   -0.144073  1.67064   -11.5958
-0.657234    490   0.65   0.876683   0.0388848  0.3762   -0.572399  0.892896   -1.55992
0.906575    490   0.75   0.876683   0.0388848  0.2961   0.326614  0.505469   1.5476
0.207207    490   0.85   0.876683   0.0388848  0.2008   0.969079  17.8833   18.4539
2.29658    490   0.95   0.876683   0.0388848  0.09692   0.894063  0.0433536   1.00042
2.911e-07    510   -0.95   0.868638   0.0306194  2.911e-07   1  5.7136e-06   5.7136e-06
0.895763    510   -0.85   0.868638   0.0306194  0.7686   0.858039  0.0238318   0.0277747
0.919747    510   -0.75   0.868638   0.0306194  0.7523   0.817942  0.0193192   0.0236193
0.902899    510   -0.65   0.868638   0.0306194  0.7311   0.809725  0.0147801   0.0182532
0.846826    510   -0.55   0.868638   0.0306194  0.7112   0.839842  0.0112995   0.0134543
0.845044    510   -0.45   0.868638   0.0306194  0.6931   0.820194  0.0107684   0.0131291
0.872323    510   -0.35   0.868638   0.0306194  0.6763   0.775286  0.011439   0.0147546
0.900992    510   -0.25   0.868638   0.0306194  0.6601   0.732637  0.0114611   0.0156436
0.887671    510   -0.15   0.868638   0.0306194  0.6438   0.725269  0.0113602   0.0156634
0.920036    510   -0.05   0.868638   0.0306194  0.6266   0.68106  0.011863   0.0174184
0.890631    510   0.05   0.868638   0.0306194  0.6075   0.682101  0.0147245   0.021587
0.931518    510   0.15   0.868638   0.0306194  0.5852   0.628222  0.0185626   0.0295478
0.980397    510   0.25   0.868638   0.0306194  0.5582   0.569361  0.0251216   0.0441224
1.26113    510   0.35   0.868638   0.0306194  0.5243   0.415739  0.0450938   0.108467
1.00141    510   0.45   0.868638   0.0306194  0.4813   0.480624  0.0641879   0.133551
0.850433    510   0.55   0.868638   0.0306194  0.4263   0.501274  0.15937   0.31793
0.912701    510   0.65   0.868638   0.0306194  0.3569   0.391037  0.217364   0.555866
0.513    510   0.75   0.868638   0.0306194  0.2719   0.530019  0.28145   0.531019
0.1748    510   0.85   0.868638   0.0306194  0.1748   1  0.000192135   0.000192135
2.29658    510   0.95   0.868638   0.0306194  0.07696   -0.554575  0.037924   1.00042
2.408e-07    530   -0.95   0.867699   0.0299038  2.408e-07   1  3.00905e-06   3.00905e-06
0.855162    530   -0.85   0.867699   0.0299038  0.7747   0.90591  0.00537964   0.00593838
0.8996    530   -0.75   0.867699   0.0299038  0.7607   0.845598  0.0172469   0.0203961
0.876086    530   -0.65   0.867699   0.0299038  0.7389   0.84341  0.0137883   0.0163483
0.842097    530   -0.55   0.867699   0.0299038  0.7183   0.85299  0.0113269   0.0132791
0.845603    530   -0.45   0.867699   0.0299038  0.6997   0.827457  0.0109752   0.0132638
0.874773    530   -0.35   0.867699   0.0299038  0.6823   0.779974  0.0111707   0.0143219
0.873134    530   -0.25   0.867699   0.0299038  0.6657   0.762426  0.0116292   0.0152529
0.919522    530   -0.15   0.867699   0.0299038  0.6489   0.705693  0.0119253   0.0168987
0.882068    530   -0.05   0.867699   0.0299038  0.6312   0.715591  0.0112606   0.0157361
0.965121    530   0.05   0.867699   0.0299038  0.6113   0.633392  0.0142735   0.022535
0.986577    530   0.15   0.867699   0.0299038  0.588   0.596  0.0171281   0.0287384
1.06806    530   0.25   0.867699   0.0299038  0.5594   0.523752  0.0222024   0.0423911
1.0521    530   0.35   0.867699   0.0299038  0.5233   0.497387  0.04134   0.0831144
1.16941    530   0.45   0.867699   0.0299038  0.4771   0.407984  0.0666275   0.163309
1.32286    530   0.55   0.867699   0.0299038  0.4176   0.315679  0.169994   0.538503
1.67508    530   0.65   0.867699   0.0299038  0.3425   0.204468  3.67312   17.9643
0.254464    530   0.75   0.867699   0.0299038  0.2517   0.989139  0.021981   0.0222224
-0.1515    530   0.85   0.867699   0.0299038  0.1515   -1  0.000313307   -0.000313307
0.05853    530   0.95   0.867699   0.0299038  0.05853   1  0.00171425   0.00171425
9.93719e-08    550   -0.95   0.883371   0.0342496  9.937e-08   0.999981  0.00179344   0.00179347
0.747147    550   -0.85   0.883371   0.0342496  0.7347   0.98334  0.00266071   0.00270579
0.897    550   -0.75   0.883371   0.0342496  0.7519   0.838239  0.019489   0.0232499
0.839833    550   -0.65   0.883371   0.0342496  0.7396   0.880651  0.0107184   0.012171
0.847651    550   -0.55   0.883371   0.0342496  0.7232   0.853181  0.0120218   0.0140906
0.869597    550   -0.45   0.883371   0.0342496  0.7067   0.812675  0.0128895   0.0158606
0.871899    550   -0.35   0.883371   0.0342496  0.6906   0.792064  0.0123952   0.0156492
0.904449    550   -0.25   0.883371   0.0342496  0.6748   0.74609  0.0126143   0.0169072
0.90533    550   -0.15   0.883371   0.0342496  0.6585   0.727359  0.0126993   0.0174595
0.917173    550   -0.05   0.883371   0.0342496  0.6409   0.698778  0.013478   0.019288
0.971539    550   0.05   0.883371   0.0342496  0.6209   0.639089  0.0141778   0.0221844
1.06007    550   0.15   0.883371   0.0342496  0.5971   0.563265  0.017848   0.0316867
0.951214    550   0.25   0.883371   0.0342496  0.5675   0.596606  0.0242492   0.0406452
1.06527    550   0.35   0.883371   0.0342496  0.5297   0.497245  0.0391613   0.0787565
1.22509    550   0.45   0.883371   0.0342496  0.4804   0.392133  0.0693636   0.176888
1.1187    550   0.55   0.883371   0.0342496  0.4164   0.372217  0.131078   0.352155
-1.24147    550   0.65   0.883371   0.0342496  0.335   -0.269842  0.227728   -0.843931
0.670549    550   0.75   0.883371   0.0342496  0.2373   0.353889  3.27659   9.25881
-0.211322    550   0.85   0.883371   0.0342496  0.1324   -0.626532  1.00321   -1.60121
0.0485784    550   0.95   0.883371   0.0342496  0.0425   0.874874  0.037354   0.0426964
5.42005e-08    570   -0.95   0.931358   0.0279216  5.056e-08   0.932833  0.00814549   0.00873199
0.856524    570   -0.85   0.931358   0.0279216  0.6607   0.771374  0.0428386   0.0555354
0.875829    570   -0.75   0.931358   0.0279216  0.7275   0.830642  0.0148144   0.0178349
0.887872    570   -0.65   0.931358   0.0279216  0.7333   0.825907  0.0118452   0.0143421
0.887024    570   -0.55   0.931358   0.0279216  0.7254   0.817791  0.0102096   0.0124844
0.869452    570   -0.45   0.931358   0.0279216  0.7136   0.820747  0.00926954   0.011294
1.1864    570   -0.35   0.931358   0.0279216  0.7004   0.590358  0.00709837   0.0120238
0.898103    570   -0.25   0.931358   0.0279216  0.6865   0.764389  0.00952412   0.0124598
0.926184    570   -0.15   0.931358   0.0279216  0.6715   0.725018  0.00979212   0.013506
0.958289    570   -0.05   0.931358   0.0279216  0.6548   0.683301  0.0100335   0.0146839
0.968286    570   0.05   0.931358   0.0279216  0.6353   0.656108  0.0110227   0.0168001
1.04452    570   0.15   0.931358   0.0279216  0.6116   0.585534  0.0132467   0.0226233
1.05321    570   0.25   0.931358   0.0279216  0.5816   0.552217  0.0154517   0.0279812
1.1156    570   0.35   0.931358   0.0279216  0.5424   0.486197  0.0243685   0.0501206
1.77512    570   0.45   0.931358   0.0279216  0.4907   0.276432  0.0440719   0.159431
3.13996    570   0.55   0.931358   0.0279216  0.4224   0.134524  0.15019   1.11646
2.40344    570   0.65   0.931358   0.0279216  0.3349   0.139342  0.24307   1.74441
-0.847849    570   0.75   0.931358   0.0279216  0.2297   -0.270921  2.5038   -9.24181
0.162973    570   0.85   0.931358   0.0279216  0.1189   0.729567  4.36798   5.98709
0.0522425    570   0.95   0.931358   0.0279216  0.02994   0.573097  0.0311167   0.0542957
8.52119e-08    590   -0.95   0.883601   0.0241135  3.111e-08   0.36509  0.116395   0.318812
0.702134    590   -0.85   0.883601   0.0241135  0.5722   0.814944  0.0194955   0.0239225
0.838257    590   -0.75   0.883601   0.0241135  0.6915   0.824926  0.0131788   0.0159757
0.845009    590   -0.65   0.883601   0.0241135  0.7211   0.853364  0.00812913   0.00952598
0.869358    590   -0.55   0.883601   0.0241135  0.7253   0.834294  0.00769203   0.00921981
0.858447    590   -0.45   0.883601   0.0241135  0.7204   0.83919  0.00688566   0.00820513
0.887508    590   -0.35   0.883601   0.0241135  0.7116   0.801796  0.00763249   0.00951924
0.889086    590   -0.25   0.883601   0.0241135  0.7006   0.788  0.00715702   0.00908251
0.927985    590   -0.15   0.883601   0.0241135  0.6878   0.741176  0.0079076   0.010669
0.953408    590   -0.05   0.883601   0.0241135  0.6727   0.705574  0.0127591   0.0180833
0.96748    590   0.05   0.883601   0.0241135  0.6546   0.676603  0.0100273   0.0148201
1.01243    590   0.15   0.883601   0.0241135  0.6318   0.624041  0.0099548   0.0159522
1.05016    590   0.25   0.883601   0.0241135  0.6022   0.573436  0.0123619   0.0215576
1.22894    590   0.35   0.883601   0.0241135  0.5629   0.458038  0.0185471   0.0404925
1.72301    590   0.45   0.883601   0.0241135  0.5099   0.295935  0.0362522   0.122501
-4.9468    590   0.55   0.883601   0.0241135  0.4389   -0.0887241  0.292115   -3.2924
2.17846    590   0.65   0.883601   0.0241135  0.3466   0.159103  0.1302   0.818338
1.29044    590   0.75   0.883601   0.0241135  0.2348   0.181954  0.224567   1.2342
-0.1174    590   0.85   0.883601   0.0241135  0.1174   -1  1.11425e-05   -1.11425e-05
0.0522425    590   0.95   0.883601   0.0241135  0.02552   -0.227271  0.0282332   0.0542957
4.28555e-08    610   -0.95   0.880257   0.0190585  2.146e-08   0.500753  0.109826   0.219322
0.708019    610   -0.85   0.880257   0.0190585  0.4849   0.684869  0.0461234   0.0673463
0.783671    610   -0.75   0.880257   0.0190585  0.6491   0.828281  0.0117812   0.0142237
0.80399    610   -0.65   0.880257   0.0190585  0.7055   0.877499  0.00562466   0.00640988
0.839348    610   -0.55   0.880257   0.0190585  0.7244   0.863051  0.00591105   0.00684902
0.859317    610   -0.45   0.880257   0.0190585  0.7281   0.847301  0.00654782   0.00772786
0.879055    610   -0.35   0.880257   0.0190585  0.7249   0.824636  0.00703006   0.00852505
0.900722    610   -0.25   0.880257   0.0190585  0.7179   0.797027  0.00751011   0.00942265
0.914268    610   -0.15   0.880257   0.0190585  0.708   0.77439  0.00774156   0.00999698
0.924311    610   -0.05   0.880257   0.0190585  0.6955   0.752452  0.00843645   0.0112119
0.966081    610   0.05   0.880257   0.0190585  0.6795   0.703357  0.0092207   0.0131096
1.03706    610   0.15   0.880257   0.0190585  0.6588   0.635256  0.0100217   0.0157758
1.09438    610   0.25   0.880257   0.0190585  0.6312   0.576765  0.0120573   0.020905
1.19012    610   0.35   0.880257   0.0190585  0.5935   0.49869  0.0170739   0.0342375
1.22138    610   0.45   0.880257   0.0190585  0.5416   0.443432  0.0305698   0.0689391
4.95001    610   0.55   0.880257   0.0190585  0.4708   0.0951109  0.122384   1.28675
1.73802    610   0.65   0.880257   0.0190585  0.3772   0.217028  0.158032   0.728164
-0.370523    610   0.75   0.880257   0.0190585  0.2619   -0.706838  0.146692   -0.207533
0.303403    610   0.85   0.880257   0.0190585  0.1383   0.45583  0.342867   0.752182
0.0522425    610   0.95   0.880257   0.0190585  0.03716   1  6.23076e-05   0.0542957
1.593e-08    630   -0.95   0.822104   0.026204  1.593e-08   1  1.92639e-05   1.92639e-05
0.59919    630   -0.85   0.822104   0.026204  0.409   0.682588  0.0808595   0.11846
0.731866    630   -0.75   0.822104   0.026204  0.6062   0.828294  0.0229874   0.0277527
0.794875    630   -0.65   0.822104   0.026204  0.6894   0.867306  0.0143299   0.0165223
0.840086    630   -0.55   0.822104   0.026204  0.7243   0.862174  0.0128906   0.0149513
0.835829    630   -0.45   0.822104   0.026204  0.7379   0.882836  0.00814143   0.00922191
0.821176    630   -0.35   0.822104   0.026204  0.7413   0.90273  0.00112072   0.00124148
0.862675    630   -0.25   0.822104   0.026204  0.7391   0.856754  0.0110965   0.0129518
0.865147    630   -0.15   0.822104   0.026204  0.7332   0.847486  0.0117499   0.0138644
0.945049    630   -0.05   0.822104   0.026204  0.7241   0.766204  0.0153292   0.0200067
0.995644    630   0.05   0.822104   0.026204  0.7115   0.714613  0.017085   0.023908
0.988112    630   0.15   0.822104   0.026204  0.6944   0.702754  0.0182354   0.0259485
1.10982    630   0.25   0.822104   0.026204  0.6706   0.604243  0.0217   0.0359127
1.09663    630   0.35   0.822104   0.026204  0.6372   0.581054  0.0294969   0.0507645
1.30473    630   0.45   0.822104   0.026204  0.59   0.452202  0.056105   0.124071
3.39476    630   0.55   0.822104   0.026204  0.5241   0.154385  0.159006   1.02993
-3.74952    630   0.65   0.822104   0.026204  0.435   -0.116015  1.21999   -10.5158
-0.343157    630   0.75   0.822104   0.026204  0.3221   -0.938638  10.7804   -11.4852
-0.1944    630   0.85   0.822104   0.026204  0.1944   -1  3.44838e-05   -3.44838e-05
0.0522425    630   0.95   0.822104   0.026204  0.07535   0.013019  0.0540937   0.0542957
