1302	1305	0.010	0.876	0.023	1.378	0.798
1302	1305	0.016	0.845	0.021	0.644	0.222
1302	1305	0.019	0.807	0.022	0.241	0.140
1302	1305	0.021	0.764	0.024	0.225	0.102
1302	1305	0.023	0.718	0.025	0.253	0.075
1302	1305	0.025	0.668	0.026	0.315	0.064
1302	1305	0.027	0.615	0.028	0.318	0.057
1302	1305	0.029	0.559	0.029	0.346	0.051
1302	1305	0.030	0.500	0.030	0.483	0.048
1302	1305	0.031	0.438	0.032	0.447	0.045
1302	1305	0.032	0.374	0.033	0.534	0.043
1302	1305	0.033	0.309	0.033	0.499	0.041
1302	1305	0.034	0.242	0.034	0.532	0.040
1302	1305	0.034	0.173	0.034	0.504	0.039
1302	1305	0.035	0.105	0.035	0.585	0.038
1302	1305	0.035	0.035	0.035	0.574	0.039
1302	1305	0.035	-0.035	0.035	0.590	0.039
1302	1305	0.035	-0.104	0.034	0.616	0.040
1302	1305	0.035	-0.173	0.034	0.667	0.043
1302	1305	0.034	-0.242	0.034	0.647	0.045
1302	1305	0.033	-0.309	0.033	0.644	0.046
1302	1305	0.033	-0.374	0.032	0.616	0.048
1302	1305	0.032	-0.438	0.031	0.647	0.049
1302	1305	0.031	-0.499	0.030	0.650	0.052
1302	1305	0.029	-0.559	0.029	0.692	0.057
1302	1305	0.028	-0.614	0.027	0.662	0.063
1302	1305	0.027	-0.668	0.025	0.668	0.072
1302	1305	0.026	-0.718	0.023	0.850	0.092
1302	1305	0.024	-0.764	0.021	0.530	0.112
1302	1305	0.021	-0.808	0.020	0.667	0.149
1302	1305	0.020	-0.846	0.017	0.436	0.198
1302	1305	0.017	-0.882	0.016	0.653	0.247
1302	1305	0.015	-0.912	0.013	0.152	0.338
1302	1305	0.013	-0.938	0.011	0.595	0.428
1302	1305	0.009	-0.961	0.010	-0.036	0.629
1302	1305	0.008	-0.977	0.006	-0.063	0.820
1305	1308	0.008	0.874	0.025	0.310	0.634
1305	1308	0.016	0.845	0.021	0.258	0.216
1305	1308	0.019	0.807	0.022	0.464	0.122
1305	1308	0.021	0.764	0.024	0.297	0.094
1305	1308	0.023	0.718	0.025	0.403	0.074
1305	1308	0.026	0.668	0.026	0.454	0.062
1305	1308	0.027	0.615	0.028	0.445	0.054
1305	1308	0.029	0.559	0.029	0.423	0.048
1305	1308	0.030	0.500	0.030	0.443	0.045
1305	1308	0.031	0.438	0.032	0.447	0.042
1305	1308	0.032	0.374	0.033	0.545	0.040
1305	1308	0.033	0.309	0.033	0.571	0.038
1305	1308	0.034	0.242	0.034	0.558	0.037
1305	1308	0.034	0.173	0.034	0.496	0.036
1305	1308	0.035	0.105	0.035	0.612	0.036
1305	1308	0.035	0.035	0.035	0.570	0.036
1305	1308	0.035	-0.035	0.035	0.615	0.037
1305	1308	0.035	-0.104	0.034	0.567	0.038
1305	1308	0.035	-0.173	0.034	0.652	0.041
1305	1308	0.034	-0.242	0.034	0.657	0.042
1305	1308	0.033	-0.309	0.033	0.714	0.043
1305	1308	0.032	-0.374	0.032	0.661	0.044
1305	1308	0.032	-0.438	0.031	0.706	0.046
1305	1308	0.031	-0.499	0.030	0.666	0.048
1305	1308	0.029	-0.558	0.028	0.583	0.052
1305	1308	0.028	-0.615	0.027	0.627	0.058
1305	1308	0.027	-0.668	0.025	0.623	0.066
1305	1308	0.026	-0.717	0.023	0.560	0.084
1305	1308	0.024	-0.764	0.021	0.724	0.106
1305	1308	0.021	-0.808	0.020	0.817	0.134
1305	1308	0.019	-0.847	0.018	0.546	0.170
1305	1308	0.017	-0.882	0.016	0.843	0.230
1305	1308	0.015	-0.912	0.013	0.451	0.303
1305	1308	0.012	-0.939	0.011	0.156	0.459
1305	1308	0.011	-0.960	0.009	-0.560	0.559
1305	1308	0.008	-0.977	0.007	1.108	0.700
1308	1311	0.003	0.869	0.030	-0.247	1.344
1308	1311	0.015	0.844	0.022	0.435	0.263
1308	1311	0.019	0.807	0.022	0.249	0.170
1308	1311	0.022	0.765	0.023	0.208	0.121
1308	1311	0.023	0.718	0.025	0.254	0.098
1308	1311	0.025	0.668	0.026	0.231	0.083
1308	1311	0.027	0.615	0.028	0.397	0.071
1308	1311	0.029	0.559	0.029	0.508	0.064
1308	1311	0.030	0.499	0.030	0.376	0.060
1308	1311	0.031	0.438	0.032	0.475	0.056
1308	1311	0.032	0.374	0.033	0.543	0.053
1308	1311	0.033	0.309	0.033	0.526	0.051
1308	1311	0.034	0.242	0.034	0.533	0.050
1308	1311	0.034	0.174	0.034	0.602	0.048
1308	1311	0.035	0.104	0.035	0.671	0.048
1308	1311	0.035	0.035	0.035	0.562	0.048
1308	1311	0.035	-0.034	0.034	0.632	0.049
1308	1311	0.035	-0.104	0.034	0.564	0.052
1308	1311	0.035	-0.173	0.034	0.630	0.055
1308	1311	0.034	-0.242	0.034	0.651	0.056
1308	1311	0.033	-0.309	0.033	0.647	0.058
1308	1311	0.032	-0.374	0.032	0.585	0.059
1308	1311	0.032	-0.438	0.031	0.677	0.062
1308	1311	0.031	-0.499	0.030	0.579	0.063
1308	1311	0.029	-0.558	0.028	0.620	0.069
1308	1311	0.028	-0.615	0.027	0.753	0.077
1308	1311	0.027	-0.668	0.025	0.601	0.089
1308	1311	0.025	-0.718	0.023	0.626	0.108
1308	1311	0.024	-0.764	0.021	0.799	0.142
1308	1311	0.021	-0.808	0.020	0.472	0.178
1308	1311	0.020	-0.846	0.017	0.977	0.234
1308	1311	0.017	-0.882	0.016	0.408	0.332
1308	1311	0.015	-0.913	0.014	0.007	0.389
1308	1311	0.012	-0.939	0.011	-0.066	0.496
1308	1311	0.011	-0.959	0.008	0.536	0.647
1308	1311	0.008	-0.977	0.007	-0.251	0.847
1311	1314	0.002	0.868	0.031	0.124	0.740
1311	1314	0.015	0.844	0.022	0.157	0.270
1311	1314	0.019	0.807	0.022	0.130	0.160
1311	1314	0.021	0.764	0.024	0.332	0.111
1311	1314	0.023	0.718	0.025	0.395	0.086
1311	1314	0.025	0.668	0.027	0.358	0.071
1311	1314	0.027	0.615	0.028	0.443	0.062
1311	1314	0.028	0.558	0.030	0.495	0.056
1311	1314	0.030	0.499	0.030	0.377	0.051
1311	1314	0.031	0.438	0.032	0.466	0.048
1311	1314	0.032	0.374	0.033	0.526	0.046
1311	1314	0.033	0.309	0.033	0.555	0.044
1311	1314	0.034	0.242	0.034	0.533	0.042
1311	1314	0.034	0.173	0.034	0.526	0.042
1311	1314	0.035	0.105	0.035	0.590	0.042
1311	1314	0.035	0.035	0.035	0.560	0.042
1311	1314	0.035	-0.034	0.034	0.613	0.043
1311	1314	0.035	-0.104	0.034	0.602	0.045
1311	1314	0.035	-0.173	0.034	0.566	0.048
1311	1314	0.034	-0.242	0.034	0.684	0.048
1311	1314	0.033	-0.309	0.033	0.642	0.050
1311	1314	0.033	-0.374	0.032	0.672	0.050
1311	1314	0.032	-0.438	0.031	0.636	0.053
1311	1314	0.031	-0.499	0.030	0.714	0.055
1311	1314	0.029	-0.559	0.029	0.670	0.060
1311	1314	0.028	-0.615	0.027	0.649	0.066
1311	1314	0.027	-0.668	0.025	0.690	0.077
1311	1314	0.025	-0.718	0.023	0.689	0.096
1311	1314	0.024	-0.764	0.021	0.602	0.117
1311	1314	0.022	-0.807	0.019	0.650	0.153
1311	1314	0.019	-0.847	0.018	0.499	0.200
1311	1314	0.017	-0.882	0.015	0.385	0.251
1311	1314	0.015	-0.912	0.013	0.477	0.391
1311	1314	0.013	-0.938	0.011	0.064	0.445
1311	1314	0.011	-0.960	0.009	0.415	0.584
1311	1314	0.007	-0.978	0.008	-0.298	0.687
1314	1317	0.015	0.844	0.022	0.009	0.245
1314	1317	0.018	0.806	0.023	0.346	0.142
1314	1317	0.022	0.765	0.023	0.333	0.099
1314	1317	0.023	0.718	0.025	0.382	0.075
1314	1317	0.025	0.668	0.027	0.301	0.062
1314	1317	0.027	0.615	0.028	0.415	0.055
1314	1317	0.028	0.558	0.029	0.352	0.049
1314	1317	0.030	0.499	0.031	0.354	0.045
1314	1317	0.031	0.438	0.032	0.602	0.043
1314	1317	0.032	0.374	0.032	0.523	0.041
1314	1317	0.033	0.309	0.033	0.472	0.038
1314	1317	0.034	0.242	0.034	0.529	0.037
1314	1317	0.034	0.173	0.035	0.539	0.037
1314	1317	0.035	0.104	0.035	0.564	0.036
1314	1317	0.035	0.035	0.035	0.579	0.036
1314	1317	0.035	-0.034	0.034	0.571	0.038
1314	1317	0.035	-0.104	0.034	0.650	0.041
1314	1317	0.035	-0.173	0.034	0.724	0.042
1314	1317	0.034	-0.242	0.034	0.678	0.042
1314	1317	0.033	-0.309	0.033	0.733	0.042
1314	1317	0.032	-0.374	0.032	0.609	0.044
1314	1317	0.032	-0.438	0.031	0.665	0.046
1314	1317	0.031	-0.499	0.030	0.657	0.047
1314	1317	0.029	-0.558	0.029	0.621	0.052
1314	1317	0.028	-0.615	0.027	0.688	0.057
1314	1317	0.027	-0.668	0.025	0.543	0.067
1314	1317	0.026	-0.717	0.023	0.743	0.082
1314	1317	0.024	-0.764	0.021	0.780	0.106
1314	1317	0.022	-0.807	0.019	0.855	0.146
1314	1317	0.019	-0.847	0.018	0.726	0.181
1314	1317	0.017	-0.882	0.016	0.376	0.211
1314	1317	0.015	-0.913	0.014	0.513	0.319
1314	1317	0.012	-0.939	0.012	0.717	0.432
1314	1317	0.010	-0.960	0.009	0.704	0.644
1314	1317	0.008	-0.977	0.007	0.692	0.822
1317	1320	0.017	0.883	0.016	0.363	0.608
1317	1320	0.015	0.844	0.022	0.046	0.209
1317	1320	0.019	0.807	0.022	0.179	0.134
1317	1320	0.021	0.764	0.024	0.204	0.092
1317	1320	0.023	0.718	0.025	0.222	0.069
1317	1320	0.025	0.668	0.027	0.273	0.057
1317	1320	0.027	0.615	0.028	0.438	0.050
1317	1320	0.028	0.558	0.029	0.399	0.045
1317	1320	0.030	0.499	0.031	0.384	0.041
1317	1320	0.031	0.438	0.032	0.521	0.038
1317	1320	0.032	0.374	0.033	0.480	0.036
1317	1320	0.033	0.309	0.033	0.453	0.035
1317	1320	0.034	0.242	0.034	0.574	0.034
1317	1320	0.034	0.173	0.035	0.595	0.033
1317	1320	0.035	0.104	0.035	0.522	0.033
1317	1320	0.035	0.035	0.034	0.600	0.034
1317	1320	0.035	-0.034	0.034	0.601	0.036
1317	1320	0.035	-0.104	0.034	0.650	0.037
1317	1320	0.034	-0.173	0.034	0.671	0.038
1317	1320	0.034	-0.242	0.034	0.669	0.039
1317	1320	0.033	-0.309	0.033	0.696	0.039
1317	1320	0.032	-0.374	0.032	0.728	0.040
1317	1320	0.032	-0.438	0.031	0.659	0.041
1317	1320	0.031	-0.499	0.030	0.686	0.044
1317	1320	0.029	-0.559	0.029	0.631	0.048
1317	1320	0.028	-0.615	0.027	0.696	0.052
1317	1320	0.027	-0.668	0.025	0.698	0.061
1317	1320	0.026	-0.718	0.023	0.752	0.073
1317	1320	0.023	-0.765	0.022	0.682	0.095
1317	1320	0.021	-0.808	0.020	0.609	0.134
1317	1320	0.019	-0.847	0.018	0.888	0.161
1317	1320	0.017	-0.882	0.016	0.635	0.194
1317	1320	0.015	-0.912	0.013	0.147	0.306
1317	1320	0.013	-0.938	0.011	0.442	0.400
1317	1320	0.011	-0.959	0.008	-0.690	0.750
1317	1320	0.008	-0.977	0.006	-0.465	0.788
1320	1323	0.017	0.883	0.016	-0.371	0.698
1320	1323	0.015	0.844	0.022	0.310	0.322
1320	1323	0.019	0.807	0.022	0.134	0.174
1320	1323	0.021	0.764	0.024	0.256	0.112
1320	1323	0.023	0.718	0.025	0.477	0.088
1320	1323	0.025	0.668	0.026	0.432	0.071
1320	1323	0.027	0.615	0.028	0.304	0.062
1320	1323	0.028	0.558	0.029	0.390	0.055
1320	1323	0.030	0.500	0.030	0.394	0.052
1320	1323	0.031	0.438	0.032	0.431	0.047
1320	1323	0.032	0.374	0.033	0.567	0.045
1320	1323	0.033	0.309	0.033	0.547	0.043
1320	1323	0.034	0.242	0.034	0.530	0.041
1320	1323	0.034	0.173	0.034	0.537	0.041
1320	1323	0.035	0.105	0.035	0.574	0.040
1320	1323	0.035	0.035	0.034	0.543	0.041
1320	1323	0.036	-0.034	0.034	0.600	0.043
1320	1323	0.035	-0.104	0.035	0.650	0.046
1320	1323	0.034	-0.174	0.035	0.679	0.047
1320	1323	0.034	-0.242	0.034	0.726	0.047
1320	1323	0.033	-0.309	0.033	0.636	0.046
1320	1323	0.032	-0.374	0.032	0.678	0.049
1320	1323	0.032	-0.438	0.031	0.709	0.051
1320	1323	0.030	-0.499	0.030	0.578	0.054
1320	1323	0.029	-0.559	0.029	0.662	0.059
1320	1323	0.028	-0.614	0.027	0.592	0.064
1320	1323	0.027	-0.668	0.025	0.706	0.075
1320	1323	0.026	-0.717	0.023	0.682	0.090
1320	1323	0.023	-0.765	0.022	0.639	0.123
1320	1323	0.022	-0.807	0.019	0.586	0.152
1320	1323	0.020	-0.846	0.017	0.547	0.202
1320	1323	0.017	-0.882	0.016	0.749	0.234
1320	1323	0.015	-0.912	0.014	0.258	0.377
1320	1323	0.012	-0.939	0.012	-0.138	0.455
1320	1323	0.010	-0.960	0.009	0.403	0.784
1320	1323	0.008	-0.977	0.007	0.638	0.833
1323	1326	0.015	0.844	0.022	0.258	0.250
1323	1326	0.019	0.807	0.022	0.084	0.128
1323	1326	0.021	0.764	0.024	0.256	0.093
1323	1326	0.023	0.718	0.025	0.448	0.070
1323	1326	0.025	0.668	0.026	0.316	0.058
1323	1326	0.027	0.615	0.028	0.305	0.050
1323	1326	0.029	0.558	0.029	0.387	0.044
1323	1326	0.030	0.499	0.030	0.391	0.041
1323	1326	0.031	0.438	0.032	0.423	0.038
1323	1326	0.032	0.374	0.032	0.483	0.036
1323	1326	0.033	0.309	0.033	0.500	0.034
1323	1326	0.034	0.242	0.034	0.516	0.033
1323	1326	0.034	0.173	0.035	0.575	0.032
1323	1326	0.035	0.105	0.035	0.580	0.032
1323	1326	0.035	0.035	0.034	0.593	0.034
1323	1326	0.035	-0.034	0.034	0.665	0.036
1323	1326	0.035	-0.105	0.035	0.668	0.037
1323	1326	0.034	-0.174	0.034	0.698	0.037
1323	1326	0.034	-0.242	0.034	0.764	0.036
1323	1326	0.033	-0.309	0.033	0.579	0.037
1323	1326	0.033	-0.374	0.032	0.671	0.038
1323	1326	0.032	-0.438	0.031	0.687	0.040
1323	1326	0.031	-0.499	0.030	0.712	0.043
1323	1326	0.029	-0.558	0.028	0.702	0.045
1323	1326	0.028	-0.615	0.027	0.638	0.051
1323	1326	0.027	-0.668	0.025	0.576	0.058
1323	1326	0.026	-0.718	0.023	0.761	0.071
1323	1326	0.024	-0.764	0.021	0.688	0.092
1323	1326	0.021	-0.808	0.020	0.863	0.120
1323	1326	0.020	-0.846	0.017	0.701	0.161
1323	1326	0.017	-0.881	0.015	0.651	0.205
1323	1326	0.015	-0.912	0.014	0.458	0.306
1323	1326	0.013	-0.938	0.011	0.302	0.355
1323	1326	0.011	-0.959	0.008	-0.572	0.609
1323	1326	0.005	-0.979	0.009	-0.059	0.858
1326	1329	0.017	0.883	0.016	-0.002	0.506
1326	1329	0.013	0.842	0.024	0.424	0.295
1326	1329	0.018	0.806	0.023	0.265	0.133
1326	1329	0.021	0.764	0.024	0.236	0.087
1326	1329	0.023	0.718	0.025	0.415	0.073
1326	1329	0.025	0.668	0.027	0.343	0.058
1326	1329	0.027	0.615	0.028	0.352	0.051
1326	1329	0.029	0.558	0.029	0.344	0.046
1326	1329	0.030	0.499	0.031	0.485	0.042
1326	1329	0.031	0.438	0.031	0.374	0.038
1326	1329	0.032	0.374	0.032	0.505	0.036
1326	1329	0.033	0.309	0.033	0.528	0.035
1326	1329	0.034	0.242	0.034	0.544	0.034
1326	1329	0.034	0.173	0.034	0.519	0.033
1326	1329	0.035	0.105	0.035	0.554	0.033
1326	1329	0.035	0.035	0.034	0.575	0.034
1326	1329	0.035	-0.035	0.035	0.665	0.036
1326	1329	0.035	-0.104	0.035	0.676	0.037
1326	1329	0.034	-0.174	0.034	0.632	0.036
1326	1329	0.034	-0.242	0.034	0.705	0.036
1326	1329	0.033	-0.309	0.033	0.644	0.038
1326	1329	0.032	-0.374	0.032	0.710	0.039
1326	1329	0.031	-0.438	0.031	0.669	0.041
1326	1329	0.030	-0.499	0.030	0.742	0.044
1326	1329	0.029	-0.558	0.029	0.744	0.047
1326	1329	0.028	-0.615	0.027	0.634	0.052
1326	1329	0.027	-0.668	0.025	0.716	0.059
1326	1329	0.025	-0.718	0.023	0.664	0.070
1326	1329	0.024	-0.764	0.021	0.652	0.096
1326	1329	0.021	-0.808	0.020	0.836	0.128
1326	1329	0.019	-0.847	0.018	0.537	0.152
1326	1329	0.017	-0.882	0.016	0.633	0.216
1326	1329	0.015	-0.912	0.013	0.246	0.328
1326	1329	0.013	-0.938	0.011	0.517	0.470
1326	1329	0.010	-0.960	0.009	-0.079	0.650
1326	1329	0.007	-0.978	0.007	0.517	0.586
1329	1332	0.017	0.883	0.016	0.236	0.653
1329	1332	0.012	0.841	0.025	0.431	0.462
1329	1332	0.019	0.807	0.022	0.294	0.186
1329	1332	0.021	0.764	0.024	0.307	0.126
1329	1332	0.023	0.718	0.025	0.357	0.100
1329	1332	0.025	0.668	0.027	0.314	0.078
1329	1332	0.027	0.615	0.028	0.368	0.067
1329	1332	0.029	0.559	0.029	0.493	0.060
1329	1332	0.030	0.499	0.031	0.468	0.056
1329	1332	0.031	0.438	0.031	0.319	0.051
1329	1332	0.032	0.374	0.033	0.505	0.048
1329	1332	0.033	0.308	0.034	0.587	0.047
1329	1332	0.034	0.242	0.034	0.568	0.045
1329	1332	0.035	0.174	0.034	0.609	0.044
1329	1332	0.035	0.105	0.034	0.624	0.045
1329	1332	0.036	0.036	0.034	0.632	0.047
1329	1332	0.035	-0.034	0.034	0.553	0.048
1329	1332	0.035	-0.105	0.035	0.581	0.048
1329	1332	0.034	-0.174	0.034	0.647	0.049
1329	1332	0.034	-0.242	0.034	0.689	0.049
1329	1332	0.033	-0.309	0.033	0.727	0.050
1329	1332	0.033	-0.374	0.032	0.674	0.053
1329	1332	0.032	-0.438	0.031	0.637	0.055
1329	1332	0.030	-0.499	0.030	0.653	0.059
1329	1332	0.030	-0.558	0.028	0.735	0.060
1329	1332	0.028	-0.615	0.027	0.600	0.070
1329	1332	0.027	-0.668	0.025	0.845	0.077
1329	1332	0.026	-0.718	0.023	0.535	0.097
1329	1332	0.023	-0.765	0.022	0.619	0.116
1329	1332	0.021	-0.808	0.020	0.548	0.161
1329	1332	0.020	-0.846	0.017	0.427	0.200
1329	1332	0.018	-0.881	0.015	0.371	0.245
1329	1332	0.014	-0.913	0.014	0.523	0.359
1329	1332	0.012	-0.939	0.012	0.077	0.579
1329	1332	0.011	-0.959	0.008	0.515	0.764
1329	1332	0.009	-0.976	0.006	0.576	0.719
1332	1335	0.017	0.883	0.016	0.821	0.767
1332	1335	0.013	0.842	0.024	0.149	0.380
1332	1335	0.019	0.807	0.022	0.441	0.145
1332	1335	0.021	0.764	0.024	0.301	0.102
1332	1335	0.023	0.718	0.025	0.375	0.074
1332	1335	0.025	0.668	0.027	0.359	0.059
1332	1335	0.027	0.615	0.028	0.284	0.053
1332	1335	0.029	0.559	0.029	0.383	0.046
1332	1335	0.030	0.499	0.031	0.448	0.041
1332	1335	0.031	0.438	0.032	0.380	0.038
1332	1335	0.032	0.374	0.033	0.496	0.036
1332	1335	0.033	0.309	0.033	0.523	0.035
1332	1335	0.034	0.242	0.034	0.530	0.033
1332	1335	0.035	0.174	0.034	0.537	0.033
1332	1335	0.035	0.105	0.034	0.615	0.033
1332	1335	0.035	0.035	0.034	0.574	0.035
1332	1335	0.035	-0.035	0.035	0.568	0.036
1332	1335	0.035	-0.105	0.035	0.632	0.035
1332	1335	0.034	-0.173	0.034	0.660	0.036
1332	1335	0.034	-0.242	0.034	0.657	0.036
1332	1335	0.033	-0.309	0.033	0.638	0.037
1332	1335	0.032	-0.374	0.032	0.668	0.039
1332	1335	0.032	-0.438	0.031	0.708	0.040
1332	1335	0.030	-0.499	0.030	0.710	0.043
1332	1335	0.029	-0.559	0.029	0.696	0.047
1332	1335	0.028	-0.615	0.027	0.698	0.051
1332	1335	0.027	-0.668	0.025	0.599	0.059
1332	1335	0.025	-0.718	0.023	0.757	0.073
1332	1335	0.024	-0.764	0.021	0.770	0.088
1332	1335	0.022	-0.807	0.019	0.781	0.117
1332	1335	0.020	-0.846	0.017	0.617	0.151
1332	1335	0.017	-0.882	0.016	0.614	0.203
1332	1335	0.015	-0.913	0.014	0.147	0.334
1332	1335	0.013	-0.938	0.011	0.755	0.544
1332	1335	0.012	-0.959	0.008	0.361	0.563
1332	1335	0.009	-0.976	0.005	0.154	0.565
1335	1338	0.017	0.883	0.016	-0.268	0.798
1335	1338	0.012	0.841	0.025	-0.028	0.414
1335	1338	0.019	0.807	0.022	-0.138	0.163
1335	1338	0.021	0.764	0.024	0.152	0.096
1335	1338	0.023	0.718	0.025	0.322	0.070
1335	1338	0.025	0.668	0.027	0.346	0.057
1335	1338	0.027	0.615	0.028	0.317	0.052
1335	1338	0.028	0.558	0.029	0.370	0.046
1335	1338	0.030	0.499	0.031	0.372	0.041
1335	1338	0.031	0.438	0.032	0.373	0.038
1335	1338	0.032	0.374	0.033	0.433	0.036
1335	1338	0.033	0.309	0.033	0.479	0.033
1335	1338	0.034	0.242	0.034	0.532	0.033
1335	1338	0.035	0.174	0.034	0.577	0.032
1335	1338	0.035	0.105	0.034	0.565	0.033
1335	1338	0.035	0.035	0.034	0.574	0.035
1335	1338	0.035	-0.035	0.035	0.705	0.035
1335	1338	0.035	-0.104	0.035	0.645	0.034
1335	1338	0.034	-0.174	0.034	0.621	0.035
1335	1338	0.034	-0.242	0.034	0.630	0.035
1335	1338	0.033	-0.309	0.033	0.612	0.036
1335	1338	0.032	-0.374	0.032	0.693	0.039
1335	1338	0.032	-0.438	0.031	0.657	0.040
1335	1338	0.030	-0.499	0.030	0.714	0.042
1335	1338	0.029	-0.559	0.029	0.746	0.046
1335	1338	0.028	-0.615	0.027	0.740	0.049
1335	1338	0.027	-0.668	0.025	0.684	0.058
1335	1338	0.025	-0.718	0.023	0.636	0.069
1335	1338	0.024	-0.764	0.021	0.707	0.085
1335	1338	0.022	-0.808	0.019	1.017	0.113
1335	1338	0.019	-0.847	0.018	0.554	0.141
1335	1338	0.017	-0.881	0.015	0.707	0.191
1335	1338	0.015	-0.912	0.014	0.470	0.341
1335	1338	0.013	-0.938	0.011	0.021	0.459
1335	1338	0.009	-0.961	0.010	0.078	0.655
1335	1338	0.007	-0.978	0.007	0.569	0.653
1338	1341	0.017	0.883	0.016	-0.402	0.925
1338	1341	0.014	0.843	0.023	0.619	0.373
1338	1341	0.018	0.806	0.023	0.090	0.141
1338	1341	0.021	0.764	0.024	0.102	0.100
1338	1341	0.023	0.718	0.025	0.194	0.074
1338	1341	0.025	0.668	0.027	0.137	0.058
1338	1341	0.027	0.614	0.028	0.283	0.049
1338	1341	0.028	0.558	0.030	0.445	0.044
1338	1341	0.030	0.499	0.031	0.464	0.040
1338	1341	0.031	0.438	0.032	0.479	0.037
1338	1341	0.032	0.374	0.032	0.450	0.034
1338	1341	0.033	0.309	0.033	0.465	0.033
1338	1341	0.034	0.242	0.034	0.572	0.032
1338	1341	0.034	0.174	0.034	0.529	0.031
1338	1341	0.035	0.105	0.034	0.589	0.033
1338	1341	0.035	0.035	0.034	0.613	0.034
1338	1341	0.035	-0.035	0.035	0.650	0.034
1338	1341	0.035	-0.105	0.035	0.604	0.033
1338	1341	0.034	-0.174	0.035	0.654	0.034
1338	1341	0.034	-0.242	0.034	0.641	0.035
1338	1341	0.033	-0.309	0.033	0.656	0.035
1338	1341	0.033	-0.374	0.032	0.719	0.037
1338	1341	0.031	-0.438	0.031	0.672	0.039
1338	1341	0.030	-0.499	0.030	0.725	0.041
1338	1341	0.029	-0.559	0.029	0.655	0.044
1338	1341	0.028	-0.614	0.027	0.668	0.049
1338	1341	0.027	-0.667	0.025	0.722	0.057
1338	1341	0.026	-0.718	0.023	0.871	0.067
1338	1341	0.024	-0.764	0.021	0.617	0.085
1338	1341	0.022	-0.807	0.019	0.735	0.109
1338	1341	0.019	-0.847	0.018	0.885	0.138
1338	1341	0.017	-0.881	0.015	0.640	0.182
1338	1341	0.015	-0.912	0.013	0.324	0.282
1338	1341	0.012	-0.939	0.012	0.117	0.411
1338	1341	0.011	-0.959	0.008	0.234	0.555
1338	1341	0.010	-0.975	0.005	0.000	0.799
1341	1344	0.017	0.883	0.016	0.160	0.605
1341	1344	0.011	0.840	0.026	0.008	0.387
1341	1344	0.018	0.806	0.023	0.033	0.148
1341	1344	0.021	0.764	0.024	0.292	0.091
1341	1344	0.023	0.718	0.026	0.259	0.072
1341	1344	0.025	0.668	0.026	0.335	0.058
1341	1344	0.027	0.615	0.028	0.323	0.050
1341	1344	0.028	0.558	0.029	0.367	0.043
1341	1344	0.030	0.499	0.031	0.355	0.040
1341	1344	0.031	0.438	0.032	0.458	0.037
1341	1344	0.032	0.374	0.033	0.488	0.034
1341	1344	0.033	0.308	0.034	0.516	0.033
1341	1344	0.034	0.242	0.034	0.553	0.032
1341	1344	0.034	0.174	0.034	0.554	0.032
1341	1344	0.035	0.105	0.034	0.569	0.033
1341	1344	0.035	0.035	0.035	0.634	0.034
1341	1344	0.035	-0.035	0.035	0.603	0.033
1341	1344	0.035	-0.105	0.035	0.603	0.033
1341	1344	0.034	-0.174	0.034	0.688	0.034
1341	1344	0.034	-0.242	0.034	0.627	0.034
1341	1344	0.033	-0.309	0.033	0.662	0.036
1341	1344	0.033	-0.374	0.032	0.701	0.037
1341	1344	0.031	-0.438	0.031	0.659	0.039
1341	1344	0.030	-0.500	0.030	0.740	0.042
1341	1344	0.029	-0.558	0.029	0.742	0.044
1341	1344	0.028	-0.615	0.027	0.775	0.049
1341	1344	0.027	-0.668	0.025	0.807	0.057
1341	1344	0.026	-0.718	0.023	0.716	0.066
1341	1344	0.024	-0.764	0.021	0.692	0.081
1341	1344	0.022	-0.807	0.019	0.806	0.107
1341	1344	0.019	-0.847	0.018	0.781	0.148
1341	1344	0.017	-0.881	0.015	0.506	0.170
1341	1344	0.014	-0.913	0.014	0.457	0.274
1341	1344	0.012	-0.939	0.012	0.473	0.535
1341	1344	0.013	-0.957	0.006	0.179	0.552
1341	1344	0.009	-0.976	0.005	0.022	0.710
1344	1347	0.017	0.883	0.016	0.003	0.593
1344	1347	0.010	0.839	0.027	0.111	0.429
1344	1347	0.017	0.805	0.024	0.257	0.168
1344	1347	0.021	0.764	0.024	0.242	0.109
1344	1347	0.023	0.718	0.026	0.228	0.074
1344	1347	0.025	0.668	0.027	0.221	0.059
1344	1347	0.027	0.615	0.028	0.287	0.051
1344	1347	0.029	0.559	0.029	0.285	0.045
1344	1347	0.030	0.499	0.031	0.389	0.041
1344	1347	0.031	0.438	0.031	0.422	0.038
1344	1347	0.032	0.374	0.033	0.452	0.036
1344	1347	0.033	0.308	0.034	0.553	0.034
1344	1347	0.034	0.242	0.034	0.491	0.033
1344	1347	0.035	0.174	0.034	0.515	0.033
1344	1347	0.035	0.105	0.034	0.530	0.034
1344	1347	0.035	0.035	0.035	0.597	0.034
1344	1347	0.035	-0.035	0.035	0.596	0.034
1344	1347	0.035	-0.104	0.035	0.698	0.033
1344	1347	0.035	-0.173	0.034	0.655	0.034
1344	1347	0.034	-0.242	0.034	0.695	0.034
1344	1347	0.033	-0.309	0.033	0.674	0.036
1344	1347	0.033	-0.374	0.032	0.702	0.038
1344	1347	0.032	-0.438	0.031	0.616	0.039
1344	1347	0.031	-0.499	0.030	0.783	0.043
1344	1347	0.029	-0.559	0.029	0.747	0.045
1344	1347	0.028	-0.615	0.027	0.671	0.051
1344	1347	0.027	-0.668	0.025	0.789	0.056
1344	1347	0.026	-0.718	0.023	0.652	0.068
1344	1347	0.024	-0.765	0.021	0.734	0.085
1344	1347	0.022	-0.807	0.019	0.820	0.109
1344	1347	0.019	-0.847	0.018	0.716	0.134
1344	1347	0.017	-0.882	0.016	0.659	0.178
1344	1347	0.015	-0.913	0.014	0.672	0.295
1344	1347	0.014	-0.937	0.010	0.403	0.436
1344	1347	0.013	-0.958	0.007	0.145	0.699
1344	1347	0.012	-0.972	0.002	0.134	0.576
1347	1350	0.017	0.883	0.016	-0.011	0.339
1347	1350	0.008	0.837	0.029	0.129	0.490
1347	1350	0.017	0.805	0.024	0.017	0.189
1347	1350	0.021	0.764	0.024	0.112	0.104
1347	1350	0.023	0.718	0.026	0.217	0.073
1347	1350	0.025	0.668	0.026	0.201	0.059
1347	1350	0.027	0.615	0.028	0.262	0.051
1347	1350	0.028	0.558	0.030	0.363	0.046
1347	1350	0.030	0.499	0.031	0.334	0.041
1347	1350	0.031	0.438	0.032	0.420	0.037
1347	1350	0.032	0.374	0.033	0.447	0.036
1347	1350	0.033	0.309	0.033	0.537	0.034
1347	1350	0.034	0.242	0.034	0.458	0.033
1347	1350	0.035	0.174	0.034	0.518	0.033
1347	1350	0.035	0.105	0.034	0.585	0.034
1347	1350	0.035	0.035	0.035	0.559	0.035
1347	1350	0.035	-0.035	0.035	0.632	0.033
1347	1350	0.035	-0.104	0.035	0.646	0.032
1347	1350	0.034	-0.174	0.034	0.632	0.034
1347	1350	0.034	-0.242	0.034	0.664	0.034
1347	1350	0.034	-0.308	0.033	0.672	0.036
1347	1350	0.033	-0.374	0.032	0.702	0.038
1347	1350	0.032	-0.438	0.031	0.740	0.040
1347	1350	0.031	-0.499	0.030	0.714	0.043
1347	1350	0.029	-0.558	0.028	0.660	0.044
1347	1350	0.028	-0.615	0.027	0.731	0.049
1347	1350	0.027	-0.668	0.025	0.766	0.056
1347	1350	0.025	-0.718	0.023	0.709	0.065
1347	1350	0.023	-0.765	0.021	0.746	0.084
1347	1350	0.022	-0.807	0.019	0.684	0.110
1347	1350	0.020	-0.846	0.017	0.854	0.142
1347	1350	0.017	-0.882	0.016	0.712	0.188
1347	1350	0.014	-0.913	0.014	0.289	0.303
1347	1350	0.013	-0.938	0.011	0.163	0.398
1347	1350	0.012	-0.959	0.008	0.633	0.698
1347	1350	0.010	-0.974	0.004	-0.283	0.624
1350	1353	0.017	0.883	0.016	0.046	0.506
1350	1353	0.002	0.831	0.035	0.492	0.444
1350	1353	0.018	0.806	0.023	0.333	0.180
1350	1353	0.021	0.764	0.024	0.108	0.125
1350	1353	0.022	0.717	0.026	0.290	0.084
1350	1353	0.025	0.668	0.026	0.361	0.063
1350	1353	0.027	0.615	0.028	0.362	0.053
1350	1353	0.028	0.558	0.030	0.293	0.048
1350	1353	0.030	0.499	0.031	0.285	0.044
1350	1353	0.031	0.438	0.032	0.390	0.040
1350	1353	0.032	0.374	0.033	0.442	0.038
1350	1353	0.033	0.309	0.033	0.463	0.036
1350	1353	0.034	0.242	0.034	0.504	0.035
1350	1353	0.034	0.174	0.034	0.538	0.036
1350	1353	0.035	0.105	0.035	0.551	0.036
1350	1353	0.034	0.034	0.035	0.595	0.036
1350	1353	0.035	-0.035	0.035	0.673	0.034
1350	1353	0.035	-0.104	0.035	0.669	0.034
1350	1353	0.035	-0.173	0.034	0.634	0.036
1350	1353	0.034	-0.241	0.033	0.652	0.037
1350	1353	0.033	-0.309	0.033	0.719	0.038
1350	1353	0.033	-0.374	0.032	0.698	0.039
1350	1353	0.031	-0.438	0.031	0.636	0.041
1350	1353	0.031	-0.499	0.030	0.758	0.043
1350	1353	0.030	-0.558	0.028	0.721	0.048
1350	1353	0.028	-0.615	0.027	0.810	0.053
1350	1353	0.027	-0.668	0.025	0.844	0.057
1350	1353	0.025	-0.718	0.023	0.668	0.069
1350	1353	0.023	-0.765	0.022	0.755	0.085
1350	1353	0.021	-0.808	0.020	0.771	0.114
1350	1353	0.020	-0.846	0.017	0.990	0.159
1350	1353	0.018	-0.881	0.015	0.548	0.198
1350	1353	0.016	-0.911	0.012	0.393	0.297
1350	1353	0.013	-0.938	0.011	0.711	0.448
1350	1353	0.009	-0.961	0.010	-0.028	0.688
1350	1353	0.006	-0.979	0.009	0.638	0.623
1353	1356	0.017	0.883	0.016	-2.334	2.271
1353	1356	0.001	0.830	0.036	-0.189	0.568
1353	1356	0.018	0.806	0.023	0.468	0.187
1353	1356	0.021	0.764	0.024	0.118	0.107
1353	1356	0.023	0.718	0.026	0.112	0.082
1353	1356	0.025	0.668	0.027	0.234	0.062
1353	1356	0.027	0.615	0.028	0.266	0.055
1353	1356	0.028	0.558	0.029	0.372	0.050
1353	1356	0.030	0.500	0.030	0.316	0.043
1353	1356	0.031	0.438	0.032	0.475	0.040
1353	1356	0.032	0.374	0.033	0.378	0.036
1353	1356	0.033	0.309	0.033	0.428	0.036
1353	1356	0.034	0.242	0.034	0.470	0.034
1353	1356	0.035	0.174	0.034	0.503	0.035
1353	1356	0.035	0.105	0.034	0.597	0.035
1353	1356	0.035	0.035	0.035	0.606	0.035
1353	1356	0.035	-0.035	0.035	0.618	0.035
1353	1356	0.035	-0.104	0.035	0.674	0.034
1353	1356	0.035	-0.173	0.034	0.660	0.035
1353	1356	0.034	-0.242	0.034	0.739	0.037
1353	1356	0.033	-0.309	0.033	0.676	0.037
1353	1356	0.033	-0.374	0.032	0.725	0.039
1353	1356	0.032	-0.438	0.031	0.750	0.040
1353	1356	0.030	-0.500	0.030	0.761	0.044
1353	1356	0.029	-0.559	0.029	0.658	0.047
1353	1356	0.028	-0.615	0.027	0.747	0.052
1353	1356	0.026	-0.668	0.025	0.714	0.059
1353	1356	0.025	-0.718	0.023	0.684	0.068
1353	1356	0.024	-0.764	0.021	0.650	0.088
1353	1356	0.021	-0.808	0.020	0.799	0.105
1353	1356	0.019	-0.847	0.018	0.626	0.144
1353	1356	0.018	-0.881	0.015	0.666	0.227
1353	1356	0.015	-0.912	0.013	0.494	0.297
1353	1356	0.013	-0.938	0.011	0.334	0.436
1353	1356	0.012	-0.958	0.007	-0.558	0.565
1353	1356	0.009	-0.976	0.005	-0.466	0.461
1356	1359	0.017	0.883	0.016	-0.315	0.552
1356	1359	0.019	0.848	0.018	0.422	0.431
1356	1359	0.017	0.805	0.024	0.467	0.190
1356	1359	0.020	0.763	0.025	0.107	0.117
1356	1359	0.023	0.717	0.026	0.091	0.083
1356	1359	0.025	0.668	0.027	0.284	0.060
1356	1359	0.027	0.614	0.028	0.263	0.053
1356	1359	0.029	0.558	0.029	0.272	0.045
1356	1359	0.030	0.499	0.031	0.398	0.041
1356	1359	0.031	0.438	0.032	0.374	0.039
1356	1359	0.032	0.374	0.033	0.404	0.036
1356	1359	0.033	0.309	0.033	0.485	0.033
1356	1359	0.034	0.242	0.034	0.544	0.033
1356	1359	0.034	0.174	0.034	0.534	0.034
1356	1359	0.034	0.104	0.035	0.600	0.035
1356	1359	0.035	0.035	0.035	0.564	0.032
1356	1359	0.035	-0.035	0.035	0.585	0.032
1356	1359	0.035	-0.104	0.035	0.650	0.031
1356	1359	0.035	-0.173	0.034	0.679	0.033
1356	1359	0.034	-0.242	0.034	0.648	0.034
1356	1359	0.033	-0.309	0.033	0.723	0.035
1356	1359	0.033	-0.374	0.032	0.706	0.036
1356	1359	0.032	-0.438	0.031	0.728	0.039
1356	1359	0.030	-0.500	0.030	0.772	0.042
1356	1359	0.029	-0.558	0.028	0.720	0.044
1356	1359	0.028	-0.615	0.027	0.732	0.049
1356	1359	0.027	-0.668	0.025	0.723	0.056
1356	1359	0.025	-0.718	0.023	0.705	0.063
1356	1359	0.023	-0.765	0.021	0.702	0.083
1356	1359	0.022	-0.807	0.019	0.541	0.103
1356	1359	0.019	-0.847	0.018	0.751	0.134
1356	1359	0.018	-0.880	0.014	0.624	0.176
1356	1359	0.015	-0.912	0.013	0.485	0.252
1356	1359	0.013	-0.938	0.011	0.454	0.454
1356	1359	0.013	-0.958	0.006	0.535	0.567
1359	1362	0.017	0.883	0.016	0.194	0.531
1359	1362	0.019	0.848	0.018	0.000	0.389
1359	1362	0.017	0.805	0.024	0.048	0.213
1359	1362	0.021	0.764	0.024	0.174	0.119
1359	1362	0.023	0.718	0.026	0.243	0.079
1359	1362	0.025	0.668	0.027	0.215	0.060
1359	1362	0.027	0.615	0.028	0.231	0.052
1359	1362	0.029	0.559	0.029	0.331	0.044
1359	1362	0.030	0.499	0.031	0.337	0.041
1359	1362	0.031	0.438	0.032	0.443	0.037
1359	1362	0.032	0.374	0.033	0.408	0.034
1359	1362	0.033	0.309	0.033	0.476	0.033
1359	1362	0.034	0.242	0.033	0.493	0.033
1359	1362	0.035	0.174	0.034	0.478	0.034
1359	1362	0.035	0.105	0.035	0.554	0.034
1359	1362	0.035	0.035	0.035	0.611	0.032
1359	1362	0.035	-0.035	0.035	0.644	0.031
1359	1362	0.035	-0.104	0.035	0.646	0.032
1359	1362	0.035	-0.173	0.034	0.704	0.032
1359	1362	0.034	-0.242	0.034	0.648	0.033
1359	1362	0.033	-0.309	0.033	0.756	0.034
1359	1362	0.032	-0.374	0.032	0.678	0.036
1359	1362	0.031	-0.438	0.031	0.733	0.038
1359	1362	0.031	-0.499	0.030	0.721	0.041
1359	1362	0.029	-0.559	0.029	0.775	0.046
1359	1362	0.028	-0.615	0.027	0.628	0.046
1359	1362	0.027	-0.668	0.025	0.645	0.053
1359	1362	0.026	-0.718	0.023	0.761	0.063
1359	1362	0.024	-0.764	0.021	0.717	0.074
1359	1362	0.022	-0.807	0.019	0.792	0.103
1359	1362	0.020	-0.846	0.017	0.696	0.117
1359	1362	0.017	-0.881	0.015	0.698	0.169
1359	1362	0.014	-0.913	0.014	0.306	0.377
1359	1362	0.013	-0.938	0.011	0.645	0.425
1359	1362	0.012	-0.958	0.007	-0.031	0.583
1359	1362	0.007	-0.978	0.008	-0.006	0.612
1362	1365	0.017	0.883	0.016	0.028	0.781
1362	1365	0.019	0.848	0.018	0.000	0.077
1362	1365	0.016	0.804	0.025	0.289	0.240
1362	1365	0.020	0.763	0.025	0.219	0.121
1362	1365	0.023	0.718	0.026	0.179	0.082
1362	1365	0.025	0.668	0.027	0.265	0.061
1362	1365	0.027	0.614	0.028	0.248	0.052
1362	1365	0.028	0.558	0.029	0.311	0.044
1362	1365	0.030	0.499	0.031	0.330	0.039
1362	1365	0.031	0.438	0.032	0.444	0.037
1362	1365	0.032	0.374	0.033	0.447	0.033
1362	1365	0.033	0.308	0.034	0.473	0.033
1362	1365	0.034	0.242	0.034	0.489	0.033
1362	1365	0.035	0.174	0.034	0.537	0.034
1362	1365	0.035	0.104	0.035	0.499	0.033
1362	1365	0.035	0.035	0.035	0.613	0.031
1362	1365	0.035	-0.035	0.035	0.617	0.031
1362	1365	0.035	-0.105	0.035	0.624	0.031
1362	1365	0.035	-0.173	0.034	0.679	0.032
1362	1365	0.034	-0.242	0.034	0.664	0.032
1362	1365	0.033	-0.309	0.033	0.706	0.034
1362	1365	0.033	-0.374	0.032	0.666	0.035
1362	1365	0.032	-0.438	0.031	0.671	0.037
1362	1365	0.030	-0.499	0.030	0.794	0.041
1362	1365	0.029	-0.559	0.029	0.742	0.043
1362	1365	0.028	-0.615	0.027	0.788	0.047
1362	1365	0.027	-0.668	0.025	0.668	0.053
1362	1365	0.025	-0.718	0.023	0.677	0.064
1362	1365	0.024	-0.764	0.021	0.781	0.073
1362	1365	0.022	-0.807	0.019	0.643	0.102
1362	1365	0.019	-0.847	0.018	0.664	0.125
1362	1365	0.017	-0.882	0.016	0.765	0.188
1362	1365	0.015	-0.912	0.013	0.706	0.306
1362	1365	0.015	-0.936	0.009	0.214	0.408
1362	1365	0.010	-0.960	0.009	0.037	0.484
1362	1365	0.004	-0.981	0.011	-0.000	0.729
1365	1368	0.017	0.883	0.016	0.079	0.392
1365	1368	0.019	0.848	0.018	-0.000	0.523
1365	1368	0.017	0.805	0.024	0.130	0.211
1365	1368	0.020	0.764	0.024	0.211	0.125
1365	1368	0.023	0.718	0.025	0.074	0.077
1365	1368	0.025	0.668	0.027	0.231	0.061
1365	1368	0.027	0.615	0.028	0.360	0.053
1365	1368	0.028	0.558	0.030	0.304	0.043
1365	1368	0.030	0.499	0.031	0.406	0.040
1365	1368	0.031	0.438	0.032	0.431	0.038
1365	1368	0.032	0.374	0.033	0.466	0.034
1365	1368	0.033	0.309	0.033	0.475	0.034
1365	1368	0.034	0.242	0.033	0.548	0.033
1365	1368	0.035	0.174	0.034	0.502	0.035
1365	1368	0.035	0.105	0.034	0.565	0.033
1365	1368	0.035	0.035	0.035	0.639	0.031
1365	1368	0.035	-0.035	0.035	0.593	0.031
1365	1368	0.035	-0.104	0.035	0.660	0.032
1365	1368	0.034	-0.174	0.034	0.677	0.031
1365	1368	0.034	-0.242	0.034	0.693	0.033
1365	1368	0.034	-0.308	0.033	0.680	0.034
1365	1368	0.032	-0.374	0.032	0.719	0.035
1365	1368	0.032	-0.438	0.031	0.757	0.039
1365	1368	0.031	-0.499	0.030	0.736	0.041
1365	1368	0.029	-0.559	0.029	0.794	0.044
1365	1368	0.028	-0.615	0.027	0.703	0.048
1365	1368	0.027	-0.668	0.025	0.723	0.050
1365	1368	0.025	-0.718	0.023	0.849	0.063
1365	1368	0.023	-0.765	0.021	0.754	0.074
1365	1368	0.022	-0.808	0.020	0.737	0.094
1365	1368	0.019	-0.847	0.018	0.643	0.124
1365	1368	0.017	-0.882	0.016	0.717	0.171
1365	1368	0.016	-0.911	0.012	0.046	0.290
1365	1368	0.014	-0.937	0.010	0.386	0.404
1365	1368	0.013	-0.957	0.006	-0.110	0.499
1365	1368	0.003	-0.982	0.012	-0.000	0.703
1368	1371	0.017	0.883	0.016	0.080	0.357
1368	1371	0.019	0.848	0.018	-0.000	0.430
1368	1371	0.016	0.804	0.025	0.411	0.222
1368	1371	0.021	0.764	0.024	0.351	0.133
1368	1371	0.023	0.717	0.026	0.070	0.080
1368	1371	0.025	0.668	0.027	0.312	0.059
1368	1371	0.027	0.615	0.028	0.258	0.051
1368	1371	0.028	0.558	0.029	0.329	0.045
1368	1371	0.030	0.500	0.030	0.460	0.041
1368	1371	0.031	0.438	0.032	0.360	0.038
1368	1371	0.032	0.374	0.033	0.378	0.035
1368	1371	0.033	0.309	0.033	0.482	0.034
1368	1371	0.035	0.242	0.033	0.485	0.035
1368	1371	0.034	0.173	0.034	0.585	0.035
1368	1371	0.035	0.104	0.035	0.573	0.032
1368	1371	0.035	0.035	0.035	0.569	0.031
1368	1371	0.035	-0.035	0.035	0.590	0.030
1368	1371	0.035	-0.104	0.035	0.683	0.031
1368	1371	0.035	-0.173	0.034	0.649	0.032
1368	1371	0.034	-0.242	0.034	0.641	0.032
1368	1371	0.034	-0.308	0.033	0.691	0.034
1368	1371	0.033	-0.374	0.032	0.722	0.035
1368	1371	0.032	-0.438	0.031	0.675	0.037
1368	1371	0.030	-0.500	0.030	0.769	0.041
1368	1371	0.029	-0.558	0.028	0.764	0.045
1368	1371	0.028	-0.615	0.027	0.806	0.048
1368	1371	0.027	-0.668	0.025	0.686	0.052
1368	1371	0.025	-0.718	0.023	0.819	0.060
1368	1371	0.024	-0.764	0.021	0.784	0.074
1368	1371	0.022	-0.808	0.019	0.685	0.101
1368	1371	0.020	-0.846	0.017	0.667	0.134
1368	1371	0.018	-0.880	0.014	0.594	0.179
1368	1371	0.015	-0.912	0.013	0.895	0.296
1368	1371	0.013	-0.938	0.011	0.246	0.396
1368	1371	0.013	-0.958	0.006	-0.050	0.509
1371	1374	0.017	0.883	0.016	0.488	0.536
1371	1374	0.019	0.848	0.018	0.058	0.495
1371	1374	0.015	0.803	0.026	0.454	0.302
1371	1374	0.020	0.763	0.025	-0.089	0.121
1371	1374	0.023	0.718	0.026	0.039	0.079
1371	1374	0.025	0.668	0.027	0.247	0.059
1371	1374	0.027	0.615	0.028	0.232	0.050
1371	1374	0.028	0.558	0.029	0.260	0.046
1371	1374	0.030	0.499	0.030	0.394	0.040
1371	1374	0.031	0.438	0.032	0.390	0.037
1371	1374	0.032	0.374	0.033	0.458	0.035
1371	1374	0.033	0.309	0.033	0.478	0.034
1371	1374	0.035	0.242	0.033	0.508	0.034
1371	1374	0.034	0.174	0.034	0.548	0.034
1371	1374	0.035	0.104	0.035	0.622	0.032
1371	1374	0.035	0.035	0.035	0.590	0.030
1371	1374	0.034	-0.035	0.035	0.624	0.030
1371	1374	0.035	-0.105	0.035	0.664	0.031
1371	1374	0.035	-0.173	0.034	0.720	0.031
1371	1374	0.034	-0.242	0.034	0.635	0.032
1371	1374	0.034	-0.308	0.033	0.674	0.034
1371	1374	0.033	-0.374	0.032	0.642	0.034
1371	1374	0.032	-0.438	0.031	0.755	0.037
1371	1374	0.030	-0.499	0.030	0.718	0.039
1371	1374	0.029	-0.559	0.029	0.706	0.042
1371	1374	0.028	-0.615	0.027	0.861	0.049
1371	1374	0.026	-0.668	0.026	0.738	0.054
1371	1374	0.025	-0.718	0.023	0.743	0.059
1371	1374	0.024	-0.764	0.021	0.830	0.074
1371	1374	0.021	-0.808	0.020	0.748	0.102
1371	1374	0.020	-0.846	0.017	0.778	0.122
1371	1374	0.017	-0.882	0.016	0.460	0.166
1371	1374	0.016	-0.911	0.013	0.457	0.248
1371	1374	0.013	-0.938	0.010	0.503	0.449
1371	1374	0.010	-0.960	0.009	-0.027	0.447
1371	1374	0.004	-0.980	0.010	0.000	0.748
1374	1377	0.017	0.883	0.016	-0.000	0.450
1374	1377	0.019	0.848	0.018	-0.181	0.482
1374	1377	0.015	0.803	0.026	-0.018	0.265
1374	1377	0.020	0.763	0.025	0.276	0.130
1374	1377	0.023	0.717	0.026	0.118	0.085
1374	1377	0.025	0.668	0.027	0.096	0.059
1374	1377	0.027	0.615	0.028	0.252	0.052
1374	1377	0.028	0.558	0.030	0.360	0.044
1374	1377	0.029	0.499	0.031	0.384	0.041
1374	1377	0.031	0.437	0.032	0.379	0.037
1374	1377	0.032	0.374	0.032	0.387	0.034
1374	1377	0.033	0.309	0.033	0.448	0.034
1374	1377	0.034	0.242	0.033	0.512	0.034
1374	1377	0.034	0.173	0.035	0.556	0.034
1374	1377	0.034	0.104	0.035	0.537	0.032
1374	1377	0.035	0.035	0.035	0.617	0.030
1374	1377	0.035	-0.035	0.035	0.662	0.029
1374	1377	0.035	-0.104	0.035	0.688	0.030
1374	1377	0.035	-0.173	0.034	0.643	0.030
1374	1377	0.034	-0.242	0.034	0.713	0.031
1374	1377	0.034	-0.308	0.033	0.650	0.032
1374	1377	0.032	-0.374	0.032	0.727	0.034
1374	1377	0.032	-0.438	0.031	0.703	0.036
1374	1377	0.031	-0.499	0.030	0.727	0.039
1374	1377	0.029	-0.558	0.028	0.748	0.041
1374	1377	0.028	-0.614	0.027	0.800	0.047
1374	1377	0.027	-0.668	0.025	0.741	0.051
1374	1377	0.025	-0.718	0.023	0.818	0.061
1374	1377	0.023	-0.765	0.021	0.604	0.070
1374	1377	0.022	-0.807	0.019	0.865	0.095
1374	1377	0.020	-0.846	0.017	0.571	0.119
1374	1377	0.017	-0.882	0.016	0.657	0.162
1374	1377	0.015	-0.912	0.013	0.716	0.256
1374	1377	0.013	-0.938	0.010	0.175	0.405
1374	1377	0.014	-0.956	0.005	0.265	0.614
1374	1377	0.007	-0.978	0.007	-0.088	0.488
1377	1380	0.017	0.883	0.016	0.349	0.470
1377	1380	0.019	0.848	0.018	-0.022	0.315
1377	1380	0.016	0.804	0.025	-0.070	0.276
1377	1380	0.020	0.763	0.025	0.285	0.133
1377	1380	0.023	0.718	0.025	0.089	0.079
1377	1380	0.025	0.668	0.027	0.213	0.061
1377	1380	0.027	0.615	0.028	0.198	0.049
1377	1380	0.029	0.558	0.029	0.283	0.044
1377	1380	0.030	0.499	0.031	0.378	0.039
1377	1380	0.031	0.438	0.032	0.395	0.035
1377	1380	0.032	0.374	0.033	0.392	0.034
1377	1380	0.034	0.309	0.033	0.448	0.034
1377	1380	0.034	0.242	0.033	0.546	0.034
1377	1380	0.034	0.173	0.035	0.601	0.033
1377	1380	0.035	0.104	0.035	0.631	0.030
1377	1380	0.035	0.035	0.035	0.633	0.029
1377	1380	0.035	-0.035	0.035	0.598	0.029
1377	1380	0.035	-0.105	0.035	0.651	0.029
1377	1380	0.035	-0.173	0.034	0.665	0.030
1377	1380	0.034	-0.242	0.034	0.723	0.031
1377	1380	0.033	-0.309	0.033	0.697	0.032
1377	1380	0.032	-0.374	0.032	0.718	0.034
1377	1380	0.032	-0.438	0.031	0.790	0.036
1377	1380	0.031	-0.499	0.030	0.705	0.037
1377	1380	0.030	-0.558	0.028	0.752	0.041
1377	1380	0.028	-0.615	0.027	0.729	0.046
1377	1380	0.027	-0.668	0.025	0.811	0.050
1377	1380	0.025	-0.718	0.024	0.842	0.060
1377	1380	0.024	-0.764	0.021	0.699	0.072
1377	1380	0.022	-0.807	0.019	0.782	0.088
1377	1380	0.019	-0.847	0.018	0.536	0.116
1377	1380	0.018	-0.881	0.015	0.776	0.166
1377	1380	0.015	-0.912	0.013	0.927	0.265
1377	1380	0.014	-0.937	0.010	0.345	0.368
1377	1380	0.013	-0.958	0.007	-0.043	0.372
1377	1380	0.008	-0.976	0.006	0.125	0.506
1380	1382	0.017	0.883	0.016	-0.415	0.373
1380	1382	0.019	0.848	0.018	0.605	0.665
1380	1382	0.015	0.803	0.026	0.397	0.264
1380	1382	0.019	0.762	0.026	-0.031	0.218
1380	1382	0.022	0.717	0.026	0.248	0.079
1380	1382	0.025	0.668	0.027	0.281	0.063
1380	1382	0.027	0.615	0.028	0.362	0.052
1380	1382	0.028	0.558	0.030	0.333	0.043
1380	1382	0.030	0.499	0.031	0.298	0.041
1380	1382	0.031	0.438	0.032	0.442	0.036
1380	1382	0.032	0.374	0.032	0.466	0.034
1380	1382	0.034	0.309	0.033	0.481	0.034
1380	1382	0.034	0.242	0.034	0.514	0.034
1380	1382	0.034	0.173	0.035	0.636	0.034
1380	1382	0.034	0.104	0.035	0.630	0.030
1380	1382	0.035	0.035	0.035	0.610	0.029
1380	1382	0.034	-0.035	0.035	0.594	0.029
1380	1382	0.035	-0.104	0.035	0.671	0.030
1380	1382	0.035	-0.173	0.034	0.645	0.030
1380	1382	0.034	-0.242	0.034	0.707	0.030
1380	1382	0.033	-0.309	0.033	0.699	0.032
1380	1382	0.033	-0.374	0.032	0.771	0.033
1380	1382	0.032	-0.438	0.031	0.709	0.036
1380	1382	0.030	-0.499	0.030	0.735	0.037
1380	1382	0.029	-0.558	0.028	0.762	0.040
1380	1382	0.028	-0.615	0.027	0.835	0.045
1380	1382	0.027	-0.668	0.025	0.787	0.052
1380	1382	0.025	-0.718	0.023	0.745	0.059
1380	1382	0.023	-0.765	0.022	0.805	0.068
1380	1382	0.021	-0.808	0.020	0.719	0.085
1380	1382	0.020	-0.846	0.017	0.687	0.115
1380	1382	0.018	-0.881	0.015	0.612	0.174
1380	1382	0.016	-0.911	0.012	0.927	0.260
1380	1382	0.014	-0.937	0.010	0.297	0.353
1380	1382	0.010	-0.960	0.009	-0.014	0.461
1382	1385	0.017	0.883	0.016	0.090	0.658
1382	1385	0.019	0.848	0.018	0.069	0.596
1382	1385	0.015	0.803	0.026	0.194	0.299
1382	1385	0.020	0.763	0.025	0.190	0.139
1382	1385	0.023	0.717	0.026	0.236	0.087
1382	1385	0.025	0.668	0.027	0.174	0.068
1382	1385	0.027	0.615	0.028	0.353	0.053
1382	1385	0.028	0.558	0.029	0.376	0.048
1382	1385	0.030	0.499	0.031	0.254	0.042
1382	1385	0.031	0.438	0.032	0.431	0.037
1382	1385	0.032	0.374	0.033	0.376	0.036
1382	1385	0.033	0.309	0.033	0.503	0.034
1382	1385	0.034	0.242	0.034	0.551	0.035
1382	1385	0.034	0.173	0.035	0.586	0.034
1382	1385	0.034	0.104	0.035	0.591	0.031
1382	1385	0.035	0.035	0.035	0.605	0.031
1382	1385	0.035	-0.035	0.035	0.665	0.030
1382	1385	0.034	-0.105	0.035	0.607	0.031
1382	1385	0.034	-0.174	0.034	0.654	0.031
1382	1385	0.034	-0.242	0.034	0.668	0.032
1382	1385	0.033	-0.309	0.033	0.699	0.033
1382	1385	0.033	-0.374	0.032	0.649	0.035
1382	1385	0.032	-0.438	0.031	0.728	0.035
1382	1385	0.031	-0.499	0.030	0.728	0.040
1382	1385	0.029	-0.558	0.029	0.774	0.044
1382	1385	0.028	-0.615	0.027	0.727	0.044
1382	1385	0.027	-0.668	0.025	0.776	0.052
1382	1385	0.026	-0.718	0.023	0.769	0.063
1382	1385	0.023	-0.765	0.022	0.758	0.075
1382	1385	0.021	-0.808	0.020	0.736	0.097
1382	1385	0.020	-0.846	0.017	0.916	0.127
1382	1385	0.018	-0.881	0.015	0.611	0.163
1382	1385	0.014	-0.913	0.014	0.725	0.290
1382	1385	0.013	-0.939	0.011	0.252	0.356
1382	1385	0.011	-0.959	0.008	-0.338	0.467
1382	1385	0.008	-0.977	0.007	-0.175	0.495
1385	1388	0.017	0.883	0.016	0.020	0.441
1385	1388	0.019	0.848	0.018	-0.330	0.270
1385	1388	0.014	0.802	0.027	0.127	0.317
1385	1388	0.020	0.764	0.024	0.113	0.171
1385	1388	0.023	0.717	0.026	0.202	0.105
1385	1388	0.025	0.668	0.027	0.102	0.071
1385	1388	0.027	0.614	0.028	0.265	0.057
1385	1388	0.029	0.559	0.029	0.323	0.047
1385	1388	0.030	0.499	0.030	0.390	0.044
1385	1388	0.031	0.438	0.032	0.379	0.041
1385	1388	0.033	0.375	0.032	0.502	0.038
1385	1388	0.034	0.310	0.032	0.466	0.037
1385	1388	0.034	0.242	0.034	0.594	0.038
1385	1388	0.034	0.173	0.035	0.507	0.035
1385	1388	0.035	0.104	0.035	0.608	0.033
1385	1388	0.035	0.035	0.035	0.561	0.032
1385	1388	0.035	-0.035	0.035	0.629	0.031
1385	1388	0.035	-0.105	0.035	0.708	0.032
1385	1388	0.035	-0.173	0.034	0.655	0.031
1385	1388	0.034	-0.242	0.034	0.747	0.034
1385	1388	0.033	-0.309	0.033	0.741	0.034
1385	1388	0.033	-0.374	0.032	0.709	0.036
1385	1388	0.032	-0.438	0.031	0.732	0.038
1385	1388	0.031	-0.499	0.030	0.725	0.040
1385	1388	0.029	-0.558	0.028	0.822	0.047
1385	1388	0.028	-0.614	0.027	0.761	0.047
1385	1388	0.027	-0.668	0.025	0.810	0.054
1385	1388	0.025	-0.719	0.024	0.788	0.062
1385	1388	0.023	-0.765	0.021	0.631	0.069
1385	1388	0.021	-0.808	0.020	0.659	0.095
1385	1388	0.019	-0.847	0.018	0.936	0.132
1385	1388	0.017	-0.881	0.015	0.629	0.161
1385	1388	0.015	-0.912	0.014	0.334	0.261
1385	1388	0.013	-0.938	0.011	0.353	0.358
1385	1388	0.011	-0.959	0.008	-0.096	0.409
1388	1391	0.017	0.883	0.016	-0.013	0.527
1388	1391	0.019	0.848	0.018	0.038	0.164
1388	1391	0.012	0.800	0.029	0.280	0.370
1388	1391	0.021	0.764	0.024	0.090	0.148
1388	1391	0.022	0.717	0.026	0.139	0.096
1388	1391	0.025	0.668	0.027	0.042	0.068
1388	1391	0.027	0.615	0.028	0.238	0.051
1388	1391	0.028	0.558	0.030	0.234	0.045
1388	1391	0.030	0.499	0.031	0.315	0.039
1388	1391	0.031	0.437	0.032	0.361	0.037
1388	1391	0.032	0.374	0.032	0.513	0.036
1388	1391	0.034	0.309	0.033	0.533	0.035
1388	1391	0.034	0.242	0.034	0.539	0.034
1388	1391	0.034	0.173	0.035	0.587	0.032
1388	1391	0.034	0.104	0.035	0.617	0.030
1388	1391	0.035	0.035	0.035	0.611	0.030
1388	1391	0.035	-0.035	0.035	0.656	0.028
1388	1391	0.035	-0.105	0.035	0.653	0.028
1388	1391	0.034	-0.174	0.034	0.693	0.030
1388	1391	0.034	-0.241	0.033	0.719	0.031
1388	1391	0.033	-0.309	0.033	0.667	0.031
1388	1391	0.032	-0.374	0.032	0.704	0.032
1388	1391	0.032	-0.438	0.031	0.712	0.034
1388	1391	0.031	-0.499	0.030	0.759	0.036
1388	1391	0.029	-0.559	0.029	0.708	0.039
1388	1391	0.028	-0.615	0.027	0.707	0.043
1388	1391	0.027	-0.668	0.025	0.716	0.049
1388	1391	0.025	-0.718	0.023	0.800	0.059
1388	1391	0.024	-0.764	0.021	0.756	0.068
1388	1391	0.022	-0.808	0.020	0.731	0.080
1388	1391	0.019	-0.847	0.018	0.759	0.101
1388	1391	0.017	-0.882	0.016	0.857	0.151
1388	1391	0.015	-0.912	0.013	0.644	0.245
1388	1391	0.013	-0.938	0.011	0.532	0.325
1388	1391	0.012	-0.958	0.007	0.191	0.370
1388	1391	0.007	-0.978	0.008	0.209	0.588
1391	1394	0.017	0.883	0.016	0.170	0.424
1391	1394	0.019	0.848	0.018	-0.133	0.411
1391	1394	0.009	0.797	0.032	0.149	0.324
1391	1394	0.019	0.763	0.025	0.300	0.168
1391	1394	0.023	0.717	0.026	0.087	0.089
1391	1394	0.025	0.668	0.027	0.072	0.063
1391	1394	0.027	0.615	0.028	0.288	0.052
1391	1394	0.028	0.558	0.029	0.319	0.045
1391	1394	0.029	0.499	0.031	0.417	0.041
1391	1394	0.031	0.438	0.032	0.386	0.035
1391	1394	0.032	0.374	0.032	0.452	0.035
1391	1394	0.034	0.310	0.032	0.523	0.035
1391	1394	0.033	0.241	0.034	0.501	0.033
1391	1394	0.034	0.173	0.035	0.672	0.031
1391	1394	0.034	0.104	0.035	0.575	0.028
1391	1394	0.035	0.035	0.035	0.597	0.028
1391	1394	0.035	-0.035	0.035	0.636	0.028
1391	1394	0.035	-0.105	0.035	0.651	0.027
1391	1394	0.034	-0.174	0.034	0.696	0.029
1391	1394	0.034	-0.242	0.034	0.681	0.030
1391	1394	0.034	-0.309	0.033	0.691	0.030
1391	1394	0.032	-0.374	0.032	0.714	0.032
1391	1394	0.032	-0.438	0.031	0.752	0.035
1391	1394	0.031	-0.499	0.030	0.796	0.036
1391	1394	0.030	-0.558	0.028	0.767	0.040
1391	1394	0.028	-0.615	0.027	0.764	0.042
1391	1394	0.027	-0.668	0.025	0.751	0.047
1391	1394	0.025	-0.718	0.023	0.689	0.053
1391	1394	0.023	-0.765	0.021	0.808	0.061
1391	1394	0.021	-0.808	0.020	0.724	0.080
1391	1394	0.019	-0.847	0.018	0.643	0.110
1391	1394	0.018	-0.881	0.015	0.581	0.140
1391	1394	0.015	-0.912	0.013	0.588	0.235
1391	1394	0.013	-0.938	0.011	0.503	0.320
1391	1394	0.006	-0.964	0.013	0.172	0.435
1391	1394	0.014	-0.971	0.001	0.126	0.433
1394	1397	0.017	0.883	0.016	0.063	0.414
1394	1397	0.019	0.848	0.018	-0.376	0.486
1394	1397	0.005	0.793	0.036	0.055	0.352
1394	1397	0.019	0.762	0.026	0.127	0.160
1394	1397	0.022	0.717	0.026	0.098	0.094
1394	1397	0.025	0.667	0.027	0.174	0.065
1394	1397	0.027	0.614	0.028	0.222	0.050
1394	1397	0.028	0.558	0.030	0.235	0.045
1394	1397	0.030	0.499	0.031	0.311	0.038
1394	1397	0.031	0.437	0.032	0.337	0.035
1394	1397	0.033	0.375	0.032	0.454	0.033
1394	1397	0.034	0.309	0.033	0.439	0.034
1394	1397	0.033	0.241	0.035	0.597	0.033
1394	1397	0.034	0.173	0.035	0.579	0.030
1394	1397	0.034	0.104	0.035	0.597	0.028
1394	1397	0.035	0.035	0.035	0.648	0.027
1394	1397	0.035	-0.035	0.035	0.610	0.028
1394	1397	0.035	-0.104	0.034	0.657	0.028
1394	1397	0.034	-0.174	0.034	0.676	0.028
1394	1397	0.034	-0.242	0.034	0.715	0.028
1394	1397	0.033	-0.309	0.033	0.728	0.029
1394	1397	0.032	-0.374	0.032	0.725	0.031
1394	1397	0.032	-0.438	0.031	0.788	0.034
1394	1397	0.031	-0.499	0.030	0.728	0.036
1394	1397	0.029	-0.559	0.029	0.821	0.039
1394	1397	0.028	-0.615	0.027	0.743	0.040
1394	1397	0.027	-0.668	0.025	0.757	0.047
1394	1397	0.025	-0.718	0.024	0.689	0.054
1394	1397	0.023	-0.765	0.022	0.906	0.069
1394	1397	0.021	-0.808	0.020	0.626	0.079
1394	1397	0.019	-0.847	0.018	0.748	0.100
1394	1397	0.018	-0.881	0.015	0.725	0.145
1394	1397	0.015	-0.912	0.013	0.389	0.180
1394	1397	0.012	-0.939	0.012	0.192	0.310
1394	1397	0.007	-0.963	0.012	0.358	0.539
1394	1397	0.007	-0.978	0.008	-0.124	0.395
1397	1400	0.017	0.883	0.016	0.155	0.258
1397	1400	0.019	0.848	0.018	0.130	0.255
1397	1400	0.021	0.809	0.020	0.509	0.349
1397	1400	0.018	0.762	0.027	0.302	0.170
1397	1400	0.023	0.717	0.026	-0.002	0.096
1397	1400	0.025	0.668	0.027	0.202	0.064
1397	1400	0.027	0.615	0.028	0.206	0.056
1397	1400	0.028	0.558	0.030	0.279	0.047
1397	1400	0.030	0.499	0.031	0.342	0.042
1397	1400	0.031	0.438	0.032	0.436	0.038
1397	1400	0.032	0.374	0.032	0.408	0.034
1397	1400	0.034	0.309	0.033	0.496	0.037
1397	1400	0.033	0.241	0.035	0.547	0.035
1397	1400	0.034	0.173	0.035	0.550	0.031
1397	1400	0.034	0.104	0.035	0.569	0.030
1397	1400	0.035	0.035	0.035	0.605	0.028
1397	1400	0.035	-0.035	0.035	0.602	0.028
1397	1400	0.035	-0.104	0.035	0.724	0.029
1397	1400	0.034	-0.174	0.035	0.696	0.030
1397	1400	0.034	-0.242	0.034	0.701	0.030
1397	1400	0.033	-0.309	0.033	0.779	0.031
1397	1400	0.033	-0.374	0.032	0.773	0.033
1397	1400	0.032	-0.438	0.031	0.748	0.035
1397	1400	0.031	-0.499	0.030	0.709	0.037
1397	1400	0.029	-0.558	0.028	0.754	0.040
1397	1400	0.028	-0.615	0.027	0.771	0.045
1397	1400	0.027	-0.668	0.025	0.680	0.046
1397	1400	0.025	-0.719	0.024	0.754	0.054
1397	1400	0.024	-0.764	0.021	0.690	0.066
1397	1400	0.021	-0.808	0.020	0.591	0.075
1397	1400	0.019	-0.847	0.018	0.707	0.094
1397	1400	0.017	-0.882	0.016	0.460	0.145
1397	1400	0.015	-0.912	0.013	0.648	0.199
1397	1400	0.013	-0.938	0.011	0.624	0.296
1397	1400	0.008	-0.962	0.011	-0.082	0.420
1397	1400	0.009	-0.976	0.005	-0.060	0.348
1400	1403	0.017	0.883	0.016	0.020	0.277
1400	1403	0.019	0.848	0.018	0.005	0.105
1400	1403	0.021	0.809	0.020	-0.000	0.355
1400	1403	0.021	0.764	0.024	0.003	0.171
1400	1403	0.022	0.717	0.026	0.106	0.107
1400	1403	0.024	0.667	0.027	0.254	0.070
1400	1403	0.027	0.615	0.028	0.271	0.054
1400	1403	0.028	0.558	0.030	0.324	0.047
1400	1403	0.030	0.499	0.031	0.364	0.041
1400	1403	0.031	0.438	0.032	0.390	0.036
1400	1403	0.033	0.375	0.032	0.451	0.036
1400	1403	0.033	0.309	0.033	0.477	0.038
1400	1403	0.033	0.241	0.034	0.517	0.035
1400	1403	0.034	0.173	0.035	0.511	0.031
1400	1403	0.034	0.104	0.035	0.585	0.030
1400	1403	0.035	0.035	0.035	0.602	0.029
1400	1403	0.035	-0.035	0.035	0.609	0.028
1400	1403	0.035	-0.104	0.035	0.647	0.029
1400	1403	0.034	-0.174	0.034	0.652	0.029
1400	1403	0.034	-0.242	0.034	0.707	0.029
1400	1403	0.033	-0.309	0.033	0.742	0.030
1400	1403	0.033	-0.374	0.032	0.694	0.033
1400	1403	0.032	-0.438	0.031	0.745	0.035
1400	1403	0.031	-0.499	0.030	0.669	0.035
1400	1403	0.029	-0.558	0.028	0.707	0.040
1400	1403	0.028	-0.615	0.027	0.758	0.042
1400	1403	0.027	-0.668	0.025	0.645	0.048
1400	1403	0.025	-0.718	0.024	0.711	0.052
1400	1403	0.023	-0.765	0.022	0.703	0.071
1400	1403	0.021	-0.808	0.020	0.674	0.073
1400	1403	0.019	-0.847	0.018	0.607	0.094
1400	1403	0.016	-0.882	0.016	0.647	0.119
1400	1403	0.016	-0.912	0.013	0.321	0.222
1400	1403	0.013	-0.938	0.011	0.375	0.275
1400	1403	0.011	-0.959	0.008	-0.190	0.337
1400	1403	0.007	-0.978	0.008	-0.160	0.394
1403	1405	0.017	0.883	0.016	-0.076	0.580
1403	1405	0.019	0.848	0.018	0.218	0.341
1403	1405	0.021	0.809	0.020	0.817	0.318
1403	1405	0.020	0.763	0.025	0.127	0.176
1403	1405	0.023	0.718	0.025	0.057	0.097
1403	1405	0.024	0.667	0.028	0.206	0.073
1403	1405	0.027	0.615	0.028	0.258	0.057
1403	1405	0.028	0.558	0.030	0.271	0.045
1403	1405	0.029	0.499	0.031	0.369	0.039
1403	1405	0.031	0.438	0.032	0.376	0.035
1403	1405	0.033	0.375	0.032	0.448	0.036
1403	1405	0.033	0.309	0.033	0.514	0.035
1403	1405	0.033	0.241	0.034	0.579	0.034
1403	1405	0.034	0.173	0.035	0.592	0.030
1403	1405	0.034	0.104	0.035	0.642	0.028
1403	1405	0.035	0.035	0.035	0.638	0.027
1403	1405	0.035	-0.035	0.035	0.659	0.027
1403	1405	0.035	-0.104	0.034	0.650	0.028
1403	1405	0.035	-0.173	0.034	0.673	0.027
1403	1405	0.034	-0.242	0.034	0.706	0.027
1403	1405	0.034	-0.308	0.033	0.703	0.030
1403	1405	0.033	-0.374	0.032	0.713	0.029
1403	1405	0.032	-0.438	0.031	0.766	0.033
1403	1405	0.031	-0.499	0.030	0.729	0.034
1403	1405	0.029	-0.559	0.029	0.777	0.039
1403	1405	0.028	-0.615	0.027	0.755	0.041
1403	1405	0.026	-0.668	0.025	0.698	0.047
1403	1405	0.025	-0.718	0.024	0.679	0.052
1403	1405	0.023	-0.765	0.021	0.652	0.066
1403	1405	0.022	-0.807	0.019	0.761	0.082
1403	1405	0.019	-0.847	0.017	0.505	0.093
1403	1405	0.017	-0.882	0.016	0.501	0.125
1403	1405	0.015	-0.912	0.013	0.424	0.202
1403	1405	0.013	-0.938	0.011	0.084	0.304
1403	1405	0.011	-0.960	0.009	-0.249	0.362
1403	1405	0.005	-0.980	0.010	-0.016	0.383
1405	1408	0.017	0.883	0.016	-0.069	1.289
1405	1408	0.019	0.848	0.018	-0.132	0.364
1405	1408	0.019	0.762	0.026	0.066	0.180
1405	1408	0.022	0.717	0.026	-0.044	0.095
1405	1408	0.024	0.667	0.028	0.108	0.067
1405	1408	0.027	0.615	0.028	0.219	0.055
1405	1408	0.029	0.558	0.029	0.288	0.046
1405	1408	0.029	0.498	0.032	0.378	0.039
1405	1408	0.032	0.438	0.031	0.443	0.035
1405	1408	0.032	0.374	0.032	0.438	0.035
1405	1408	0.033	0.309	0.033	0.564	0.036
1405	1408	0.033	0.241	0.034	0.543	0.032
1405	1408	0.034	0.173	0.035	0.576	0.030
1405	1408	0.034	0.104	0.035	0.620	0.027
1405	1408	0.035	0.035	0.035	0.619	0.026
1405	1408	0.035	-0.035	0.035	0.647	0.027
1405	1408	0.035	-0.104	0.035	0.676	0.027
1405	1408	0.035	-0.173	0.034	0.707	0.027
1405	1408	0.033	-0.242	0.034	0.666	0.028
1405	1408	0.034	-0.308	0.033	0.714	0.028
1405	1408	0.032	-0.374	0.032	0.785	0.030
1405	1408	0.032	-0.438	0.031	0.703	0.031
1405	1408	0.031	-0.499	0.030	0.724	0.033
1405	1408	0.029	-0.559	0.029	0.763	0.036
1405	1408	0.028	-0.615	0.027	0.741	0.040
1405	1408	0.026	-0.668	0.025	0.727	0.046
1405	1408	0.025	-0.718	0.023	0.687	0.049
1405	1408	0.023	-0.765	0.022	0.670	0.059
1405	1408	0.022	-0.807	0.019	0.755	0.073
1405	1408	0.019	-0.847	0.018	0.559	0.085
1405	1408	0.018	-0.881	0.015	0.509	0.109
1405	1408	0.015	-0.912	0.013	0.291	0.179
1405	1408	0.013	-0.939	0.011	0.024	0.283
1405	1408	0.011	-0.960	0.009	-0.052	0.368
1405	1408	0.007	-0.977	0.007	0.437	0.342
1408	1411	0.017	0.883	0.016	0.057	0.288
1408	1411	0.019	0.848	0.018	0.159	0.482
1408	1411	0.021	0.809	0.020	0.419	0.343
1408	1411	0.018	0.761	0.027	-0.103	0.190
1408	1411	0.022	0.717	0.026	0.177	0.103
1408	1411	0.024	0.667	0.028	0.287	0.069
1408	1411	0.026	0.614	0.029	0.288	0.054
1408	1411	0.028	0.558	0.030	0.255	0.045
1408	1411	0.029	0.499	0.031	0.393	0.039
1408	1411	0.031	0.438	0.032	0.450	0.036
1408	1411	0.033	0.375	0.032	0.416	0.035
1408	1411	0.033	0.308	0.034	0.563	0.037
1408	1411	0.033	0.241	0.034	0.576	0.032
1408	1411	0.034	0.173	0.035	0.588	0.029
1408	1411	0.034	0.104	0.035	0.622	0.029
1408	1411	0.035	0.035	0.035	0.629	0.027
1408	1411	0.035	-0.035	0.035	0.659	0.026
1408	1411	0.034	-0.105	0.035	0.669	0.026
1408	1411	0.034	-0.174	0.034	0.655	0.026
1408	1411	0.034	-0.242	0.034	0.675	0.026
1408	1411	0.033	-0.309	0.033	0.685	0.027
1408	1411	0.033	-0.374	0.032	0.741	0.028
1408	1411	0.032	-0.438	0.031	0.680	0.031
1408	1411	0.030	-0.499	0.030	0.739	0.032
1408	1411	0.029	-0.559	0.029	0.737	0.037
1408	1411	0.028	-0.615	0.027	0.788	0.038
1408	1411	0.027	-0.668	0.025	0.715	0.046
1408	1411	0.025	-0.718	0.024	0.799	0.056
1408	1411	0.023	-0.765	0.022	0.778	0.058
1408	1411	0.022	-0.807	0.019	0.641	0.072
1408	1411	0.020	-0.846	0.017	0.416	0.094
1408	1411	0.017	-0.882	0.016	0.410	0.106
1408	1411	0.015	-0.912	0.013	0.697	0.170
1408	1411	0.015	-0.936	0.009	0.266	0.282
1408	1411	0.012	-0.958	0.007	0.345	0.340
1408	1411	0.005	-0.979	0.009	-0.029	0.298
1411	1414	0.017	0.883	0.016	-0.106	0.426
1411	1414	0.019	0.848	0.018	0.230	0.340
1411	1414	0.021	0.809	0.020	0.001	0.808
1411	1414	0.019	0.762	0.026	-0.029	0.158
1411	1414	0.023	0.717	0.026	0.154	0.113
1411	1414	0.025	0.667	0.027	0.119	0.075
1411	1414	0.027	0.615	0.028	0.214	0.056
1411	1414	0.028	0.558	0.030	0.266	0.044
1411	1414	0.029	0.499	0.031	0.364	0.039
1411	1414	0.031	0.438	0.032	0.431	0.035
1411	1414	0.033	0.375	0.032	0.464	0.036
1411	1414	0.033	0.309	0.033	0.520	0.036
1411	1414	0.033	0.241	0.035	0.578	0.032
1411	1414	0.034	0.173	0.035	0.593	0.030
1411	1414	0.034	0.104	0.035	0.652	0.027
1411	1414	0.035	0.035	0.035	0.639	0.026
1411	1414	0.035	-0.035	0.035	0.680	0.026
1411	1414	0.035	-0.104	0.034	0.690	0.026
1411	1414	0.034	-0.174	0.035	0.684	0.027
1411	1414	0.034	-0.242	0.034	0.742	0.028
1411	1414	0.033	-0.309	0.033	0.752	0.028
1411	1414	0.032	-0.374	0.032	0.771	0.029
1411	1414	0.032	-0.438	0.031	0.734	0.031
1411	1414	0.031	-0.499	0.030	0.737	0.034
1411	1414	0.029	-0.558	0.028	0.682	0.035
1411	1414	0.028	-0.615	0.027	0.785	0.041
1411	1414	0.027	-0.668	0.025	0.759	0.046
1411	1414	0.025	-0.718	0.023	0.749	0.052
1411	1414	0.024	-0.764	0.021	0.722	0.062
1411	1414	0.021	-0.808	0.020	0.644	0.075
1411	1414	0.020	-0.846	0.017	0.626	0.092
1411	1414	0.016	-0.882	0.016	0.382	0.132
1411	1414	0.015	-0.913	0.014	0.254	0.159
1411	1414	0.013	-0.938	0.011	0.097	0.257
1411	1414	0.010	-0.960	0.009	0.006	0.259
1411	1414	0.009	-0.975	0.005	0.183	0.338
1414	1417	0.017	0.883	0.016	0.171	0.235
1414	1417	0.019	0.848	0.018	0.075	0.252
1414	1417	0.021	0.809	0.020	0.168	0.307
1414	1417	0.020	0.763	0.025	0.079	0.214
1414	1417	0.023	0.717	0.026	0.207	0.112
1414	1417	0.024	0.666	0.028	0.122	0.073
1414	1417	0.026	0.614	0.029	0.281	0.055
1414	1417	0.029	0.558	0.029	0.355	0.047
1414	1417	0.029	0.499	0.031	0.353	0.039
1414	1417	0.031	0.438	0.032	0.428	0.036
1414	1417	0.033	0.375	0.032	0.504	0.038
1414	1417	0.033	0.309	0.033	0.516	0.035
1414	1417	0.033	0.241	0.035	0.546	0.031
1414	1417	0.034	0.173	0.035	0.596	0.028
1414	1417	0.034	0.104	0.035	0.610	0.027
1414	1417	0.035	0.035	0.035	0.707	0.026
1414	1417	0.035	-0.035	0.035	0.634	0.026
1414	1417	0.035	-0.104	0.035	0.694	0.025
1414	1417	0.034	-0.173	0.034	0.714	0.026
1414	1417	0.034	-0.242	0.034	0.749	0.027
1414	1417	0.034	-0.309	0.033	0.750	0.027
1414	1417	0.033	-0.374	0.032	0.723	0.029
1414	1417	0.032	-0.438	0.031	0.732	0.031
1414	1417	0.031	-0.499	0.030	0.739	0.032
1414	1417	0.029	-0.558	0.029	0.728	0.035
1414	1417	0.028	-0.615	0.027	0.718	0.036
1414	1417	0.026	-0.668	0.026	0.705	0.042
1414	1417	0.025	-0.718	0.024	0.623	0.049
1414	1417	0.023	-0.765	0.022	0.624	0.058
1414	1417	0.021	-0.808	0.020	0.563	0.071
1414	1417	0.019	-0.847	0.018	0.606	0.087
1414	1417	0.017	-0.881	0.015	0.739	0.116
1414	1417	0.015	-0.913	0.014	0.434	0.156
1414	1417	0.013	-0.938	0.011	0.211	0.222
1414	1417	0.010	-0.961	0.010	0.100	0.265
1414	1417	0.008	-0.976	0.006	-0.252	0.336
1417	1420	0.017	0.883	0.016	0.235	0.307
1417	1420	0.019	0.848	0.018	-0.038	0.290
1417	1420	0.021	0.809	0.020	0.184	0.297
1417	1420	0.016	0.759	0.029	0.262	0.233
1417	1420	0.022	0.716	0.027	0.173	0.117
1417	1420	0.024	0.667	0.028	0.257	0.071
1417	1420	0.027	0.615	0.028	0.248	0.054
1417	1420	0.028	0.558	0.030	0.288	0.047
1417	1420	0.029	0.499	0.031	0.376	0.038
1417	1420	0.032	0.438	0.031	0.422	0.037
1417	1420	0.033	0.375	0.032	0.461	0.038
1417	1420	0.033	0.309	0.033	0.512	0.035
1417	1420	0.033	0.241	0.035	0.541	0.033
1417	1420	0.034	0.173	0.035	0.627	0.028
1417	1420	0.034	0.104	0.035	0.636	0.027
1417	1420	0.035	0.035	0.035	0.627	0.026
1417	1420	0.035	-0.035	0.035	0.680	0.025
1417	1420	0.035	-0.104	0.035	0.699	0.025
1417	1420	0.034	-0.174	0.034	0.702	0.026
1417	1420	0.034	-0.241	0.033	0.708	0.028
1417	1420	0.033	-0.309	0.033	0.740	0.028
1417	1420	0.032	-0.374	0.032	0.695	0.029
1417	1420	0.032	-0.438	0.031	0.731	0.030
1417	1420	0.030	-0.500	0.030	0.752	0.033
1417	1420	0.029	-0.558	0.029	0.715	0.034
1417	1420	0.028	-0.615	0.027	0.752	0.037
1417	1420	0.026	-0.668	0.026	0.708	0.041
1417	1420	0.025	-0.718	0.023	0.636	0.047
1417	1420	0.023	-0.765	0.022	0.670	0.057
1417	1420	0.021	-0.808	0.020	0.536	0.063
1417	1420	0.019	-0.847	0.018	0.471	0.091
1417	1420	0.017	-0.882	0.016	0.515	0.097
1417	1420	0.014	-0.913	0.014	0.506	0.172
1417	1420	0.012	-0.939	0.011	0.437	0.205
1417	1420	0.010	-0.960	0.009	0.016	0.326
1417	1420	0.009	-0.976	0.006	-0.082	0.376
1420	1422	0.017	0.883	0.016	-0.000	0.011
1420	1422	0.019	0.848	0.018	-0.000	0.045
1420	1422	0.021	0.809	0.020	0.346	0.316
1420	1422	0.018	0.761	0.027	0.090	0.207
1420	1422	0.022	0.717	0.026	-0.066	0.117
1420	1422	0.025	0.667	0.027	0.244	0.075
1420	1422	0.027	0.614	0.028	0.286	0.058
1420	1422	0.028	0.558	0.030	0.290	0.046
1420	1422	0.029	0.499	0.031	0.410	0.038
1420	1422	0.032	0.438	0.031	0.416	0.037
1420	1422	0.033	0.375	0.032	0.537	0.040
1420	1422	0.033	0.308	0.034	0.579	0.036
1420	1422	0.033	0.241	0.034	0.599	0.031
1420	1422	0.034	0.173	0.035	0.609	0.028
1420	1422	0.034	0.104	0.035	0.653	0.027
1420	1422	0.034	0.034	0.036	0.639	0.026
1420	1422	0.035	-0.035	0.035	0.670	0.025
1420	1422	0.035	-0.105	0.035	0.714	0.026
1420	1422	0.034	-0.173	0.034	0.675	0.025
1420	1422	0.034	-0.242	0.034	0.738	0.028
1420	1422	0.033	-0.309	0.033	0.693	0.028
1420	1422	0.033	-0.374	0.032	0.703	0.028
1420	1422	0.031	-0.438	0.031	0.696	0.030
1420	1422	0.030	-0.499	0.030	0.760	0.031
1420	1422	0.029	-0.559	0.029	0.742	0.034
1420	1422	0.028	-0.615	0.027	0.682	0.038
1420	1422	0.026	-0.668	0.025	0.692	0.045
1420	1422	0.024	-0.719	0.024	0.632	0.052
1420	1422	0.023	-0.765	0.022	0.593	0.055
1420	1422	0.021	-0.808	0.020	0.655	0.069
1420	1422	0.019	-0.847	0.018	0.464	0.093
1420	1422	0.018	-0.881	0.015	0.427	0.115
1420	1422	0.015	-0.912	0.013	0.269	0.123
1420	1422	0.014	-0.937	0.010	0.437	0.303
1420	1422	0.010	-0.961	0.010	0.208	0.305
1420	1422	0.008	-0.976	0.006	-0.192	0.333
1422	1425	0.017	0.883	0.016	0.217	0.327
1422	1425	0.019	0.848	0.018	0.000	0.023
1422	1425	0.021	0.809	0.020	-0.112	0.284
1422	1425	0.018	0.761	0.027	0.265	0.217
1422	1425	0.022	0.716	0.027	0.176	0.134
1422	1425	0.024	0.667	0.028	0.266	0.079
1422	1425	0.027	0.615	0.028	0.190	0.061
1422	1425	0.028	0.558	0.030	0.298	0.048
1422	1425	0.029	0.499	0.031	0.367	0.039
1422	1425	0.032	0.439	0.031	0.439	0.036
1422	1425	0.033	0.375	0.032	0.430	0.039
1422	1425	0.032	0.307	0.035	0.548	0.036
1422	1425	0.033	0.241	0.035	0.561	0.032
1422	1425	0.034	0.173	0.035	0.577	0.030
1422	1425	0.034	0.104	0.035	0.651	0.027
1422	1425	0.035	0.035	0.035	0.656	0.027
1422	1425	0.035	-0.035	0.035	0.665	0.026
1422	1425	0.035	-0.104	0.035	0.674	0.026
1422	1425	0.034	-0.173	0.034	0.670	0.026
1422	1425	0.034	-0.242	0.034	0.752	0.028
1422	1425	0.033	-0.309	0.033	0.685	0.028
1422	1425	0.033	-0.374	0.032	0.747	0.028
1422	1425	0.032	-0.438	0.031	0.703	0.031
1422	1425	0.030	-0.500	0.030	0.725	0.034
1422	1425	0.029	-0.558	0.028	0.701	0.034
1422	1425	0.028	-0.614	0.027	0.714	0.041
1422	1425	0.027	-0.668	0.025	0.722	0.044
1422	1425	0.025	-0.718	0.024	0.708	0.050
1422	1425	0.023	-0.765	0.022	0.664	0.056
1422	1425	0.021	-0.808	0.020	0.553	0.072
1422	1425	0.019	-0.847	0.018	0.489	0.085
1422	1425	0.018	-0.881	0.015	0.437	0.105
1422	1425	0.015	-0.912	0.013	0.220	0.162
1422	1425	0.013	-0.938	0.011	-0.071	0.201
1422	1425	0.010	-0.960	0.009	0.112	0.310
1422	1425	0.008	-0.977	0.007	-0.028	0.278
1425	1428	0.017	0.883	0.016	0.173	0.425
1425	1428	0.019	0.848	0.018	0.085	0.253
1425	1428	0.021	0.809	0.020	0.229	0.242
1425	1428	0.019	0.762	0.026	0.129	0.213
1425	1428	0.021	0.716	0.028	0.077	0.119
1425	1428	0.024	0.667	0.028	0.058	0.077
1425	1428	0.027	0.615	0.028	0.328	0.052
1425	1428	0.027	0.557	0.031	0.274	0.047
1425	1428	0.029	0.499	0.031	0.375	0.036
1425	1428	0.032	0.438	0.031	0.461	0.036
1425	1428	0.033	0.375	0.032	0.544	0.037
1425	1428	0.032	0.308	0.034	0.592	0.034
1425	1428	0.033	0.241	0.035	0.558	0.029
1425	1428	0.034	0.173	0.035	0.587	0.027
1425	1428	0.034	0.104	0.035	0.620	0.025
1425	1428	0.035	0.035	0.035	0.669	0.024
1425	1428	0.034	-0.035	0.035	0.662	0.024
1425	1428	0.035	-0.105	0.035	0.682	0.023
1425	1428	0.034	-0.173	0.034	0.721	0.023
1425	1428	0.034	-0.242	0.034	0.716	0.026
1425	1428	0.034	-0.308	0.033	0.715	0.025
1425	1428	0.032	-0.374	0.032	0.755	0.027
1425	1428	0.032	-0.438	0.031	0.719	0.029
1425	1428	0.030	-0.500	0.030	0.726	0.030
1425	1428	0.029	-0.559	0.029	0.699	0.033
1425	1428	0.028	-0.615	0.027	0.695	0.038
1425	1428	0.027	-0.668	0.025	0.687	0.042
1425	1428	0.025	-0.719	0.024	0.669	0.043
1425	1428	0.023	-0.765	0.022	0.640	0.048
1425	1428	0.021	-0.808	0.020	0.571	0.060
1425	1428	0.020	-0.846	0.017	0.533	0.076
1425	1428	0.017	-0.882	0.016	0.504	0.108
1425	1428	0.014	-0.913	0.014	0.498	0.139
1425	1428	0.013	-0.938	0.011	0.458	0.213
1425	1428	0.010	-0.961	0.010	-0.139	0.239
1425	1428	0.009	-0.976	0.006	-0.036	0.341
1428	1431	0.017	0.883	0.016	0.353	0.304
1428	1431	0.019	0.848	0.018	-0.001	0.047
1428	1431	0.021	0.809	0.020	0.330	0.355
1428	1431	0.017	0.760	0.028	0.022	0.257
1428	1431	0.021	0.716	0.027	0.168	0.128
1428	1431	0.024	0.666	0.028	0.210	0.078
1428	1431	0.027	0.614	0.028	0.255	0.057
1428	1431	0.027	0.557	0.031	0.410	0.048
1428	1431	0.029	0.499	0.031	0.439	0.037
1428	1431	0.032	0.438	0.031	0.500	0.036
1428	1431	0.032	0.374	0.032	0.472	0.040
1428	1431	0.032	0.308	0.034	0.527	0.034
1428	1431	0.033	0.241	0.035	0.590	0.030
1428	1431	0.034	0.173	0.035	0.646	0.027
1428	1431	0.034	0.104	0.035	0.657	0.028
1428	1431	0.035	0.035	0.035	0.626	0.025
1428	1431	0.035	-0.035	0.035	0.689	0.024
1428	1431	0.034	-0.105	0.035	0.653	0.024
1428	1431	0.034	-0.174	0.035	0.697	0.025
1428	1431	0.034	-0.242	0.034	0.693	0.026
1428	1431	0.033	-0.309	0.033	0.733	0.026
1428	1431	0.032	-0.374	0.032	0.738	0.027
1428	1431	0.031	-0.438	0.031	0.715	0.029
1428	1431	0.031	-0.499	0.030	0.703	0.031
1428	1431	0.029	-0.559	0.029	0.671	0.034
1428	1431	0.028	-0.614	0.027	0.671	0.037
1428	1431	0.026	-0.668	0.026	0.696	0.042
1428	1431	0.025	-0.718	0.024	0.653	0.048
1428	1431	0.024	-0.764	0.021	0.599	0.053
1428	1431	0.021	-0.808	0.020	0.521	0.064
1428	1431	0.019	-0.847	0.018	0.458	0.076
1428	1431	0.017	-0.881	0.015	0.458	0.092
1428	1431	0.016	-0.912	0.013	0.237	0.121
1428	1431	0.014	-0.938	0.010	0.286	0.192
1428	1431	0.010	-0.960	0.009	-0.050	0.290
1428	1431	0.008	-0.977	0.007	-0.204	0.293
1431	1433	0.017	0.883	0.016	0.118	0.282
1431	1433	0.019	0.848	0.018	-0.055	0.306
1431	1433	0.021	0.809	0.020	0.155	0.225
1431	1433	0.015	0.758	0.030	0.594	0.248
1431	1433	0.022	0.717	0.027	0.138	0.113
1431	1433	0.024	0.666	0.028	0.217	0.079
1431	1433	0.027	0.614	0.028	0.213	0.058
1431	1433	0.027	0.557	0.031	0.450	0.045
1431	1433	0.030	0.499	0.031	0.433	0.036
1431	1433	0.032	0.439	0.031	0.490	0.039
1431	1433	0.032	0.374	0.032	0.477	0.037
1431	1433	0.032	0.308	0.034	0.582	0.034
1431	1433	0.033	0.241	0.035	0.643	0.030
1431	1433	0.033	0.173	0.035	0.618	0.029
1431	1433	0.034	0.104	0.035	0.653	0.026
1431	1433	0.035	0.035	0.035	0.693	0.025
1431	1433	0.035	-0.035	0.035	0.708	0.025
1431	1433	0.034	-0.105	0.035	0.676	0.024
1431	1433	0.035	-0.173	0.034	0.659	0.025
1431	1433	0.034	-0.241	0.034	0.709	0.024
1431	1433	0.033	-0.309	0.033	0.677	0.025
1431	1433	0.033	-0.374	0.032	0.744	0.028
1431	1433	0.032	-0.438	0.031	0.672	0.028
1431	1433	0.030	-0.500	0.030	0.716	0.030
1431	1433	0.029	-0.559	0.029	0.727	0.032
1431	1433	0.028	-0.615	0.027	0.659	0.037
1431	1433	0.027	-0.668	0.025	0.696	0.041
1431	1433	0.025	-0.718	0.024	0.552	0.042
1431	1433	0.023	-0.765	0.021	0.596	0.051
1431	1433	0.021	-0.808	0.020	0.456	0.059
1431	1433	0.019	-0.847	0.018	0.664	0.078
1431	1433	0.017	-0.882	0.016	0.366	0.085
1431	1433	0.015	-0.912	0.014	0.267	0.117
1431	1433	0.013	-0.938	0.010	0.060	0.169
1431	1433	0.010	-0.960	0.009	-0.098	0.262
1431	1433	0.007	-0.978	0.007	0.122	0.228
1433	1436	0.017	0.883	0.016	-0.000	0.063
1433	1436	0.019	0.848	0.018	0.002	0.093
1433	1436	0.021	0.809	0.020	0.176	0.180
1433	1436	0.016	0.759	0.029	0.055	0.248
1433	1436	0.022	0.717	0.026	0.062	0.125
1433	1436	0.023	0.666	0.028	0.196	0.085
1433	1436	0.027	0.614	0.028	0.302	0.057
1433	1436	0.028	0.558	0.030	0.443	0.045
1433	1436	0.030	0.499	0.031	0.399	0.037
1433	1436	0.033	0.439	0.030	0.486	0.040
1433	1436	0.032	0.374	0.033	0.499	0.038
1433	1436	0.032	0.308	0.034	0.571	0.034
1433	1436	0.033	0.241	0.035	0.607	0.029
1433	1436	0.034	0.173	0.035	0.590	0.028
1433	1436	0.034	0.104	0.035	0.625	0.026
1433	1436	0.034	0.034	0.036	0.672	0.025
1433	1436	0.035	-0.035	0.035	0.670	0.025
1433	1436	0.035	-0.104	0.035	0.720	0.025
1433	1436	0.034	-0.174	0.034	0.717	0.025
1433	1436	0.034	-0.242	0.034	0.716	0.027
1433	1436	0.033	-0.309	0.033	0.741	0.027
1433	1436	0.033	-0.374	0.032	0.689	0.027
1433	1436	0.031	-0.438	0.031	0.717	0.028
1433	1436	0.031	-0.499	0.030	0.725	0.031
1433	1436	0.029	-0.558	0.029	0.679	0.034
1433	1436	0.028	-0.614	0.027	0.716	0.038
1433	1436	0.026	-0.668	0.026	0.593	0.041
1433	1436	0.024	-0.719	0.024	0.601	0.048
1433	1436	0.023	-0.765	0.022	0.630	0.054
1433	1436	0.021	-0.808	0.020	0.519	0.057
1433	1436	0.019	-0.847	0.018	0.466	0.064
1433	1436	0.017	-0.882	0.016	0.341	0.081
1433	1436	0.015	-0.912	0.013	0.301	0.118
1433	1436	0.013	-0.938	0.011	0.002	0.158
1433	1436	0.010	-0.960	0.009	-0.053	0.229
1433	1436	0.008	-0.977	0.007	0.274	0.293
1436	1439	0.017	0.883	0.016	-0.035	0.203
1436	1439	0.019	0.848	0.018	-0.025	0.162
1436	1439	0.021	0.809	0.020	0.040	0.471
1436	1439	0.009	0.752	0.036	0.177	0.277
1436	1439	0.021	0.715	0.028	0.158	0.122
1436	1439	0.024	0.666	0.028	0.261	0.087
1436	1439	0.026	0.614	0.029	0.444	0.063
1436	1439	0.027	0.557	0.030	0.408	0.051
1436	1439	0.030	0.499	0.031	0.438	0.040
1436	1439	0.033	0.439	0.030	0.442	0.045
1436	1439	0.032	0.374	0.033	0.586	0.043
1436	1439	0.032	0.308	0.034	0.627	0.037
1436	1439	0.033	0.241	0.035	0.618	0.032
1436	1439	0.034	0.173	0.034	0.614	0.029
1436	1439	0.034	0.104	0.035	0.646	0.028
1436	1439	0.034	0.034	0.035	0.643	0.026
1436	1439	0.034	-0.035	0.035	0.684	0.028
1436	1439	0.035	-0.105	0.035	0.723	0.026
1436	1439	0.035	-0.173	0.034	0.724	0.027
1436	1439	0.034	-0.242	0.034	0.691	0.029
1436	1439	0.033	-0.309	0.033	0.730	0.028
1436	1439	0.032	-0.374	0.032	0.740	0.029
1436	1439	0.031	-0.438	0.031	0.783	0.032
1436	1439	0.031	-0.499	0.030	0.709	0.032
1436	1439	0.030	-0.558	0.028	0.700	0.035
1436	1439	0.028	-0.615	0.027	0.695	0.039
1436	1439	0.026	-0.668	0.026	0.670	0.041
1436	1439	0.025	-0.718	0.024	0.592	0.049
1436	1439	0.023	-0.765	0.022	0.564	0.057
1436	1439	0.021	-0.808	0.020	0.631	0.068
1436	1439	0.019	-0.847	0.018	0.446	0.073
1436	1439	0.017	-0.882	0.016	0.474	0.098
1436	1439	0.014	-0.913	0.014	0.205	0.111
1436	1439	0.014	-0.937	0.010	0.101	0.199
1436	1439	0.010	-0.960	0.009	-0.071	0.225
1436	1439	0.008	-0.977	0.007	-0.175	0.268
1439	1442	0.017	0.883	0.016	0.122	0.519
1439	1442	0.019	0.848	0.018	0.173	0.412
1439	1442	0.021	0.809	0.020	0.536	0.340
1439	1442	0.013	0.756	0.032	0.148	0.290
1439	1442	0.023	0.717	0.026	0.010	0.158
1439	1442	0.024	0.667	0.028	0.308	0.099
1439	1442	0.026	0.614	0.029	0.437	0.068
1439	1442	0.027	0.557	0.030	0.401	0.052
1439	1442	0.030	0.500	0.030	0.485	0.043
1439	1442	0.032	0.439	0.030	0.451	0.047
1439	1442	0.031	0.373	0.033	0.536	0.046
1439	1442	0.032	0.307	0.035	0.540	0.040
1439	1442	0.033	0.241	0.035	0.617	0.035
1439	1442	0.034	0.173	0.035	0.651	0.033
1439	1442	0.035	0.104	0.035	0.665	0.030
1439	1442	0.034	0.034	0.035	0.655	0.028
1439	1442	0.035	-0.035	0.035	0.659	0.030
1439	1442	0.034	-0.105	0.035	0.673	0.028
1439	1442	0.035	-0.173	0.034	0.665	0.030
1439	1442	0.034	-0.242	0.034	0.715	0.030
1439	1442	0.034	-0.308	0.033	0.726	0.030
1439	1442	0.033	-0.374	0.032	0.758	0.033
1439	1442	0.031	-0.438	0.031	0.822	0.036
1439	1442	0.031	-0.499	0.030	0.734	0.035
1439	1442	0.030	-0.558	0.028	0.712	0.039
1439	1442	0.028	-0.615	0.027	0.599	0.047
1439	1442	0.026	-0.668	0.026	0.650	0.043
1439	1442	0.025	-0.718	0.024	0.725	0.055
1439	1442	0.023	-0.765	0.022	0.548	0.056
1439	1442	0.021	-0.808	0.020	0.613	0.074
1439	1442	0.019	-0.847	0.018	0.322	0.080
1439	1442	0.016	-0.883	0.017	0.397	0.110
1439	1442	0.015	-0.913	0.014	0.234	0.144
1439	1442	0.012	-0.939	0.012	-0.002	0.223
1439	1442	0.011	-0.959	0.008	0.153	0.217
1439	1442	0.008	-0.977	0.006	0.178	0.259
1442	1445	0.017	0.883	0.016	0.189	0.308
1442	1445	0.019	0.848	0.018	0.022	0.262
1442	1445	0.021	0.809	0.020	0.732	0.529
1442	1445	0.016	0.759	0.029	-0.207	0.346
1442	1445	0.023	0.718	0.026	0.003	0.143
1442	1445	0.024	0.667	0.028	0.368	0.096
1442	1445	0.026	0.614	0.029	0.517	0.067
1442	1445	0.027	0.557	0.030	0.462	0.052
1442	1445	0.030	0.500	0.030	0.466	0.043
1442	1445	0.032	0.439	0.031	0.545	0.048
1442	1445	0.032	0.374	0.033	0.631	0.047
1442	1445	0.032	0.308	0.034	0.598	0.040
1442	1445	0.034	0.241	0.034	0.665	0.034
1442	1445	0.034	0.173	0.035	0.641	0.031
1442	1445	0.034	0.104	0.035	0.683	0.029
1442	1445	0.034	0.034	0.035	0.705	0.028
1442	1445	0.035	-0.035	0.035	0.721	0.029
1442	1445	0.034	-0.105	0.035	0.704	0.027
1442	1445	0.034	-0.173	0.034	0.724	0.029
1442	1445	0.034	-0.242	0.034	0.742	0.028
1442	1445	0.034	-0.308	0.033	0.777	0.029
1442	1445	0.032	-0.374	0.032	0.772	0.031
1442	1445	0.032	-0.438	0.031	0.743	0.031
1442	1445	0.030	-0.499	0.030	0.755	0.034
1442	1445	0.029	-0.559	0.029	0.706	0.036
1442	1445	0.028	-0.615	0.027	0.651	0.040
1442	1445	0.027	-0.668	0.025	0.680	0.046
1442	1445	0.024	-0.719	0.024	0.634	0.047
1442	1445	0.023	-0.765	0.022	0.581	0.059
1442	1445	0.021	-0.808	0.020	0.361	0.071
1442	1445	0.019	-0.847	0.018	0.457	0.084
1442	1445	0.017	-0.882	0.016	0.318	0.098
1442	1445	0.015	-0.912	0.013	0.081	0.135
1442	1445	0.013	-0.938	0.011	0.051	0.205
1442	1445	0.010	-0.960	0.009	0.239	0.236
1442	1445	0.008	-0.977	0.006	-0.524	0.296
1445	1447	0.017	0.883	0.016	0.022	0.349
1445	1447	0.019	0.848	0.018	0.676	0.841
1445	1447	0.021	0.809	0.020	-5.239	2.719
1445	1447	0.013	0.756	0.032	0.041	0.327
1445	1447	0.022	0.716	0.027	0.349	0.188
1445	1447	0.025	0.668	0.027	0.205	0.145
1445	1447	0.027	0.614	0.028	0.343	0.086
1445	1447	0.027	0.557	0.031	0.488	0.060
1445	1447	0.031	0.500	0.029	0.548	0.052
1445	1447	0.033	0.439	0.030	0.594	0.057
1445	1447	0.032	0.374	0.033	0.599	0.054
1445	1447	0.032	0.308	0.034	0.645	0.046
1445	1447	0.033	0.241	0.034	0.665	0.040
1445	1447	0.034	0.173	0.035	0.682	0.038
1445	1447	0.034	0.104	0.035	0.731	0.035
1445	1447	0.034	0.034	0.035	0.674	0.033
1445	1447	0.035	-0.035	0.035	0.759	0.033
1445	1447	0.035	-0.105	0.035	0.771	0.033
1445	1447	0.034	-0.174	0.034	0.746	0.034
1445	1447	0.034	-0.242	0.034	0.789	0.035
1445	1447	0.033	-0.309	0.033	0.805	0.035
1445	1447	0.033	-0.374	0.032	0.817	0.037
1445	1447	0.032	-0.438	0.031	0.727	0.035
1445	1447	0.030	-0.499	0.030	0.783	0.040
1445	1447	0.029	-0.558	0.028	0.767	0.041
1445	1447	0.028	-0.615	0.027	0.729	0.050
1445	1447	0.026	-0.668	0.025	0.671	0.057
1445	1447	0.025	-0.718	0.024	0.729	0.060
1445	1447	0.023	-0.765	0.022	0.691	0.067
1445	1447	0.021	-0.808	0.020	0.480	0.078
1445	1447	0.019	-0.847	0.018	0.504	0.086
1445	1447	0.017	-0.882	0.016	0.277	0.109
1445	1447	0.015	-0.912	0.014	0.160	0.146
1445	1447	0.012	-0.939	0.011	0.339	0.229
1445	1447	0.011	-0.959	0.008	0.162	0.320
1445	1447	0.007	-0.978	0.008	-0.175	0.304
1447	1450	0.017	0.883	0.016	0.038	0.902
1447	1450	0.019	0.848	0.018	-0.005	0.122
1447	1450	0.021	0.809	0.020	0.150	0.894
1447	1450	0.012	0.755	0.033	0.879	0.483
1447	1450	0.021	0.716	0.027	0.409	0.281
1447	1450	0.022	0.665	0.029	0.282	0.241
1447	1450	0.026	0.613	0.029	0.542	0.115
1447	1450	0.028	0.558	0.030	0.593	0.081
1447	1450	0.031	0.500	0.030	0.649	0.073
1447	1450	0.032	0.439	0.030	0.590	0.081
1447	1450	0.031	0.373	0.034	0.666	0.077
1447	1450	0.032	0.308	0.034	0.693	0.066
1447	1450	0.033	0.241	0.035	0.729	0.055
1447	1450	0.034	0.173	0.035	0.761	0.052
1447	1450	0.034	0.104	0.035	0.792	0.048
1447	1450	0.034	0.034	0.035	0.810	0.049
1447	1450	0.034	-0.035	0.035	0.883	0.045
1447	1450	0.035	-0.104	0.035	0.857	0.045
1447	1450	0.035	-0.173	0.034	0.784	0.047
1447	1450	0.033	-0.242	0.034	0.772	0.047
1447	1450	0.033	-0.309	0.033	0.798	0.048
1447	1450	0.033	-0.374	0.032	0.870	0.048
1447	1450	0.032	-0.438	0.031	0.819	0.056
1447	1450	0.030	-0.500	0.030	0.763	0.056
1447	1450	0.029	-0.558	0.029	0.805	0.062
1447	1450	0.028	-0.615	0.027	0.748	0.061
1447	1450	0.027	-0.668	0.025	0.719	0.072
1447	1450	0.024	-0.719	0.024	0.687	0.082
1447	1450	0.023	-0.765	0.022	0.618	0.090
1447	1450	0.021	-0.808	0.020	0.599	0.099
1447	1450	0.019	-0.848	0.018	0.309	0.121
1447	1450	0.016	-0.882	0.016	0.482	0.144
1447	1450	0.015	-0.913	0.014	0.597	0.197
1447	1450	0.013	-0.938	0.011	0.107	0.287
1447	1450	0.011	-0.960	0.009	-0.038	0.419
1447	1450	0.006	-0.979	0.008	0.098	0.489
