502.78 0.817044 0.335 0.208 18
502.78 0.741039 0.195 0.068 18
502.78 0.641048 0.368 0.045 18
502.78 0.537005 0.324 0.035 18
502.78 0.43303 0.419 0.031 18
502.78 0.328042 0.469 0.029 18
502.78 0.223931 0.507 0.028 18
502.78 0.118924 0.562 0.031 18
502.78 0.0130896 0.637 0.031 18
502.78 -0.092023 0.674 0.031 18
502.78 -0.196973 0.647 0.032 18
502.78 -0.302037 0.707 0.034 18
502.78 -0.405939 0.691 0.035 18
502.78 -0.510993 0.746 0.037 18
502.78 -0.614974 0.818 0.042 18
502.78 -0.717032 0.729 0.052 18
502.78 -0.819952 0.844 0.081 18
502.78 -0.916991 0.665 0.181 18
507.11 0.814014 0.429 0.204 18
507.11 0.741039 0.132 0.068 18
507.11 0.641048 0.264 0.045 18
507.11 0.537005 0.361 0.035 18
507.11 0.43303 0.427 0.03 18
507.11 0.328042 0.433 0.029 18
507.11 0.223931 0.499 0.029 18
507.11 0.118924 0.578 0.031 18
507.11 0.0139622 0.614 0.031 18
507.11 -0.092023 0.675 0.03 18
507.11 -0.196973 0.713 0.031 18
507.11 -0.301039 0.722 0.033 18
507.11 -0.405939 0.744 0.034 18
507.11 -0.510993 0.754 0.037 18
507.11 -0.61401 0.712 0.041 18
507.11 -0.717032 0.723 0.052 18
507.11 -0.819952 0.749 0.082 18
507.11 -0.916013 0.541 0.177 18
511.44 0.812999 0.333 0.215 18
511.44 0.741039 0.114 0.065 18
511.44 0.641048 0.259 0.043 18
511.44 0.538035 0.357 0.033 18
511.44 0.43303 0.374 0.029 18
511.44 0.328042 0.453 0.028 18
511.44 0.223931 0.545 0.027 18
511.44 0.118924 0.59 0.028 18
511.44 0.0130896 0.573 0.029 18
511.44 -0.092023 0.641 0.029 18
511.44 -0.196973 0.684 0.03 18
511.44 -0.302037 0.716 0.031 18
511.44 -0.407055 0.705 0.032 18
511.44 -0.510993 0.785 0.035 18
511.44 -0.614974 0.725 0.04 18
511.44 -0.717032 0.756 0.049 18
511.44 -0.819952 0.616 0.072 18
511.44 -0.91503 0.66 0.165 18
515.78 0.810042 0.365 0.226 18
515.78 0.741039 0.219 0.065 18
515.78 0.639976 0.217 0.043 18
515.78 0.537005 0.347 0.033 18
515.78 0.43303 0.44 0.028 18
515.78 0.328042 0.463 0.026 18
515.78 0.224951 0.501 0.027 18
515.78 0.118924 0.536 0.029 18
515.78 0.0130896 0.657 0.028 18
515.78 -0.092023 0.64 0.028 18
515.78 -0.196973 0.711 0.029 18
515.78 -0.302037 0.723 0.03 18
515.78 -0.407055 0.708 0.031 18
515.78 -0.509943 0.765 0.035 18
515.78 -0.614974 0.683 0.038 18
515.78 -0.717032 0.696 0.046 18
515.78 -0.819952 0.75 0.068 18
515.78 -0.91503 0.762 0.171 18
