0  0  110  10  -0.95  0.05  Sig
0  0  110  10  -0.85  0.05  Sig
0  0  110  10  -0.75  0.05  Sig
0  0  110  10  -0.65  0.05  Sig
1001.67  22704.3  110  10  -0.55  0.05  Sig
0  0  110  10  -0.45  0.05  Sig
0  0  110  10  -0.35  0.05  Sig
0  0  110  10  -0.25  0.05  Sig
0  0  110  10  -0.15  0.05  Sig
0  0  110  10  -0.05  0.05  Sig
0  0  110  10  0.05  0.05  Sig
0  0  110  10  0.15  0.05  Sig
0  0  110  10  0.25  0.05  Sig
0  0  110  10  0.35  0.05  Sig
0  0  110  10  0.45  0.05  Sig
0  0  110  10  0.55  0.05  Sig
0  0  110  10  0.65  0.05  Sig
0  0  110  10  0.75  0.05  Sig
1243.01  48998.4  110  10  0.85  0.05  Sig
0  0  110  10  0.95  0.05  Sig
0  0  130  10  -0.95  0.05  Sig
0  0  130  10  -0.85  0.05  Sig
0  0  130  10  -0.75  0.05  Sig
0  0  130  10  -0.65  0.05  Sig
762.026  17272.5  130  10  -0.55  0.05  Sig
0  0  130  10  -0.45  0.05  Sig
-725.926  30306.6  130  10  -0.35  0.05  Sig
0  0  130  10  -0.25  0.05  Sig
0  0  130  10  -0.15  0.05  Sig
0  0  130  10  -0.05  0.05  Sig
0  0  130  10  0.05  0.05  Sig
0  0  130  10  0.15  0.05  Sig
0  0  130  10  0.25  0.05  Sig
-524.851  11806.1  130  10  0.35  0.05  Sig
-823.654  34386.6  130  10  0.45  0.05  Sig
0  0  130  10  0.55  0.05  Sig
0  0  130  10  0.65  0.05  Sig
0  0  130  10  0.75  0.05  Sig
0.00904757  14036.8  130  10  0.85  0.05  Sig
0  0  130  10  0.95  0.05  Sig
0  0  150  10  -0.95  0.05  Sig
0  0  150  10  -0.85  0.05  Sig
0  0  150  10  -0.75  0.05  Sig
0  0  150  10  -0.65  0.05  Sig
-944.094  39565.8  150  10  -0.55  0.05  Sig
0  0  150  10  -0.45  0.05  Sig
450.598  17794.9  150  10  -0.35  0.05  Sig
0  0  150  10  -0.25  0.05  Sig
0  0  150  10  -0.15  0.05  Sig
0  0  150  10  -0.05  0.05  Sig
0  0  150  10  0.05  0.05  Sig
0  0  150  10  0.15  0.05  Sig
-0.00985482  7742.4  150  10  0.25  0.05  Sig
0  0  150  10  0.35  0.05  Sig
552.38  22435.7  150  10  0.45  0.05  Sig
9.87642  10047.8  150  10  0.55  0.05  Sig
-578.342  19791.9  150  10  0.65  0.05  Sig
1356.86  55949.7  150  10  0.75  0.05  Sig
571.802  23983.8  150  10  0.85  0.05  Sig
0  0  150  10  0.95  0.05  Sig
0  0  170  10  -0.95  0.05  Sig
0  0  170  10  -0.85  0.05  Sig
0  0  170  10  -0.75  0.05  Sig
0  0  170  10  -0.65  0.05  Sig
878.905  36864.8  170  10  -0.55  0.05  Sig
0  0  170  10  -0.45  0.05  Sig
0  0  170  10  -0.35  0.05  Sig
0  0  170  10  -0.25  0.05  Sig
0  0  170  10  -0.15  0.05  Sig
0  0  170  10  -0.05  0.05  Sig
0  0  170  10  0.05  0.05  Sig
0  0  170  10  0.15  0.05  Sig
0  0  170  10  0.25  0.05  Sig
221.046  5084.84  170  10  0.35  0.05  Sig
0  0  170  10  0.45  0.05  Sig
651.809  26254.1  170  10  0.55  0.05  Sig
-245.789  8411.33  170  10  0.65  0.05  Sig
242.154  5472.18  170  10  0.75  0.05  Sig
330.118  10444.1  170  10  0.85  0.05  Sig
0  0  170  10  0.95  0.05  Sig
0  0  190  10  -0.95  0.05  Sig
-169.709  6293.95  190  10  -0.85  0.05  Sig
-221.722  9348.87  190  10  -0.75  0.05  Sig
0  0  190  10  -0.65  0.05  Sig
-413.424  16263  190  10  -0.55  0.05  Sig
0  0  190  10  -0.45  0.05  Sig
0  0  190  10  -0.35  0.05  Sig
0  0  190  10  -0.25  0.05  Sig
0  0  190  10  -0.15  0.05  Sig
0  0  190  10  -0.05  0.05  Sig
-573.726  23879.7  190  10  0.05  0.05  Sig
0  0  190  10  0.15  0.05  Sig
0  0  190  10  0.25  0.05  Sig
-586.406  21962.4  190  10  0.35  0.05  Sig
-223.672  7654.45  190  10  0.45  0.05  Sig
0  0  190  10  0.55  0.05  Sig
0  0  190  10  0.65  0.05  Sig
0  0  190  10  0.75  0.05  Sig
0.00385354  6330.35  190  10  0.85  0.05  Sig
-576.511  23995.6  190  10  0.95  0.05  Sig
0  0  210  10  -0.95  0.05  Sig
-120.894  5047.21  210  10  -0.85  0.05  Sig
0  0  210  10  -0.75  0.05  Sig
-130.446  5500.25  210  10  -0.65  0.05  Sig
0  0  210  10  -0.55  0.05  Sig
-117.714  4597.51  210  10  -0.45  0.05  Sig
284.685  11466.8  210  10  -0.35  0.05  Sig
-110.784  4625.1  210  10  -0.25  0.05  Sig
-264.46  11083.2  210  10  -0.15  0.05  Sig
-120.785  3755.33  210  10  -0.05  0.05  Sig
90.1361  1481.15  210  10  0.05  0.05  Sig
0.0856238  623.221  210  10  0.15  0.05  Sig
0  0  210  10  0.25  0.05  Sig
107.238  4355.62  210  10  0.35  0.05  Sig
-3.34521e-06  106.389  210  10  0.45  0.05  Sig
0.00317961  3619.3  210  10  0.55  0.05  Sig
304.667  12175.6  210  10  0.65  0.05  Sig
89.3381  2018.86  210  10  0.75  0.05  Sig
264.694  10578.1  210  10  0.85  0.05  Sig
0  0  210  10  0.95  0.05  Sig
218.561  9012.27  230  10  -0.95  0.05  Sig
-195.102  8120.57  230  10  -0.85  0.05  Sig
4.07237  6755.03  230  10  -0.75  0.05  Sig
-75.9493  2816.71  230  10  -0.65  0.05  Sig
-252.893  9948.1  230  10  -0.55  0.05  Sig
0  0  230  10  -0.45  0.05  Sig
-0.0114362  2819.82  230  10  -0.35  0.05  Sig
0  0  230  10  -0.25  0.05  Sig
0  0  230  10  -0.15  0.05  Sig
-90.9338  2699.54  230  10  -0.05  0.05  Sig
0.0357579  336.895  230  10  0.05  0.05  Sig
0.0380545  110.497  230  10  0.15  0.05  Sig
217.884  8984.37  230  10  0.25  0.05  Sig
0  0  230  10  0.35  0.05  Sig
0.0476823  1198.68  230  10  0.45  0.05  Sig
0  0  230  10  0.55  0.05  Sig
210.269  8403.1  230  10  0.65  0.05  Sig
-0.175942  3356.46  230  10  0.75  0.05  Sig
-0.00185197  1455  230  10  0.85  0.05  Sig
94.616  3842.97  230  10  0.95  0.05  Sig
0  0  250  10  -0.95  0.05  Sig
-54.9022  1500.53  250  10  -0.85  0.05  Sig
62.2602  2611.45  250  10  -0.75  0.05  Sig
0.547184  1190.4  250  10  -0.65  0.05  Sig
0.0294055  71.3586  250  10  -0.55  0.05  Sig
-6.8202e-06  75.467  250  10  -0.45  0.05  Sig
-43.3702  975.581  250  10  -0.35  0.05  Sig
0.0161466  413.835  250  10  -0.25  0.05  Sig
53.3653  2167.51  250  10  -0.15  0.05  Sig
0.0407714  1622.37  250  10  -0.05  0.05  Sig
-169.782  7066.68  250  10  0.05  0.05  Sig
-0.0328214  1260.22  250  10  0.15  0.05  Sig
-0.0120354  67.802  250  10  0.25  0.05  Sig
0.00154077  81.4244  250  10  0.35  0.05  Sig
-160.249  5133.18  250  10  0.45  0.05  Sig
-0.0784415  666.621  250  10  0.55  0.05  Sig
-1.41125e-07  83.9118  250  10  0.65  0.05  Sig
0  0  250  10  0.75  0.05  Sig
157.936  6311.69  250  10  0.85  0.05  Sig
0.0500809  230.163  250  10  0.95  0.05  Sig
0  0  270  10  -0.95  0.05  Sig
0.0131224  57.7653  270  10  -0.85  0.05  Sig
0.00956998  54.1529  270  10  -0.75  0.05  Sig
0.000392401  617.815  270  10  -0.65  0.05  Sig
0.000395576  476.526  270  10  -0.55  0.05  Sig
-111.466  4639.46  270  10  -0.45  0.05  Sig
-2.35291e-05  44.7013  270  10  -0.35  0.05  Sig
0.364131  265.999  270  10  -0.25  0.05  Sig
0.00648821  53.2584  270  10  -0.15  0.05  Sig
0.0424342  46.7006  270  10  -0.05  0.05  Sig
-0.000139344  52.5857  270  10  0.05  0.05  Sig
121.806  24821.3  270  10  0.15  0.05  Sig
1.73711  971.363  270  10  0.25  0.05  Sig
-4.24628e-05  1168.41  270  10  0.35  0.05  Sig
0.000882342  1036.11  270  10  0.45  0.05  Sig
-0.00164845  181.162  270  10  0.55  0.05  Sig
-0.0256086  358.54  270  10  0.65  0.05  Sig
1.45382  815.609  270  10  0.75  0.05  Sig
0.0112847  805.996  270  10  0.85  0.05  Sig
124.991  3672.16  270  10  0.95  0.05  Sig
-30.1654  1032.31  290  10  -0.95  0.05  Sig
0.00372593  176.806  290  10  -0.85  0.05  Sig
-0.289299  651.09  290  10  -0.75  0.05  Sig
-0.00317291  44.1745  290  10  -0.65  0.05  Sig
-27.6394  621.728  290  10  -0.55  0.05  Sig
-32.0162  1712.57  290  10  -0.45  0.05  Sig
0.00477213  76.2748  290  10  -0.35  0.05  Sig
0.00757  43.4811  290  10  -0.25  0.05  Sig
-0.0015155  29.5132  290  10  -0.15  0.05  Sig
-0.0315  47.1309  290  10  -0.05  0.05  Sig
-32.8167  1370.06  290  10  0.05  0.05  Sig
-0.00354749  109.565  290  10  0.15  0.05  Sig
-8.61705e-05  228.565  290  10  0.25  0.05  Sig
0.0191993  216.582  290  10  0.35  0.05  Sig
0.00468033  55.0128  290  10  0.45  0.05  Sig
0.0351872  44.9843  290  10  0.55  0.05  Sig
-96.366  3086.84  290  10  0.65  0.05  Sig
34.5154  1381.89  290  10  0.75  0.05  Sig
25.1593  570.276  290  10  0.85  0.05  Sig
92.1022  3863.13  290  10  0.95  0.05  Sig
0  0  310  10  -0.95  0.05  Sig
0.0269305  70.2495  310  10  -0.85  0.05  Sig
0.000766174  410.028  310  10  -0.75  0.05  Sig
1.23652e-05  38.3209  310  10  -0.65  0.05  Sig
0.000108007  214.939  310  10  -0.55  0.05  Sig
6.1206e-08  28.2187  310  10  -0.45  0.05  Sig
0.00682412  29.7606  310  10  -0.35  0.05  Sig
-4.21881e-05  22.8396  310  10  -0.25  0.05  Sig
-0.00292397  60.5671  310  10  -0.15  0.05  Sig
0.0055514  396.502  310  10  -0.05  0.05  Sig
-0.00164681  119.491  310  10  0.05  0.05  Sig
0.0253449  57.4063  310  10  0.15  0.05  Sig
-0.00463063  89.0567  310  10  0.25  0.05  Sig
9.50392e-05  31.3934  310  10  0.35  0.05  Sig
-4.27794e-05  99.5132  310  10  0.45  0.05  Sig
0.00741977  129.318  310  10  0.55  0.05  Sig
-0.622676  612.532  310  10  0.65  0.05  Sig
25.8162  729.006  310  10  0.75  0.05  Sig
0.0238757  69.8871  310  10  0.85  0.05  Sig
-27.0219  924.735  310  10  0.95  0.05  Sig
-19.8881  776.762  330  10  -0.95  0.05  Sig
0.00287082  25.4684  330  10  -0.85  0.05  Sig
0  0  330  10  -0.75  0.05  Sig
-1.20963e-07  5.59995  330  10  -0.65  0.05  Sig
0.00823348  376.631  330  10  -0.55  0.05  Sig
-1.40186e-05  323.79  330  10  -0.45  0.05  Sig
-2.65786e-07  21.9977  330  10  -0.35  0.05  Sig
-0.00201855  37.4839  330  10  -0.25  0.05  Sig
-1.53406e-05  53.366  330  10  -0.15  0.05  Sig
-0.000108642  202.291  330  10  -0.05  0.05  Sig
2.22681e-05  153.847  330  10  0.05  0.05  Sig
-0.000810168  49.2073  330  10  0.15  0.05  Sig
0.000459791  274.393  330  10  0.25  0.05  Sig
0.000515564  357.864  330  10  0.35  0.05  Sig
0.00208462  24.782  330  10  0.45  0.05  Sig
-50.5862  1989.92  330  10  0.55  0.05  Sig
0  0  330  10  0.65  0.05  Sig
0.0504086  295.511  330  10  0.75  0.05  Sig
0.00253434  120.261  330  10  0.85  0.05  Sig
0  0  330  10  0.95  0.05  Sig
-0.000142488  18.8313  350  10  -0.95  0.05  Sig
-12.2577  275.729  350  10  -0.85  0.05  Sig
-39.8183  1614.9  350  10  -0.75  0.05  Sig
-3.53856e-05  17.9359  350  10  -0.65  0.05  Sig
8.70374e-08  39.899  350  10  -0.55  0.05  Sig
-0.013558  77.1307  350  10  -0.45  0.05  Sig
0.000210695  9.43821  350  10  -0.35  0.05  Sig
0.0046862  187.751  350  10  -0.25  0.05  Sig
1.38243e-06  22.1785  350  10  -0.15  0.05  Sig
5.09885e-08  15.2481  350  10  -0.05  0.05  Sig
-6.0328e-05  129.184  350  10  0.05  0.05  Sig
-39.071  1637.42  350  10  0.15  0.05  Sig
0.000422344  18.2022  350  10  0.25  0.05  Sig
8.38653e-08  15.5387  350  10  0.35  0.05  Sig
0.00873432  365.18  350  10  0.45  0.05  Sig
11.9641  275.216  350  10  0.55  0.05  Sig
0.00248986  19.3975  350  10  0.65  0.05  Sig
12.5933  285.447  350  10  0.75  0.05  Sig
44.1784  1415.14  350  10  0.85  0.05  Sig
38.1134  1588.76  350  10  0.95  0.05  Sig
0.226658  0.227118  370  10  -0.95  0.05  Sig
0.302558  0.169796  370  10  -0.85  0.05  Sig
0.382024  0.091064  370  10  -0.75  0.05  Sig
0.526131  0.0745536  370  10  -0.65  0.05  Sig
0.539935  0.060123  370  10  -0.55  0.05  Sig
-0.000108552  0.000343013  370  10  -0.45  0.05  Sig
0.705676  0.0483144  370  10  -0.35  0.05  Sig
0.67984  0.0475973  370  10  -0.25  0.05  Sig
0.578109  0.0482927  370  10  -0.15  0.05  Sig
0.647842  0.0494272  370  10  -0.05  0.05  Sig
0.590462  0.0513291  370  10  0.05  0.05  Sig
0.648984  0.0502722  370  10  0.15  0.05  Sig
0.631141  0.0558778  370  10  0.25  0.05  Sig
0.465025  0.0592791  370  10  0.35  0.05  Sig
0.459875  0.0770933  370  10  0.45  0.05  Sig
0  0  370  10  0.55  0.05  Sig
0.467265  0.106874  370  10  0.65  0.05  Sig
13.0215  521.341  370  10  0.75  0.05  Sig
11.8186  498.228  370  10  0.85  0.05  Sig
32.9946  1318.58  370  10  0.95  0.05  Sig
1.10644  0.292544  390  10  -0.95  0.05  Sig
0  0  390  10  -0.85  0.05  Sig
0  0  390  10  -0.75  0.05  Sig
0.427372  0.090189  390  10  -0.65  0.05  Sig
0.580378  0.0808921  390  10  -0.55  0.05  Sig
0.620167  0.0692665  390  10  -0.45  0.05  Sig
0.61301  0.060614  390  10  -0.35  0.05  Sig
0.634786  0.0631728  390  10  -0.25  0.05  Sig
0.586878  0.058659  390  10  -0.15  0.05  Sig
0.653154  0.0572785  390  10  -0.05  0.05  Sig
0.611577  0.0632597  390  10  0.05  0.05  Sig
0.581312  0.0639602  390  10  0.15  0.05  Sig
0.588201  0.066598  390  10  0.25  0.05  Sig
0.571362  0.0728363  390  10  0.35  0.05  Sig
0.686618  0.0786631  390  10  0.45  0.05  Sig
0.342786  0.103635  390  10  0.55  0.05  Sig
0.432373  0.12297  390  10  0.65  0.05  Sig
-0.626505  0.967377  390  10  0.75  0.05  Sig
0.00544788  0.0109577  390  10  0.85  0.05  Sig
0.000739782  5.92217  390  10  0.95  0.05  Sig
0.277488  0.21549  410  10  -0.95  0.05  Sig
0.368231  0.10205  410  10  -0.85  0.05  Sig
0.528397  0.0741716  410  10  -0.75  0.05  Sig
0  0  410  10  -0.65  0.05  Sig
0  0  410  10  -0.55  0.05  Sig
-0.000604582  0.000748132  410  10  -0.45  0.05  Sig
0.604315  0.0375772  410  10  -0.35  0.05  Sig
0.569017  0.0351125  410  10  -0.25  0.05  Sig
0.669979  0.0369335  410  10  -0.15  0.05  Sig
0.60804  0.0367866  410  10  -0.05  0.05  Sig
0.689284  0.0370217  410  10  0.05  0.05  Sig
0.592536  0.0374771  410  10  0.15  0.05  Sig
0.621594  0.0408875  410  10  0.25  0.05  Sig
0.598817  0.0457904  410  10  0.35  0.05  Sig
0.563273  0.0491546  410  10  0.45  0.05  Sig
0.519596  0.0632485  410  10  0.55  0.05  Sig
0.325805  0.0810088  410  10  0.65  0.05  Sig
0.317146  0.112232  410  10  0.75  0.05  Sig
-0.0301566  0.289641  410  10  0.85  0.05  Sig
3.87759e-09  0.382243  410  10  0.95  0.05  Sig
9.22999e-05  0.00194197  430  10  -0.95  0.05  Sig
-0.000132503  0.000415549  430  10  -0.85  0.05  Sig
0.552771  0.0580729  430  10  -0.75  0.05  Sig
0.554407  0.049474  430  10  -0.65  0.05  Sig
-0.000205599  0.00036447  430  10  -0.55  0.05  Sig
0.654881  0.037812  430  10  -0.45  0.05  Sig
0.612775  0.0322747  430  10  -0.35  0.05  Sig
0.586608  0.0325781  430  10  -0.25  0.05  Sig
0.691903  0.0324626  430  10  -0.15  0.05  Sig
0.566241  0.0327592  430  10  -0.05  0.05  Sig
0.662178  0.033334  430  10  0.05  0.05  Sig
0.59922  0.0348754  430  10  0.15  0.05  Sig
0.626706  0.0363688  430  10  0.25  0.05  Sig
0.598818  0.0369623  430  10  0.35  0.05  Sig
0.574349  0.0413977  430  10  0.45  0.05  Sig
0.504341  0.0526393  430  10  0.55  0.05  Sig
0.441023  0.0582175  430  10  0.65  0.05  Sig
0.477049  0.096668  430  10  0.75  0.05  Sig
0  0  430  10  0.85  0.05  Sig
3.40645e-05  53.6063  430  10  0.95  0.05  Sig
0.174233  0.169776  450  10  -0.95  0.05  Sig
0  0  450  10  -0.85  0.05  Sig
0.49009  0.060855  450  10  -0.75  0.05  Sig
0.533848  0.0462204  450  10  -0.65  0.05  Sig
0.578456  0.0387617  450  10  -0.55  0.05  Sig
0.602492  0.0332168  450  10  -0.45  0.05  Sig
0.569835  0.0302688  450  10  -0.35  0.05  Sig
0.692169  0.0303166  450  10  -0.25  0.05  Sig
0.644235  0.0292204  450  10  -0.15  0.05  Sig
0.622875  0.0281604  450  10  -0.05  0.05  Sig
0.613491  0.0280606  450  10  0.05  0.05  Sig
0.583784  0.029791  450  10  0.15  0.05  Sig
0.587295  0.0302787  450  10  0.25  0.05  Sig
0.554731  0.0324771  450  10  0.35  0.05  Sig
0.550689  0.0362632  450  10  0.45  0.05  Sig
0.566033  0.042899  450  10  0.55  0.05  Sig
0.302418  0.0514726  450  10  0.65  0.05  Sig
0.326623  0.0760331  450  10  0.75  0.05  Sig
2.56962e-05  102.903  450  10  0.85  0.05  Sig
-0.879248  3.45356  450  10  0.95  0.05  Sig
0.217118  0.12687  470  10  -0.95  0.05  Sig
0.00202773  0.00261819  470  10  -0.85  0.05  Sig
0  0  470  10  -0.75  0.05  Sig
0  0  470  10  -0.65  0.05  Sig
0.684327  0.0309186  470  10  -0.55  0.05  Sig
0.644509  0.0332971  470  10  -0.45  0.05  Sig
0.659853  0.0293021  470  10  -0.35  0.05  Sig
0.643017  0.027052  470  10  -0.25  0.05  Sig
0.670144  0.0259878  470  10  -0.15  0.05  Sig
0.641802  0.02582  470  10  -0.05  0.05  Sig
0.649782  0.0256072  470  10  0.05  0.05  Sig
0.615978  0.0256614  470  10  0.15  0.05  Sig
0.585891  0.0272829  470  10  0.25  0.05  Sig
0.571121  0.0299265  470  10  0.35  0.05  Sig
0.546492  0.0339892  470  10  0.45  0.05  Sig
0.441145  0.0346736  470  10  0.55  0.05  Sig
0.495089  0.0415178  470  10  0.65  0.05  Sig
0.350521  0.0633699  470  10  0.75  0.05  Sig
0.124581  122.765  470  10  0.85  0.05  Sig
0.010861  1.3507  470  10  0.95  0.05  Sig
0  0  490  10  -0.95  0.05  Sig
0.264449  0.0702091  490  10  -0.85  0.05  Sig
0.581983  0.0606168  490  10  -0.75  0.05  Sig
0.55434  0.0402188  490  10  -0.65  0.05  Sig
0.605287  0.0392863  490  10  -0.55  0.05  Sig
0.555332  0.0354681  490  10  -0.45  0.05  Sig
0.601367  0.0318608  490  10  -0.35  0.05  Sig
0.694587  0.0275461  490  10  -0.25  0.05  Sig
0.630369  0.028495  490  10  -0.15  0.05  Sig
0.622567  0.0277069  490  10  -0.05  0.05  Sig
0.625898  0.027665  490  10  0.05  0.05  Sig
0.639197  0.0285242  490  10  0.15  0.05  Sig
0.572301  0.0286592  490  10  0.25  0.05  Sig
0.516856  0.0296076  490  10  0.35  0.05  Sig
0.578907  0.031502  490  10  0.45  0.05  Sig
0.540241  0.0384274  490  10  0.55  0.05  Sig
0  0  490  10  0.65  0.05  Sig
0.396579  0.0657736  490  10  0.75  0.05  Sig
0.00397636  11.6393  490  10  0.85  0.05  Sig
0.00134452  27.4238  490  10  0.95  0.05  Sig
-0.0108471  0.0323312  510  10  -0.95  0.05  Sig
0.438327  0.0534051  510  10  -0.85  0.05  Sig
-0.000653599  0.000309156  510  10  -0.75  0.05  Sig
0.645654  0.033911  510  10  -0.65  0.05  Sig
0.624268  0.0292312  510  10  -0.55  0.05  Sig
0.629467  0.0288758  510  10  -0.45  0.05  Sig
0.654913  0.0252511  510  10  -0.35  0.05  Sig
0.670601  0.0244785  510  10  -0.25  0.05  Sig
0.628204  0.0234617  510  10  -0.15  0.05  Sig
0.644578  0.0240084  510  10  -0.05  0.05  Sig
0.658465  0.0238402  510  10  0.05  0.05  Sig
0.604634  0.0232766  510  10  0.15  0.05  Sig
0.582668  0.024584  510  10  0.25  0.05  Sig
0.637651  0.0250026  510  10  0.35  0.05  Sig
0.575859  0.0267246  510  10  0.45  0.05  Sig
0.532514  0.030535  510  10  0.55  0.05  Sig
0.45836  0.0348163  510  10  0.65  0.05  Sig
0.370129  0.0557767  510  10  0.75  0.05  Sig
0.076772  88.1619  510  10  0.85  0.05  Sig
-0.389623  0.50785  510  10  0.95  0.05  Sig
0.219648  0.146138  530  10  -0.95  0.05  Sig
-0.000344508  0.000773093  530  10  -0.85  0.05  Sig
-0.0123982  0.0109672  530  10  -0.75  0.05  Sig
0.601877  0.0364955  530  10  -0.65  0.05  Sig
0.667356  0.0342823  530  10  -0.55  0.05  Sig
0.626034  0.0294178  530  10  -0.45  0.05  Sig
0.646318  0.0292243  530  10  -0.35  0.05  Sig
0.620021  0.02549  530  10  -0.25  0.05  Sig
0.644055  0.0264567  530  10  -0.15  0.05  Sig
0.639647  0.0256076  530  10  -0.05  0.05  Sig
0.658872  0.0249538  530  10  0.05  0.05  Sig
0.635053  0.0252418  530  10  0.15  0.05  Sig
0.631812  0.0266977  530  10  0.25  0.05  Sig
0.605049  0.0263786  530  10  0.35  0.05  Sig
0.552171  0.0282898  530  10  0.45  0.05  Sig
0.486909  0.0325164  530  10  0.55  0.05  Sig
0.490016  0.0377176  530  10  0.65  0.05  Sig
0.0158396  0.0132724  530  10  0.75  0.05  Sig
0.0650811  74.7365  530  10  0.85  0.05  Sig
0.0572069  0.966473  530  10  0.95  0.05  Sig
3.57975  3.71746  550  10  -0.95  0.05  Sig
0.426429  0.0609183  550  10  -0.85  0.05  Sig
0.511742  0.0464575  550  10  -0.75  0.05  Sig
0.594325  0.0392435  550  10  -0.65  0.05  Sig
0.621137  0.0383796  550  10  -0.55  0.05  Sig
0.592415  0.0322561  550  10  -0.45  0.05  Sig
0.664206  0.0314807  550  10  -0.35  0.05  Sig
0.631547  0.0297505  550  10  -0.25  0.05  Sig
0.620342  0.0282864  550  10  -0.15  0.05  Sig
0.654713  0.0283999  550  10  -0.05  0.05  Sig
0.605326  0.0253541  550  10  0.05  0.05  Sig
0.684495  0.0284625  550  10  0.15  0.05  Sig
0.622444  0.028211  550  10  0.25  0.05  Sig
0.615167  0.0291574  550  10  0.35  0.05  Sig
0.533677  0.0323309  550  10  0.45  0.05  Sig
0.559242  0.0339053  550  10  0.55  0.05  Sig
0.557514  0.039726  550  10  0.65  0.05  Sig
-0.000367808  0.00224768  550  10  0.75  0.05  Sig
0  0  550  10  0.85  0.05  Sig
0.0565571  0.500292  550  10  0.95  0.05  Sig
0.352356  0.137659  570  10  -0.95  0.05  Sig
0.387164  0.0465407  570  10  -0.85  0.05  Sig
0.505687  0.0418182  570  10  -0.75  0.05  Sig
0.59077  0.0350474  570  10  -0.65  0.05  Sig
0.637984  0.0303834  570  10  -0.55  0.05  Sig
0.604103  0.0266035  570  10  -0.45  0.05  Sig
0.640441  0.0250188  570  10  -0.35  0.05  Sig
0.640943  0.0237775  570  10  -0.25  0.05  Sig
0.647626  0.0232867  570  10  -0.15  0.05  Sig
0.689427  0.0233565  570  10  -0.05  0.05  Sig
0.680617  0.0236961  570  10  0.05  0.05  Sig
0.679128  0.0222048  570  10  0.15  0.05  Sig
0.632289  0.0226901  570  10  0.25  0.05  Sig
0.641344  0.0228404  570  10  0.35  0.05  Sig
0.604995  0.026217  570  10  0.45  0.05  Sig
0.591876  0.0294574  570  10  0.55  0.05  Sig
0.482184  0.0304705  570  10  0.65  0.05  Sig
0  0  570  10  0.75  0.05  Sig
0.0273621  0.194793  570  10  0.85  0.05  Sig
0  0  570  10  0.95  0.05  Sig
0  0  590  10  -0.95  0.05  Sig
0.347544  0.0407949  590  10  -0.85  0.05  Sig
0.528868  0.0328607  590  10  -0.75  0.05  Sig
0.60271  0.0297861  590  10  -0.65  0.05  Sig
0.651337  0.0262998  590  10  -0.55  0.05  Sig
0.681897  0.025442  590  10  -0.45  0.05  Sig
0.66324  0.022098  590  10  -0.35  0.05  Sig
0.719247  0.0214105  590  10  -0.25  0.05  Sig
0.700605  0.0205959  590  10  -0.15  0.05  Sig
0.669164  0.0204483  590  10  -0.05  0.05  Sig
0.596805  0.0184855  590  10  0.05  0.05  Sig
0.694401  0.0192606  590  10  0.15  0.05  Sig
0.636454  0.0195516  590  10  0.25  0.05  Sig
0.63498  0.0202862  590  10  0.35  0.05  Sig
0.543387  0.0205791  590  10  0.45  0.05  Sig
0.578734  0.0229484  590  10  0.55  0.05  Sig
0.483939  0.0284799  590  10  0.65  0.05  Sig
-0.00138464  11.165  590  10  0.75  0.05  Sig
0.118747  0.167352  590  10  0.85  0.05  Sig
0  0  590  10  0.95  0.05  Sig
0.146242  0.0933829  610  10  -0.95  0.05  Sig
0.499371  0.0455441  610  10  -0.85  0.05  Sig
0.583785  0.0363913  610  10  -0.75  0.05  Sig
0.573437  0.0323999  610  10  -0.65  0.05  Sig
0.545212  0.0323493  610  10  -0.55  0.05  Sig
0.650515  0.028451  610  10  -0.45  0.05  Sig
0.62354  0.0254479  610  10  -0.35  0.05  Sig
0.668218  0.0245859  610  10  -0.25  0.05  Sig
0.697408  0.0231646  610  10  -0.15  0.05  Sig
0.680903  0.0228637  610  10  -0.05  0.05  Sig
0.704318  0.0215891  610  10  0.05  0.05  Sig
0.679761  0.0213768  610  10  0.15  0.05  Sig
0.687205  0.0217263  610  10  0.25  0.05  Sig
0.666578  0.0218234  610  10  0.35  0.05  Sig
0.591381  0.0237535  610  10  0.45  0.05  Sig
0.64232  0.0244942  610  10  0.55  0.05  Sig
0.543777  0.0359344  610  10  0.65  0.05  Sig
-0.0007344  64.3206  610  10  0.75  0.05  Sig
0.264207  0.173843  610  10  0.85  0.05  Sig
0.0525945  0.0884129  610  10  0.95  0.05  Sig
0.0761733  0.134979  630  10  -0.95  0.05  Sig
0.405671  0.083549  630  10  -0.85  0.05  Sig
0.489741  0.0713318  630  10  -0.75  0.05  Sig
0.580203  0.06517  630  10  -0.65  0.05  Sig
0.521004  0.0610028  630  10  -0.55  0.05  Sig
0.717042  0.0552096  630  10  -0.45  0.05  Sig
0.781552  0.0518661  630  10  -0.35  0.05  Sig
0.619364  0.0487945  630  10  -0.25  0.05  Sig
0.760594  0.0441286  630  10  -0.15  0.05  Sig
0.68859  0.0455587  630  10  -0.05  0.05  Sig
0.73036  0.044842  630  10  0.05  0.05  Sig
0.709877  0.0431551  630  10  0.15  0.05  Sig
0.775714  0.0420147  630  10  0.25  0.05  Sig
0.773928  0.0411836  630  10  0.35  0.05  Sig
0.695753  0.0454438  630  10  0.45  0.05  Sig
0.667483  0.0482775  630  10  0.55  0.05  Sig
0.731835  0.0605622  630  10  0.65  0.05  Sig
3.21036e-06  27.1626  630  10  0.75  0.05  Sig
0.0349783  0.312848  630  10  0.85  0.05  Sig
0.00366182  6.6904  630  10  0.95  0.05  Sig
-0.00253492  0.00649413  650  10  -0.95  0.05  Sig
0.357742  0.226794  650  10  -0.85  0.05  Sig
0.662335  0.219521  650  10  -0.75  0.05  Sig
0.506593  0.169034  650  10  -0.65  0.05  Sig
0.872499  0.148867  650  10  -0.55  0.05  Sig
0.837788  0.159024  650  10  -0.45  0.05  Sig
0.476075  0.152772  650  10  -0.35  0.05  Sig
0.384431  0.134766  650  10  -0.25  0.05  Sig
0.926104  0.13821  650  10  -0.15  0.05  Sig
0.798101  0.135205  650  10  -0.05  0.05  Sig
0.673965  0.127986  650  10  0.05  0.05  Sig
0.611192  0.123439  650  10  0.15  0.05  Sig
0.644687  0.124532  650  10  0.25  0.05  Sig
0.59113  0.114307  650  10  0.35  0.05  Sig
0.616828  0.117367  650  10  0.45  0.05  Sig
0.558491  0.137474  650  10  0.55  0.05  Sig
0.69836  0.174216  650  10  0.65  0.05  Sig
0  0  650  10  0.75  0.05  Sig
0.170877  1.04483  650  10  0.85  0.05  Sig
1.15812e-05  -36.2092  650  10  0.95  0.05  Sig
-0.784658  1.95846  670  10  -0.95  0.05  Sig
-0.92957  0.81678  670  10  -0.85  0.05  Sig
0.967652  0.781364  670  10  -0.75  0.05  Sig
1.49153  0.704088  670  10  -0.65  0.05  Sig
0.932772  0.678297  670  10  -0.55  0.05  Sig
0.826224  0.666  670  10  -0.45  0.05  Sig
1.07358  0.588183  670  10  -0.35  0.05  Sig
1.86105  0.568032  670  10  -0.25  0.05  Sig
1.59957  0.549215  670  10  -0.15  0.05  Sig
1.06759  0.587269  670  10  -0.05  0.05  Sig
1.29589  0.54008  670  10  0.05  0.05  Sig
0.750133  0.484367  670  10  0.15  0.05  Sig
0.521364  0.497848  670  10  0.25  0.05  Sig
1.61098  0.478342  670  10  0.35  0.05  Sig
1.06009  0.483811  670  10  0.45  0.05  Sig
0.141574  0.550408  670  10  0.55  0.05  Sig
0.0282455  0.0223469  670  10  0.65  0.05  Sig
0  0  670  10  0.75  0.05  Sig
-2.4191  3.30399  670  10  0.85  0.05  Sig
0  0  670  10  0.95  0.05  Sig
0  0  690  10  -0.95  0.05  Sig
0.911519  0.724582  690  10  -0.85  0.05  Sig
1.13874  0.641111  690  10  -0.75  0.05  Sig
0.147694  0.637653  690  10  -0.65  0.05  Sig
-0.370262  0.623662  690  10  -0.55  0.05  Sig
1.86511  0.603372  690  10  -0.45  0.05  Sig
0.391004  0.533952  690  10  -0.35  0.05  Sig
1.13605  0.316278  690  10  -0.25  0.05  Sig
1.85677  0.573309  690  10  -0.15  0.05  Sig
1.03466  0.495758  690  10  -0.05  0.05  Sig
0.60828  0.455553  690  10  0.05  0.05  Sig
0.87795  0.473105  690  10  0.15  0.05  Sig
0.887832  0.447488  690  10  0.25  0.05  Sig
0.416479  0.428471  690  10  0.35  0.05  Sig
1.39918  0.451239  690  10  0.45  0.05  Sig
0.968506  0.504933  690  10  0.55  0.05  Sig
0  0  690  10  0.65  0.05  Sig
0.273008  2.50882  690  10  0.75  0.05  Sig
1.9071  2.38525  690  10  0.85  0.05  Sig
0  0  690  10  0.95  0.05  Sig
0  0  710  10  -0.95  0.05  Sig
-0.515855  0.542641  710  10  -0.85  0.05  Sig
-0.73792  0.82682  710  10  -0.75  0.05  Sig
1.12895  0.776009  710  10  -0.65  0.05  Sig
0.257444  0.742906  710  10  -0.55  0.05  Sig
0.982162  0.732571  710  10  -0.45  0.05  Sig
-0.520102  0.824859  710  10  -0.35  0.05  Sig
1.11419  0.722285  710  10  -0.25  0.05  Sig
1.03909  0.677396  710  10  -0.15  0.05  Sig
1.96316  0.693426  710  10  -0.05  0.05  Sig
0.699825  0.598279  710  10  0.05  0.05  Sig
1.75567  0.552835  710  10  0.15  0.05  Sig
-0.195936  0.543058  710  10  0.25  0.05  Sig
0.585075  0.555314  710  10  0.35  0.05  Sig
-0.101482  0.544657  710  10  0.45  0.05  Sig
0.752667  0.62948  710  10  0.55  0.05  Sig
0  0  710  10  0.65  0.05  Sig
0  0  710  10  0.75  0.05  Sig
-0.714993  2.81741  710  10  0.85  0.05  Sig
-0.365859  2.32388  710  10  0.95  0.05  Sig
-1.00684  1.02051  730  10  -0.95  0.05  Sig
1.17462  0.652932  730  10  -0.85  0.05  Sig
0.346094  0.575764  730  10  -0.75  0.05  Sig
0.827859  0.668217  730  10  -0.65  0.05  Sig
1.12824  0.555484  730  10  -0.55  0.05  Sig
1.85197  0.573457  730  10  -0.45  0.05  Sig
0.536939  0.550192  730  10  -0.35  0.05  Sig
0.746663  0.524213  730  10  -0.25  0.05  Sig
0.35504  0.460355  730  10  -0.15  0.05  Sig
1.47115  0.451393  730  10  -0.05  0.05  Sig
1.38021  0.470658  730  10  0.05  0.05  Sig
0.658354  0.436842  730  10  0.15  0.05  Sig
1.30007  0.439891  730  10  0.25  0.05  Sig
0.147233  0.412721  730  10  0.35  0.05  Sig
0.365787  0.412866  730  10  0.45  0.05  Sig
1.55692  0.460017  730  10  0.55  0.05  Sig
-46.1599  1676.87  730  10  0.65  0.05  Sig
0.0688964  0.750345  730  10  0.75  0.05  Sig
0  0  730  10  0.85  0.05  Sig
0  0  730  10  0.95  0.05  Sig
0  0  750  10  -0.95  0.05  Sig
0.505445  0.417502  750  10  -0.85  0.05  Sig
0.314265  0.450562  750  10  -0.75  0.05  Sig
0.644857  0.437694  750  10  -0.65  0.05  Sig
0.522331  0.459071  750  10  -0.55  0.05  Sig
0.335108  0.435002  750  10  -0.45  0.05  Sig
0.811334  0.434639  750  10  -0.35  0.05  Sig
0.827598  0.38574  750  10  -0.25  0.05  Sig
0.453297  0.335409  750  10  -0.15  0.05  Sig
0.696496  0.34713  750  10  -0.05  0.05  Sig
0.996652  0.367837  750  10  0.05  0.05  Sig
0.905522  0.33481  750  10  0.15  0.05  Sig
0.54499  0.335737  750  10  0.25  0.05  Sig
1.00642  0.342659  750  10  0.35  0.05  Sig
0.748496  0.317104  750  10  0.45  0.05  Sig
0.286297  0.354356  750  10  0.55  0.05  Sig
-19.2923  0.967627  750  10  0.65  0.05  Sig
0.117133  0.55347  750  10  0.75  0.05  Sig
2.5112  1.20014  750  10  0.85  0.05  Sig
4.82201  3.97007  750  10  0.95  0.05  Sig
-0.123667  0.614929  770  10  -0.95  0.05  Sig
0.236683  0.564216  770  10  -0.85  0.05  Sig
1.27431  0.500349  770  10  -0.75  0.05  Sig
0.933443  0.511889  770  10  -0.65  0.05  Sig
0.37384  0.466867  770  10  -0.55  0.05  Sig
0.534593  0.436155  770  10  -0.45  0.05  Sig
0.72309  0.435221  770  10  -0.35  0.05  Sig
0.542137  0.394868  770  10  -0.25  0.05  Sig
1.13968  0.381797  770  10  -0.15  0.05  Sig
0.157306  0.352172  770  10  -0.05  0.05  Sig
0.577837  0.358739  770  10  0.05  0.05  Sig
0.523909  0.342387  770  10  0.15  0.05  Sig
0.888791  0.350529  770  10  0.25  0.05  Sig
0.306203  0.32054  770  10  0.35  0.05  Sig
0.257995  0.327083  770  10  0.45  0.05  Sig
0.647664  0.332867  770  10  0.55  0.05  Sig
1.75146  0.409316  770  10  0.65  0.05  Sig
0.335949  0.50178  770  10  0.75  0.05  Sig
0.00320562  1706.25  770  10  0.85  0.05  Sig
-2.95614  1.83588  770  10  0.95  0.05  Sig
-0.282346  0.809779  790  10  -0.95  0.05  Sig
0.141916  0.743781  790  10  -0.85  0.05  Sig
0.621772  0.45603  790  10  -0.75  0.05  Sig
0.226636  0.465713  790  10  -0.65  0.05  Sig
0.295054  0.450225  790  10  -0.55  0.05  Sig
-0.0910689  0.48982  790  10  -0.45  0.05  Sig
0.631275  0.448936  790  10  -0.35  0.05  Sig
0.634739  0.389802  790  10  -0.25  0.05  Sig
1.14927  0.418876  790  10  -0.15  0.05  Sig
0.341446  0.374688  790  10  -0.05  0.05  Sig
1.07445  0.374095  790  10  0.05  0.05  Sig
0.339598  0.37986  790  10  0.15  0.05  Sig
0.676302  0.335987  790  10  0.25  0.05  Sig
0.122471  0.339742  790  10  0.35  0.05  Sig
0.453432  0.295655  790  10  0.45  0.05  Sig
0.548928  0.334961  790  10  0.55  0.05  Sig
0.283864  0.394797  790  10  0.65  0.05  Sig
0.750295  0.465989  790  10  0.75  0.05  Sig
-0.00654676  2209.69  790  10  0.85  0.05  Sig
0  0  790  10  0.95  0.05  Sig
0.779873  0.595957  810  10  -0.95  0.05  Sig
0.380667  0.305145  810  10  -0.85  0.05  Sig
0.417547  0.368214  810  10  -0.75  0.05  Sig
0.0722884  0.418133  810  10  -0.65  0.05  Sig
0.448482  0.322874  810  10  -0.55  0.05  Sig
0.522339  0.320708  810  10  -0.45  0.05  Sig
0.344961  0.307884  810  10  -0.35  0.05  Sig
0.503389  0.289659  810  10  -0.25  0.05  Sig
0.504076  0.297999  810  10  -0.15  0.05  Sig
1.10939  0.280319  810  10  -0.05  0.05  Sig
0.430476  0.251098  810  10  0.05  0.05  Sig
0.248259  0.286301  810  10  0.15  0.05  Sig
0.761456  0.245091  810  10  0.25  0.05  Sig
0.781627  0.233902  810  10  0.35  0.05  Sig
0.903821  0.247498  810  10  0.45  0.05  Sig
0.855967  0.256001  810  10  0.55  0.05  Sig
0.260625  0.282668  810  10  0.65  0.05  Sig
0.178115  0.279173  810  10  0.75  0.05  Sig
0  0  810  10  0.85  0.05  Sig
0  0  810  10  0.95  0.05  Sig
0  0  830  10  -0.95  0.05  Sig
0.449487  0.353196  830  10  -0.85  0.05  Sig
0.448287  0.348281  830  10  -0.75  0.05  Sig
-0.105349  0.345974  830  10  -0.65  0.05  Sig
0.96138  0.318892  830  10  -0.55  0.05  Sig
0.921327  0.314072  830  10  -0.45  0.05  Sig
0.899334  0.318544  830  10  -0.35  0.05  Sig
0.576507  0.30844  830  10  -0.25  0.05  Sig
0.155669  0.2844  830  10  -0.15  0.05  Sig
0.282166  0.268138  830  10  -0.05  0.05  Sig
1.16947  0.260142  830  10  0.05  0.05  Sig
0.319708  0.279153  830  10  0.15  0.05  Sig
0.0311917  0.260806  830  10  0.25  0.05  Sig
0.711237  0.255234  830  10  0.35  0.05  Sig
0.349355  0.236767  830  10  0.45  0.05  Sig
0.861126  0.251278  830  10  0.55  0.05  Sig
0.712239  0.271514  830  10  0.65  0.05  Sig
0.779729  0.304492  830  10  0.75  0.05  Sig
0.15315  0.628539  830  10  0.85  0.05  Sig
0  0  830  10  0.95  0.05  Sig
-0.469839  0.362665  850  10  -0.95  0.05  Sig
0.177002  0.331939  850  10  -0.85  0.05  Sig
0.695768  0.345369  850  10  -0.75  0.05  Sig
1.04761  0.337483  850  10  -0.65  0.05  Sig
0.373544  0.319614  850  10  -0.55  0.05  Sig
0.949242  0.325599  850  10  -0.45  0.05  Sig
0.691092  0.303055  850  10  -0.35  0.05  Sig
0.291221  0.268851  850  10  -0.25  0.05  Sig
0.593897  0.280716  850  10  -0.15  0.05  Sig
0.766767  0.247047  850  10  -0.05  0.05  Sig
0.7754  0.246958  850  10  0.05  0.05  Sig
0.532941  0.247098  850  10  0.15  0.05  Sig
0.652696  0.242145  850  10  0.25  0.05  Sig
0.291064  0.236153  850  10  0.35  0.05  Sig
0.634281  0.250098  850  10  0.45  0.05  Sig
0.695913  0.250216  850  10  0.55  0.05  Sig
0.495332  0.208427  850  10  0.65  0.05  Sig
0.682297  0.285262  850  10  0.75  0.05  Sig
-21.8678  860.219  850  10  0.85  0.05  Sig
0.00323282  6.59269  850  10  0.95  0.05  Sig
-0.0333227  0.367918  870  10  -0.95  0.05  Sig
0.630979  0.350904  870  10  -0.85  0.05  Sig
0  0  870  10  -0.75  0.05  Sig
-0.0591819  0.449111  870  10  -0.65  0.05  Sig
0.309484  0.35389  870  10  -0.55  0.05  Sig
0.533604  0.399042  870  10  -0.45  0.05  Sig
0.407389  0.355055  870  10  -0.35  0.05  Sig
0.328295  0.293422  870  10  -0.25  0.05  Sig
0.776996  0.302713  870  10  -0.15  0.05  Sig
0.654149  0.288005  870  10  -0.05  0.05  Sig
0.451298  0.281185  870  10  0.05  0.05  Sig
0.247101  0.270952  870  10  0.15  0.05  Sig
0.548115  0.270407  870  10  0.25  0.05  Sig
0.632675  0.250054  870  10  0.35  0.05  Sig
0.400699  0.296187  870  10  0.45  0.05  Sig
0.704811  0.283966  870  10  0.55  0.05  Sig
0.836553  0.284795  870  10  0.65  0.05  Sig
0.439773  0.275221  870  10  0.75  0.05  Sig
0.0349237  0.533168  870  10  0.85  0.05  Sig
9.84671  10.1022  870  10  0.95  0.05  Sig
0.00101996  44.1127  890  10  -0.95  0.05  Sig
1.14427  0.872929  890  10  -0.85  0.05  Sig
1.09117  0.371856  890  10  -0.75  0.05  Sig
0.414898  0.361221  890  10  -0.65  0.05  Sig
0.352089  0.355864  890  10  -0.55  0.05  Sig
-0.00204572  0.00840448  890  10  -0.45  0.05  Sig
0.455131  0.344494  890  10  -0.35  0.05  Sig
0  0  890  10  -0.25  0.05  Sig
0.410135  0.292636  890  10  -0.15  0.05  Sig
0.777001  0.310861  890  10  -0.05  0.05  Sig
0.312644  0.277648  890  10  0.05  0.05  Sig
0.717599  0.266448  890  10  0.15  0.05  Sig
0.697328  0.277816  890  10  0.25  0.05  Sig
0.908659  0.278607  890  10  0.35  0.05  Sig
0.233524  0.234575  890  10  0.45  0.05  Sig
0.815318  0.307766  890  10  0.55  0.05  Sig
1.15371  0.372851  890  10  0.65  0.05  Sig
0  0  890  10  0.75  0.05  Sig
-3.68199  14.8118  890  10  0.85  0.05  Sig
-0.000640374  4.71545  890  10  0.95  0.05  Sig
0  0  910  10  -0.95  0.05  Sig
0  0  910  10  -0.85  0.05  Sig
0.6071  1.04077  910  10  -0.75  0.05  Sig
0.284495  1.00342  910  10  -0.65  0.05  Sig
0.770474  0.909238  910  10  -0.55  0.05  Sig
0  0  910  10  -0.45  0.05  Sig
0.594136  0.924231  910  10  -0.35  0.05  Sig
0.234442  1.02006  910  10  -0.25  0.05  Sig
0.827674  0.767077  910  10  -0.15  0.05  Sig
0.400159  0.849564  910  10  -0.05  0.05  Sig
1.67713  0.88368  910  10  0.05  0.05  Sig
0.78858  0.852921  910  10  0.15  0.05  Sig
0.673157  0.761523  910  10  0.25  0.05  Sig
2.10789  0.906426  910  10  0.35  0.05  Sig
1.04268  0.78285  910  10  0.45  0.05  Sig
-0.624761  0.737488  910  10  0.55  0.05  Sig
0.180822  0.632721  910  10  0.65  0.05  Sig
-56.7497  1989.68  910  10  0.75  0.05  Sig
2.01008  1.76045  910  10  0.85  0.05  Sig
-0.00253019  9.5441  910  10  0.95  0.05  Sig
