0    1    250    10    -0.95   0.05
-0.621745    2.57983    250    10    -0.85   0.05
0    1    250    10    -0.75   0.05
1.12322    1.12348    250    10    -0.65   0.05
-1.16952    79.3613    250    10    -0.55   0.05
0.172656    1.06524    250    10    -0.45   0.05
-0.60072    0.885254    250    10    -0.35   0.05
0.423903    2.28123    250    10    -0.25   0.05
0    1    250    10    -0.15   0.05
0    1    250    10    -0.05   0.05
0    1    250    10    0.05   0.05
-0.859472    1.12329    250    10    0.15   0.05
0    1    250    10    0.25   0.05
0    1    250    10    0.35   0.05
0    1    250    10    0.45   0.05
0    1    250    10    0.55   0.05
-0.870224    1.68294    250    10    0.65   0.05
0    1    250    10    0.75   0.05
0    1    250    10    0.85   0.05
0    1    250    10    0.95   0.05
0    1    270    10    -0.95   0.05
0.518256    4.79947    270    10    -0.85   0.05
0.818047    0.408525    270    10    -0.75   0.05
-0.202299    0.465036    270    10    -0.65   0.05
-0.447467    0.257341    270    10    -0.55   0.05
0.552721    0.156667    270    10    -0.45   0.05
0.57568    0.218711    270    10    -0.35   0.05
0.427483    0.252429    270    10    -0.25   0.05
-0.33128    0.372116    270    10    -0.15   0.05
0.46019    0.293004    270    10    -0.05   0.05
0.860248    0.241988    270    10    0.05   0.05
0.510282    0.5592    270    10    0.15   0.05
0.771458    0.397548    270    10    0.25   0.05
0.393593    2.75207    270    10    0.35   0.05
-1.54825    8.55447    270    10    0.45   0.05
0    1    270    10    0.55   0.05
0    1    270    10    0.65   0.05
0    1    270    10    0.75   0.05
0    1    270    10    0.85   0.05
0    1    270    10    0.95   0.05
0    1    290    10    -0.95   0.05
0.175197    2.16149    290    10    -0.85   0.05
-0.368954    0.47566    290    10    -0.75   0.05
0.5737    0.212639    290    10    -0.65   0.05
0.49513    0.184152    290    10    -0.55   0.05
-0.487111    0.198243    290    10    -0.45   0.05
-0.221921    39.4698    290    10    -0.35   0.05
0.433814    0.370481    290    10    -0.25   0.05
0.100394    0.638883    290    10    -0.15   0.05
0.456446    0.186661    290    10    -0.05   0.05
0.724004    0.756177    290    10    0.05   0.05
0.225692    1.73873    290    10    0.15   0.05
0    1    290    10    0.25   0.05
-1.2229    0.98101    290    10    0.35   0.05
0.724937    1.81407    290    10    0.45   0.05
-0.870224    1.68294    290    10    0.55   0.05
-1.5    1.47692    290    10    0.65   0.05
-0.111458    0.253517    290    10    0.75   0.05
0    1    290    10    0.85   0.05
0    1    290    10    0.95   0.05
-1.1282    2.27239    310    10    -0.95   0.05
0.67932    0.180284    310    10    -0.85   0.05
0.41803    0.14833    310    10    -0.75   0.05
0.564474    0.111157    310    10    -0.65   0.05
0.449538    0.095537    310    10    -0.55   0.05
0.478357    0.0723797    310    10    -0.45   0.05
0.435232    0.0678897    310    10    -0.35   0.05
0.51317    0.0695054    310    10    -0.25   0.05
0.4029    0.0721325    310    10    -0.15   0.05
0.502402    0.0953881    310    10    -0.05   0.05
0.636107    1.58584    310    10    0.05   0.05
0.519623    0.157977    310    10    0.15   0.05
0.36074    0.498475    310    10    0.25   0.05
0    1    310    10    0.35   0.05
0.161447    0.087598    310    10    0.45   0.05
-0.600709    71.4377    310    10    0.55   0.05
-0.595756    0.834313    310    10    0.65   0.05
0    1    310    10    0.75   0.05
0    1    310    10    0.85   0.05
0    1    310    10    0.95   0.05
-0.870224    1.68294    330    10    -0.95   0.05
0.694939    0.140809    330    10    -0.85   0.05
0.370695    0.120136    330    10    -0.75   0.05
0.547434    0.0784398    330    10    -0.65   0.05
0.473849    0.0658211    330    10    -0.55   0.05
0.541186    0.0594554    330    10    -0.45   0.05
0.45894    0.062546    330    10    -0.35   0.05
0.443504    0.0590406    330    10    -0.25   0.05
0.546362    0.153947    330    10    -0.15   0.05
0.528131    0.0640183    330    10    -0.05   0.05
0.510948    1.1243    330    10    0.05   0.05
0.491753    0.0845687    330    10    0.15   0.05
0.453492    0.607845    330    10    0.25   0.05
0.461524    0.107386    330    10    0.35   0.05
0.853258    0.194881    330    10    0.45   0.05
0.573962    1.28616    330    10    0.55   0.05
-0.81969    0.504965    330    10    0.65   0.05
0    1    330    10    0.75   0.05
0    1    330    10    0.85   0.05
0.0213096    0.122152    330    10    0.95   0.05
-0.637745    4.60178    350    10    -0.95   0.05
0.499379    0.115836    350    10    -0.85   0.05
0.474909    0.12319    350    10    -0.75   0.05
0.46171    0.0529458    350    10    -0.65   0.05
0.490875    0.0478122    350    10    -0.55   0.05
0.469717    0.0860321    350    10    -0.45   0.05
0.564127    0.0426841    350    10    -0.35   0.05
0.627905    0.0637622    350    10    -0.25   0.05
0.463943    0.0424359    350    10    -0.15   0.05
0.498549    0.101484    350    10    -0.05   0.05
0.530074    0.098358    350    10    0.05   0.05
0.499315    0.110654    350    10    0.15   0.05
0.384124    0.0610561    350    10    0.25   0.05
0.877739    0.113897    350    10    0.35   0.05
0.917174    0.183882    350    10    0.45   0.05
0    1    350    10    0.55   0.05
0.42033    0.243467    350    10    0.65   0.05
0.878332    0.551069    350    10    0.75   0.05
-1.69064    67.1342    350    10    0.85   0.05
0    1    350    10    0.95   0.05
0    1    370    10    -0.95   0.05
0.33508    0.260983    370    10    -0.85   0.05
0.442404    0.0854855    370    10    -0.75   0.05
0.407026    0.0424071    370    10    -0.65   0.05
0.448988    0.0505779    370    10    -0.55   0.05
0.578021    0.0448174    370    10    -0.45   0.05
0.531147    0.0408972    370    10    -0.35   0.05
0.639823    0.0400434    370    10    -0.25   0.05
0.544851    0.0401551    370    10    -0.15   0.05
0.521584    0.0310262    370    10    -0.05   0.05
0.541393    0.0384148    370    10    0.05   0.05
0.581955    0.0391849    370    10    0.15   0.05
0.411007    0.138809    370    10    0.25   0.05
0.380852    0.080257    370    10    0.35   0.05
0.454143    0.0628833    370    10    0.45   0.05
0.532151    0.0825287    370    10    0.55   0.05
0.479649    0.331926    370    10    0.65   0.05
0.98109    0.453713    370    10    0.75   0.05
0.664669    1.49498    370    10    0.85   0.05
0    1    370    10    0.95   0.05
0    1    390    10    -0.95   0.05
0.300795    0.185438    390    10    -0.85   0.05
0.475247    0.0808677    390    10    -0.75   0.05
0.428935    0.0504737    390    10    -0.65   0.05
0.461456    0.0435998    390    10    -0.55   0.05
0.533915    0.0613713    390    10    -0.45   0.05
0.568976    0.036567    390    10    -0.35   0.05
0.525811    0.048156    390    10    -0.25   0.05
0.570201    0.0477233    390    10    -0.15   0.05
0.575859    0.056904    390    10    -0.05   0.05
0.523298    0.0429082    390    10    0.05   0.05
0.536372    0.0641512    390    10    0.15   0.05
0.531985    0.0524834    390    10    0.25   0.05
0.43236    0.0860236    390    10    0.35   0.05
0.211355    0.101083    390    10    0.45   0.05
0.413744    0.191105    390    10    0.55   0.05
-0.411571    1.51889    390    10    0.65   0.05
-0.659199    0.319747    390    10    0.75   0.05
-0.351818    8.19848    390    10    0.85   0.05
0    1    390    10    0.95   0.05
-0.370655    0.290275    410    10    -0.95   0.05
0.322477    0.0630722    410    10    -0.85   0.05
0.499855    0.0489086    410    10    -0.75   0.05
0.510167    0.0355208    410    10    -0.65   0.05
0.49688    0.0274296    410    10    -0.55   0.05
0.54942    0.0286224    410    10    -0.45   0.05
0.603333    0.0226778    410    10    -0.35   0.05
0.593159    0.0226651    410    10    -0.25   0.05
0.571664    0.0269775    410    10    -0.15   0.05
0.562879    0.0255758    410    10    -0.05   0.05
0.590102    0.0333771    410    10    0.05   0.05
0.567814    0.0319126    410    10    0.15   0.05
0.50458    0.0421388    410    10    0.25   0.05
0.576806    0.0446619    410    10    0.35   0.05
0.446229    0.0636765    410    10    0.45   0.05
-0.0850711    0.210603    410    10    0.55   0.05
-0.347022    0.170147    410    10    0.65   0.05
0.338336    0.163881    410    10    0.75   0.05
0.11047    549.845    410    10    0.85   0.05
-0.870224    1.68294    410    10    0.95   0.05
0.549944    0.183313    430    10    -0.95   0.05
0.438619    0.0611407    430    10    -0.85   0.05
0.435468    0.0454811    430    10    -0.75   0.05
0.565575    0.0303775    430    10    -0.65   0.05
0.537249    0.0238822    430    10    -0.55   0.05
0.541604    0.0218604    430    10    -0.45   0.05
0.588502    0.0231761    430    10    -0.35   0.05
0.57876    0.0203448    430    10    -0.25   0.05
0.547148    0.0202993    430    10    -0.15   0.05
0.586511    0.022721    430    10    -0.05   0.05
0.526298    0.0266821    430    10    0.05   0.05
0.566634    0.0286869    430    10    0.15   0.05
0.53734    0.0276252    430    10    0.25   0.05
0.496388    0.0323545    430    10    0.35   0.05
0.414012    0.0515392    430    10    0.45   0.05
0.326325    0.101037    430    10    0.55   0.05
0.403677    0.0763766    430    10    0.65   0.05
0.191602    0.746394    430    10    0.75   0.05
0.432193    0.479157    430    10    0.85   0.05
0    1    430    10    0.95   0.05
0.146329    98.5265    450    10    -0.95   0.05
0.391074    0.0470996    450    10    -0.85   0.05
0.440099    0.0338559    450    10    -0.75   0.05
0.526803    0.0256291    450    10    -0.65   0.05
0.54315    0.0204179    450    10    -0.55   0.05
0.556582    0.0190076    450    10    -0.45   0.05
0.589525    0.0181924    450    10    -0.35   0.05
0.566636    0.02044    450    10    -0.25   0.05
0.543267    0.0180758    450    10    -0.15   0.05
0.583369    0.0219246    450    10    -0.05   0.05
0.559817    0.022498    450    10    0.05   0.05
0.53738    0.0218894    450    10    0.15   0.05
0.527667    0.0256575    450    10    0.25   0.05
0.496891    0.0303086    450    10    0.35   0.05
0.414161    0.0458521    450    10    0.45   0.05
-0.312562    0.0557807    450    10    0.55   0.05
-0.327269    0.0915823    450    10    0.65   0.05
0.166041    0.773133    450    10    0.75   0.05
-0.263903    3.3435    450    10    0.85   0.05
0    1    450    10    0.95   0.05
-0.238736    9.53789    470    10    -0.95   0.05
0.358641    0.0544826    470    10    -0.85   0.05
0.499202    0.0311079    470    10    -0.75   0.05
0.530382    0.0208675    470    10    -0.65   0.05
0.559729    0.0197073    470    10    -0.55   0.05
0.596493    0.0184988    470    10    -0.45   0.05
0.578553    0.0165276    470    10    -0.35   0.05
0.574069    0.0168121    470    10    -0.25   0.05
0.55238    0.0173735    470    10    -0.15   0.05
0.566082    0.0172909    470    10    -0.05   0.05
0.553698    0.0205949    470    10    0.05   0.05
0.526765    0.0184896    470    10    0.15   0.05
0.480741    0.0220931    470    10    0.25   0.05
0.515205    0.0248874    470    10    0.35   0.05
0.441709    0.0330942    470    10    0.45   0.05
0.371507    0.0486204    470    10    0.55   0.05
0.392082    0.0612185    470    10    0.65   0.05
0.19627    0.153833    470    10    0.75   0.05
0.565926    2.75243    470    10    0.85   0.05
0    1    470    10    0.95   0.05
0.276673    0.396748    490    10    -0.95   0.05
0.402664    0.0462559    490    10    -0.85   0.05
0.483983    0.0332888    490    10    -0.75   0.05
0.547085    0.0254297    490    10    -0.65   0.05
0.539024    0.0200434    490    10    -0.55   0.05
0.57135    0.0206662    490    10    -0.45   0.05
0.557604    0.0175711    490    10    -0.35   0.05
0.557612    0.0194726    490    10    -0.25   0.05
0.601623    0.0188669    490    10    -0.15   0.05
0.578918    0.0190935    490    10    -0.05   0.05
0.555526    0.0196325    490    10    0.05   0.05
0.543976    0.0201434    490    10    0.15   0.05
0.554711    0.021904    490    10    0.25   0.05
0.458904    0.0244135    490    10    0.35   0.05
0.447656    0.0304492    490    10    0.45   0.05
0.494368    0.0581038    490    10    0.55   0.05
0.309015    0.0566053    490    10    0.65   0.05
0.253981    0.097949    490    10    0.75   0.05
1.02716    0.632907    490    10    0.85   0.05
0    1    490    10    0.95   0.05
0.281394    0.240769    510    10    -0.95   0.05
0.411225    0.0384413    510    10    -0.85   0.05
0.460017    0.0254443    510    10    -0.75   0.05
0.58072    0.0196463    510    10    -0.65   0.05
0.566291    0.0167933    510    10    -0.55   0.05
0.555347    0.015046    510    10    -0.45   0.05
0.581757    0.0146069    510    10    -0.35   0.05
0.593994    0.0160844    510    10    -0.25   0.05
0.589981    0.0154471    510    10    -0.15   0.05
0.559511    0.0162211    510    10    -0.05   0.05
0.554633    0.0168765    510    10    0.05   0.05
0.535062    0.0177898    510    10    0.15   0.05
0.514528    0.0180039    510    10    0.25   0.05
0.51581    0.0210469    510    10    0.35   0.05
0.478721    0.0261832    510    10    0.45   0.05
0.416551    0.0345771    510    10    0.55   0.05
0.336747    0.0490357    510    10    0.65   0.05
0.377302    0.0853048    510    10    0.75   0.05
-0.549026    1.90711    510    10    0.85   0.05
1.08278    1.02891    510    10    0.95   0.05
-0.461848    0.171408    530    10    -0.95   0.05
0.378089    0.0567257    530    10    -0.85   0.05
0.488673    0.0283243    530    10    -0.75   0.05
0.552146    0.0210282    530    10    -0.65   0.05
0.587759    0.0174312    530    10    -0.55   0.05
0.568713    0.0175528    530    10    -0.45   0.05
0.569863    0.0172322    530    10    -0.35   0.05
0.5738    0.0174463    530    10    -0.25   0.05
0.568492    0.016831    530    10    -0.15   0.05
0.594779    0.0171692    530    10    -0.05   0.05
0.577272    0.0168182    530    10    0.05   0.05
0.594013    0.0182517    530    10    0.15   0.05
0.540608    0.0183324    530    10    0.25   0.05
0.506094    0.0224235    530    10    0.35   0.05
0.430678    0.0254412    530    10    0.45   0.05
0.352121    0.0358366    530    10    0.55   0.05
0.320864    0.0558949    530    10    0.65   0.05
0.256655    0.123777    530    10    0.75   0.05
-0.463991    5.04783    530    10    0.85   0.05
0    1    530    10    0.95   0.05
0.159078    0.116315    550    10    -0.95   0.05
0.336592    0.046502    550    10    -0.85   0.05
0.315993    0.0315897    550    10    -0.75   0.05
0.567685    0.0248362    550    10    -0.65   0.05
0.554783    0.0173635    550    10    -0.55   0.05
0.562773    0.0206395    550    10    -0.45   0.05
0.58727    0.0182626    550    10    -0.35   0.05
0.588697    0.0191496    550    10    -0.25   0.05
0.592917    0.0171905    550    10    -0.15   0.05
0.582676    0.0162601    550    10    -0.05   0.05
0.56495    0.0194633    550    10    0.05   0.05
0.591856    0.0197632    550    10    0.15   0.05
0.530982    0.0226228    550    10    0.25   0.05
0.523022    0.0244494    550    10    0.35   0.05
0.48866    0.0289996    550    10    0.45   0.05
0.439125    0.039663    550    10    0.55   0.05
0.38233    0.0507222    550    10    0.65   0.05
0.303195    0.105799    550    10    0.75   0.05
0.431875    8.47526    550    10    0.85   0.05
0    1    550    10    0.95   0.05
0.284027    0.114479    570    10    -0.95   0.05
0.368435    0.037792    570    10    -0.85   0.05
0.507041    0.0237864    570    10    -0.75   0.05
0.561173    0.0181996    570    10    -0.65   0.05
0.544479    0.0154525    570    10    -0.55   0.05
0.585302    0.0155876    570    10    -0.45   0.05
0.582983    0.0153056    570    10    -0.35   0.05
0.59119    0.0148253    570    10    -0.25   0.05
0.599376    0.0146454    570    10    -0.15   0.05
0.609849    0.0146154    570    10    -0.05   0.05
0.57146    0.0147063    570    10    0.05   0.05
0.578945    0.0142086    570    10    0.15   0.05
0.546535    0.0176416    570    10    0.25   0.05
0.5363    0.0202834    570    10    0.35   0.05
0.492276    0.0217641    570    10    0.45   0.05
0.467282    0.0288006    570    10    0.55   0.05
0.321911    0.0411003    570    10    0.65   0.05
0.205558    0.092003    570    10    0.75   0.05
0.637632    2.29846    570    10    0.85   0.05
-1.09146    8.68864    570    10    0.95   0.05
0.337001    0.0875548    590    10    -0.95   0.05
0.392593    0.0288828    590    10    -0.85   0.05
0.513314    0.0201123    590    10    -0.75   0.05
0.553231    0.0157634    590    10    -0.65   0.05
0.566228    0.0136553    590    10    -0.55   0.05
0.608806    0.0135225    590    10    -0.45   0.05
0.625779    0.0130718    590    10    -0.35   0.05
0.600268    0.0126964    590    10    -0.25   0.05
0.652942    0.0122692    590    10    -0.15   0.05
0.597732    0.0119431    590    10    -0.05   0.05
0.571743    0.0130447    590    10    0.05   0.05
0.544075    0.0137569    590    10    0.15   0.05
0.559959    0.0144734    590    10    0.25   0.05
0.521325    0.0169031    590    10    0.35   0.05
0.491974    0.020394    590    10    0.45   0.05
0.498809    0.0244177    590    10    0.55   0.05
0.343075    0.035083    590    10    0.65   0.05
0.270368    0.13108    590    10    0.75   0.05
-1.57576    6919.22    590    10    0.85   0.05
-1.59425    99021.7    590    10    0.95   0.05
0.154331    0.0614726    610    10    -0.95   0.05
0.34461    0.0300083    610    10    -0.85   0.05
0.484192    0.0231048    610    10    -0.75   0.05
0.547721    0.0177499    610    10    -0.65   0.05
0.607614    0.0151231    610    10    -0.55   0.05
0.648692    0.0141866    610    10    -0.45   0.05
0.62485    0.0131665    610    10    -0.35   0.05
0.599568    0.0119663    610    10    -0.25   0.05
0.635122    0.01298    610    10    -0.15   0.05
0.642648    0.0137264    610    10    -0.05   0.05
0.623217    0.0139691    610    10    0.05   0.05
0.611592    0.0149468    610    10    0.15   0.05
0.600039    0.0162818    610    10    0.25   0.05
0.562277    0.0181407    610    10    0.35   0.05
0.535532    0.0230493    610    10    0.45   0.05
0.487465    0.0281438    610    10    0.55   0.05
0.473459    0.0448947    610    10    0.65   0.05
0.266298    0.101163    610    10    0.75   0.05
-1.60882    41585    610    10    0.85   0.05
-1.60987    34.6195    610    10    0.95   0.05
0.490534    0.139906    630    10    -0.95   0.05
0.305568    0.058635    630    10    -0.85   0.05
0.519207    0.0436694    630    10    -0.75   0.05
0.599076    0.0331459    630    10    -0.65   0.05
0.592876    0.0315571    630    10    -0.55   0.05
0.571683    0.0287576    630    10    -0.45   0.05
0.703515    0.0276817    630    10    -0.35   0.05
0.663685    0.0259001    630    10    -0.25   0.05
0.654967    0.0260856    630    10    -0.15   0.05
0.699309    0.02707    630    10    -0.05   0.05
0.709996    0.0271066    630    10    0.05   0.05
0.595194    0.0283641    630    10    0.15   0.05
0.596569    0.0309556    630    10    0.25   0.05
0.606616    0.0350589    630    10    0.35   0.05
0.559156    0.0438794    630    10    0.45   0.05
0.583653    0.0551601    630    10    0.55   0.05
0.563544    0.0780573    630    10    0.65   0.05
0.480232    0.19889    630    10    0.75   0.05
-1.20145    1.90954    630    10    0.85   0.05
-1.65727    1.51378    630    10    0.95   0.05
-0.718346    0.625447    650    10    -0.95   0.05
0.469161    0.161701    650    10    -0.85   0.05
0.569764    0.114734    650    10    -0.75   0.05
0.545062    0.0875158    650    10    -0.65   0.05
0.688908    0.0834449    650    10    -0.55   0.05
0.542929    0.0779538    650    10    -0.45   0.05
0.698699    0.0707282    650    10    -0.35   0.05
0.665538    0.0704308    650    10    -0.25   0.05
0.696772    0.0716861    650    10    -0.15   0.05
0.594788    0.0753256    650    10    -0.05   0.05
0.507155    0.0756731    650    10    0.05   0.05
0.573827    0.0747412    650    10    0.15   0.05
0.505826    0.0767097    650    10    0.25   0.05
0.536778    0.0990562    650    10    0.35   0.05
0.584689    0.107592    650    10    0.45   0.05
0.463429    0.169653    650    10    0.55   0.05
0.524219    0.202727    650    10    0.65   0.05
1.20883    0.397463    650    10    0.75   0.05
0    1    650    10    0.85   0.05
-0.108762    0.0625568    650    10    0.95   0.05
0    1    670    10    -0.95   0.05
-0.240607    1.20855    670    10    -0.85   0.05
0    1    670    10    -0.75   0.05
1.40505    0.689535    670    10    -0.65   0.05
0.594194    0.540003    670    10    -0.55   0.05
-0.83603    0.261316    670    10    -0.45   0.05
0.888901    0.330755    670    10    -0.35   0.05
0.992427    0.446106    670    10    -0.25   0.05
0.66574    0.368542    670    10    -0.15   0.05
0.797795    0.715938    670    10    -0.05   0.05
0.49731    0.503327    670    10    0.05   0.05
-1.27255    0.278859    670    10    0.15   0.05
-0.717626    0.359353    670    10    0.25   0.05
1.45148    41.2941    670    10    0.35   0.05
-1.03263    1.84215    670    10    0.45   0.05
-1.67921    0.203111    670    10    0.55   0.05
0.650657    3.42598    670    10    0.65   0.05
0    1    670    10    0.75   0.05
-1.73104    0.848422    670    10    0.85   0.05
-1.4623    0.231597    670    10    0.95   0.05
-1.7826    0.671169    690    10    -0.95   0.05
-0.700317    0.917286    690    10    -0.85   0.05
0.596043    8.33192    690    10    -0.75   0.05
0.521046    1.63662    690    10    -0.65   0.05
0.444715    0.10614    690    10    -0.55   0.05
0.493372    0.63977    690    10    -0.45   0.05
-0.716761    7.8673    690    10    -0.35   0.05
1.11115    0.256468    690    10    -0.25   0.05
0.744008    0.245072    690    10    -0.15   0.05
1.32719    0.284687    690    10    -0.05   0.05
0.932781    0.375977    690    10    0.05   0.05
0.603114    0.282065    690    10    0.15   0.05
0.430143    0.242927    690    10    0.25   0.05
0.812133    0.526544    690    10    0.35   0.05
1.03162    0.460824    690    10    0.45   0.05
0.936239    0.69585    690    10    0.55   0.05
-0.443701    14.8773    690    10    0.65   0.05
0    1    690    10    0.75   0.05
-0.666219    0.197649    690    10    0.85   0.05
-0.870224    1.68294    690    10    0.95   0.05
1.78247    0.19554    710    10    -0.95   0.05
1.16506    0.384672    710    10    -0.85   0.05
0.963281    1.29886    710    10    -0.75   0.05
-0.813916    0.648754    710    10    -0.65   0.05
1.0948    0.497514    710    10    -0.55   0.05
0.583916    1.42611    710    10    -0.45   0.05
0.804817    0.393943    710    10    -0.35   0.05
0.339079    0.853428    710    10    -0.25   0.05
-0.662265    0.123646    710    10    -0.15   0.05
0.559965    0.364463    710    10    -0.05   0.05
0.927531    0.477894    710    10    0.05   0.05
0.928369    0.733336    710    10    0.15   0.05
1.10691    0.312692    710    10    0.25   0.05
0.540319    1.10064    710    10    0.35   0.05
0.87496    1.20077    710    10    0.45   0.05
1.68891    0.463687    710    10    0.55   0.05
-0.863504    3.41617    710    10    0.65   0.05
0    1    710    10    0.75   0.05
0    1    710    10    0.85   0.05
0.732988    0.31982    710    10    0.95   0.05
