0.919296    1.06463    310    10    -0.95   0.05
0.783409    0.275367    310    10    -0.85   0.05
0.383796    0.148473    310    10    -0.75   0.05
0.700004    0.102997    310    10    -0.65   0.05
0.470885    0.0871554    310    10    -0.55   0.05
0.44296    0.0827325    310    10    -0.45   0.05
0.438951    0.0886248    310    10    -0.35   0.05
0.469988    0.084181    310    10    -0.25   0.05
0.473753    0.0960791    310    10    -0.15   0.05
0.592641    0.107777    310    10    -0.05   0.05
0.607598    0.0992647    310    10    0.05   0.05
0.538886    0.115379    310    10    0.15   0.05
0.378497    0.436134    310    10    0.25   0.05
0.395701    0.0733422    310    10    0.35   0.05
0.185311    0.0875894    310    10    0.45   0.05
0.243818    0.105311    310    10    0.55   0.05
-0.22638    1.57529    310    10    0.65   0.05
0    1    310    10    0.75   0.05
0    1    310    10    0.85   0.05
0    1    310    10    0.95   0.05
0    1    330    10    -0.95   0.05
0.781051    0.208129    330    10    -0.85   0.05
0.377303    0.139873    330    10    -0.75   0.05
0.548665    0.0905828    330    10    -0.65   0.05
0.408733    0.0789783    330    10    -0.55   0.05
0.535865    0.0635303    330    10    -0.45   0.05
0.409977    0.0710962    330    10    -0.35   0.05
0.45342    0.0639707    330    10    -0.25   0.05
0.536963    0.0723912    330    10    -0.15   0.05
0.498146    6.48837    330    10    -0.05   0.05
0.478796    0.543588    330    10    0.05   0.05
0.496856    0.427433    330    10    0.15   0.05
0.47924    0.100066    330    10    0.25   0.05
0.458584    0.527392    330    10    0.35   0.05
0.298487    0.0715897    330    10    0.45   0.05
0.511956    0.416862    330    10    0.55   0.05
0.168295    0.108684    330    10    0.65   0.05
-0.484181    2.9564    330    10    0.75   0.05
0    1    330    10    0.85   0.05
0.259205    0.122046    330    10    0.95   0.05
-0.261754    0.531019    350    10    -0.95   0.05
0.263387    0.0421373    350    10    -0.85   0.05
0.463598    0.0894826    350    10    -0.75   0.05
0.48868    0.0595069    350    10    -0.65   0.05
0.466812    0.0523974    350    10    -0.55   0.05
0.469192    0.0473269    350    10    -0.45   0.05
0.570193    0.0688745    350    10    -0.35   0.05
0.611992    0.0698252    350    10    -0.25   0.05
0.516583    0.0457116    350    10    -0.15   0.05
0.525953    0.118959    350    10    -0.05   0.05
0.532113    0.0538177    350    10    0.05   0.05
0.523419    0.0556821    350    10    0.15   0.05
0.408096    0.150058    350    10    0.25   0.05
0.405634    0.0434957    350    10    0.35   0.05
0.271397    0.0497654    350    10    0.45   0.05
-0.33446    27.4039    350    10    0.55   0.05
0.357793    2.00384    350    10    0.65   0.05
0.606576    0.636217    350    10    0.75   0.05
-0.59098    1.78677    350    10    0.85   0.05
0.0530514    0.0907766    350    10    0.95   0.05
0.307529    0.272398    370    10    -0.95   0.05
0.226895    0.0286455    370    10    -0.85   0.05
0.474479    0.0623063    370    10    -0.75   0.05
0.437594    0.0574217    370    10    -0.65   0.05
0.466842    0.05158    370    10    -0.55   0.05
0.568977    0.047872    370    10    -0.45   0.05
0.579061    0.0413058    370    10    -0.35   0.05
0.626896    0.0322768    370    10    -0.25   0.05
0.54767    0.0445665    370    10    -0.15   0.05
0.565002    0.0332309    370    10    -0.05   0.05
0.550189    0.0375621    370    10    0.05   0.05
0.526511    0.0669726    370    10    0.15   0.05
0.389108    0.0480206    370    10    0.25   0.05
0.387951    0.0576977    370    10    0.35   0.05
0.263501    0.0346482    370    10    0.45   0.05
0.526563    0.0810423    370    10    0.55   0.05
0.155294    0.0517282    370    10    0.65   0.05
0.645627    0.356129    370    10    0.75   0.05
-0.469128    0.896218    370    10    0.85   0.05
0    1    370    10    0.95   0.05
0    1    390    10    -0.95   0.05
0.321913    0.150148    390    10    -0.85   0.05
0.467197    0.0782893    390    10    -0.75   0.05
0.407289    0.0583605    390    10    -0.65   0.05
0.457923    0.0497001    390    10    -0.55   0.05
0.497919    0.0425138    390    10    -0.45   0.05
0.580667    0.0460038    390    10    -0.35   0.05
0.538891    0.0518668    390    10    -0.25   0.05
0.573241    0.0505459    390    10    -0.15   0.05
0.576217    0.0420142    390    10    -0.05   0.05
0.524255    0.0424032    390    10    0.05   0.05
0.594045    0.0466961    390    10    0.15   0.05
0.54649    0.0576564    390    10    0.25   0.05
0.424341    0.0543419    390    10    0.35   0.05
0.501655    0.0683713    390    10    0.45   0.05
0.434127    0.215062    390    10    0.55   0.05
-0.0652071    0.137646    390    10    0.65   0.05
0.547036    0.312876    390    10    0.75   0.05
0.531645    8.13663    390    10    0.85   0.05
0    1    390    10    0.95   0.05
1.13487    0.363029    410    10    -0.95   0.05
0.393099    0.105582    410    10    -0.85   0.05
0.542999    0.047762    410    10    -0.75   0.05
0.498044    0.0332617    410    10    -0.65   0.05
0.514626    0.0285885    410    10    -0.55   0.05
0.560137    0.0303854    410    10    -0.45   0.05
0.629839    0.0243647    410    10    -0.35   0.05
0.596965    0.0244422    410    10    -0.25   0.05
0.575754    0.0282755    410    10    -0.15   0.05
0.57948    0.0267255    410    10    -0.05   0.05
0.56837    0.0385883    410    10    0.05   0.05
0.56162    0.0315533    410    10    0.15   0.05
0.50211    0.031627    410    10    0.25   0.05
0.593668    0.0436629    410    10    0.35   0.05
0.445416    0.0461647    410    10    0.45   0.05
0.270581    0.130523    410    10    0.55   0.05
-0.251832    0.0440698    410    10    0.65   0.05
0.378701    0.245185    410    10    0.75   0.05
0.284071    9.49056    410    10    0.85   0.05
-0.107082    0.0431423    410    10    0.95   0.05
0.602644    0.202752    430    10    -0.95   0.05
0.441833    0.083527    430    10    -0.85   0.05
0.429923    0.051197    430    10    -0.75   0.05
0.551476    0.0301136    430    10    -0.65   0.05
0.544584    0.0298342    430    10    -0.55   0.05
0.565037    0.0232053    430    10    -0.45   0.05
0.598607    0.0244459    430    10    -0.35   0.05
0.568412    0.0202422    430    10    -0.25   0.05
0.584162    0.0226588    430    10    -0.15   0.05
0.591994    0.0258633    430    10    -0.05   0.05
0.533842    0.0298735    430    10    0.05   0.05
0.546263    0.0290698    430    10    0.15   0.05
0.57314    0.0315464    430    10    0.25   0.05
0.523765    0.0326132    430    10    0.35   0.05
0.429793    0.0506713    430    10    0.45   0.05
0.344467    0.091867    430    10    0.55   0.05
0.389751    0.0789006    430    10    0.65   0.05
0.218352    0.154973    430    10    0.75   0.05
0.537285    0.561971    430    10    0.85   0.05
0    1    430    10    0.95   0.05
0.108033    0.15331    450    10    -0.95   0.05
0.450052    0.0669907    450    10    -0.85   0.05
0.47119    0.040999    450    10    -0.75   0.05
0.495488    0.026914    450    10    -0.65   0.05
0.566758    0.0223506    450    10    -0.55   0.05
0.570711    0.0217011    450    10    -0.45   0.05
0.587368    0.0198572    450    10    -0.35   0.05
0.569235    0.0193018    450    10    -0.25   0.05
0.5612    0.0199708    450    10    -0.15   0.05
0.56753    0.0194944    450    10    -0.05   0.05
0.549468    0.0200901    450    10    0.05   0.05
0.52948    0.0244009    450    10    0.15   0.05
0.515012    0.0258126    450    10    0.25   0.05
0.497606    0.028151    450    10    0.35   0.05
0.419657    0.0450018    450    10    0.45   0.05
0.444102    0.0471512    450    10    0.55   0.05
0.268947    0.870728    450    10    0.65   0.05
0.149835    0.730559    450    10    0.75   0.05
-0.274045    4.36466    450    10    0.85   0.05
0    1    450    10    0.95   0.05
0.151494    4.63913    470    10    -0.95   0.05
0.317494    0.05587    470    10    -0.85   0.05
0.479464    0.0350284    470    10    -0.75   0.05
0.553419    0.0247034    470    10    -0.65   0.05
0.554504    0.0198314    470    10    -0.55   0.05
0.607008    0.0184246    470    10    -0.45   0.05
0.598666    0.0178965    470    10    -0.35   0.05
0.579754    0.016494    470    10    -0.25   0.05
0.540711    0.0170902    470    10    -0.15   0.05
0.579349    0.0175097    470    10    -0.05   0.05
0.545121    0.0179461    470    10    0.05   0.05
0.51678    0.0184404    470    10    0.15   0.05
0.477609    0.0240094    470    10    0.25   0.05
0.501659    0.0241033    470    10    0.35   0.05
0.447907    0.0312801    470    10    0.45   0.05
0.371183    0.0366713    470    10    0.55   0.05
0.333503    0.055966    470    10    0.65   0.05
0.206186    0.0962063    470    10    0.75   0.05
0.552742    1.39709    470    10    0.85   0.05
0    1    470    10    0.95   0.05
0.229582    0.194451    490    10    -0.95   0.05
0.386005    0.0562332    490    10    -0.85   0.05
0.472594    0.0347933    490    10    -0.75   0.05
0.550106    0.02705    490    10    -0.65   0.05
0.539802    0.0216632    490    10    -0.55   0.05
0.584556    0.0195792    490    10    -0.45   0.05
0.57195    0.0205669    490    10    -0.35   0.05
0.580063    0.0191048    490    10    -0.25   0.05
0.589073    0.0187846    490    10    -0.15   0.05
0.591709    0.0198416    490    10    -0.05   0.05
0.556678    0.0203184    490    10    0.05   0.05
0.540565    0.0202291    490    10    0.15   0.05
0.54138    0.0227895    490    10    0.25   0.05
0.4597    0.0259093    490    10    0.35   0.05
0.426773    0.0305459    490    10    0.45   0.05
0.177947    0.0139913    490    10    0.55   0.05
0.343992    0.0585226    490    10    0.65   0.05
0.225814    0.110706    490    10    0.75   0.05
0.920749    0.753701    490    10    0.85   0.05
0    1    490    10    0.95   0.05
0.277465    0.0901982    510    10    -0.95   0.05
0.405186    0.0466645    510    10    -0.85   0.05
0.487814    0.0328348    510    10    -0.75   0.05
0.569186    0.0214931    510    10    -0.65   0.05
0.582656    0.0182918    510    10    -0.55   0.05
0.571427    0.0173943    510    10    -0.45   0.05
0.599705    0.0163732    510    10    -0.35   0.05
0.579603    0.0162698    510    10    -0.25   0.05
0.596383    0.0154609    510    10    -0.15   0.05
0.572699    0.0159692    510    10    -0.05   0.05
0.55887    0.016894    510    10    0.05   0.05
0.518823    0.016884    510    10    0.15   0.05
0.518195    0.018135    510    10    0.25   0.05
0.520045    0.0209787    510    10    0.35   0.05
0.49577    0.025994    510    10    0.45   0.05
0.402112    0.0363148    510    10    0.55   0.05
0.327801    0.0460946    510    10    0.65   0.05
0.376613    0.0889339    510    10    0.75   0.05
-0.419823    243.664    510    10    0.85   0.05
0    1    510    10    0.95   0.05
0.372126    0.14122    530    10    -0.95   0.05
0    1    530    10    -0.85   0.05
0.517967    0.038298    530    10    -0.75   0.05
0.559575    0.0226023    530    10    -0.65   0.05
0.599118    0.0178695    530    10    -0.55   0.05
0.589292    0.0184096    530    10    -0.45   0.05
0.567432    0.0173417    530    10    -0.35   0.05
0.573283    0.0174417    530    10    -0.25   0.05
0.576347    0.0171498    530    10    -0.15   0.05
0.580156    0.0165787    530    10    -0.05   0.05
0.580159    0.0168161    530    10    0.05   0.05
0.587699    0.0182717    530    10    0.15   0.05
0.520558    0.0196597    530    10    0.25   0.05
0.508675    0.0224723    530    10    0.35   0.05
0.423683    0.027175    530    10    0.45   0.05
0.379074    0.0328005    530    10    0.55   0.05
0.297996    0.0569832    530    10    0.65   0.05
0.274027    0.13066    530    10    0.75   0.05
-0.393576    3.17305    530    10    0.85   0.05
0    1    530    10    0.95   0.05
0.112924    0.0143469    550    10    -0.95   0.05
0.395686    0.0539893    550    10    -0.85   0.05
0.353778    0.0394448    550    10    -0.75   0.05
0.591594    0.0265217    550    10    -0.65   0.05
0.568322    0.0214295    550    10    -0.55   0.05
0.550525    0.0204136    550    10    -0.45   0.05
0.593656    0.0185413    550    10    -0.35   0.05
0.59079    0.0195832    550    10    -0.25   0.05
0.584087    0.0186423    550    10    -0.15   0.05
0.585252    0.0184253    550    10    -0.05   0.05
0.566246    0.0204068    550    10    0.05   0.05
0.588135    0.0201929    550    10    0.15   0.05
0.533852    0.0221802    550    10    0.25   0.05
0.521622    0.0236494    550    10    0.35   0.05
0.475849    0.0293176    550    10    0.45   0.05
0.442623    0.0387712    550    10    0.55   0.05
0.362324    0.052371    550    10    0.65   0.05
0.298713    0.111124    550    10    0.75   0.05
0.476416    6.60557    550    10    0.85   0.05
0    1    550    10    0.95   0.05
0.111658    0.0106684    570    10    -0.95   0.05
0.343891    0.046632    570    10    -0.85   0.05
0.499074    0.027864    570    10    -0.75   0.05
0.554255    0.018952    570    10    -0.65   0.05
0.546257    0.0169632    570    10    -0.55   0.05
0.569165    0.0163845    570    10    -0.45   0.05
0.588079    0.0153702    570    10    -0.35   0.05
0.592744    0.0143006    570    10    -0.25   0.05
0.596698    0.0144347    570    10    -0.15   0.05
0.587781    0.0153079    570    10    -0.05   0.05
0.561604    0.0147134    570    10    0.05   0.05
0.602142    0.0155872    570    10    0.15   0.05
0.544723    0.0176448    570    10    0.25   0.05
0.526511    0.0184929    570    10    0.35   0.05
0.495221    0.0221582    570    10    0.45   0.05
0.489227    0.0299398    570    10    0.55   0.05
0.32181    0.0447364    570    10    0.65   0.05
0.197721    0.0915277    570    10    0.75   0.05
0.75314    6.43597    570    10    0.85   0.05
-0.624254    8.49441    570    10    0.95   0.05
0.232574    0.0513144    590    10    -0.95   0.05
0.402465    0.0359977    590    10    -0.85   0.05
0.500114    0.0229908    590    10    -0.75   0.05
0.557851    0.0170869    590    10    -0.65   0.05
0.54755    0.0141855    590    10    -0.55   0.05
0.601518    0.0137025    590    10    -0.45   0.05
0.616356    0.012754    590    10    -0.35   0.05
0.610857    0.0127675    590    10    -0.25   0.05
0.647119    0.0121558    590    10    -0.15   0.05
0.616084    0.0124383    590    10    -0.05   0.05
0.581178    0.012471    590    10    0.05   0.05
0.562418    0.0136632    590    10    0.15   0.05
0.564582    0.0146149    590    10    0.25   0.05
0.515419    0.0166809    590    10    0.35   0.05
0.492984    0.0203478    590    10    0.45   0.05
0.503279    0.026433    590    10    0.55   0.05
0.338435    0.0351257    590    10    0.65   0.05
0.205594    0.0773137    590    10    0.75   0.05
-1.58019    13320.2    590    10    0.85   0.05
0    1    590    10    0.95   0.05
0.171687    0.083209    610    10    -0.95   0.05
0.351987    0.0352439    610    10    -0.85   0.05
0.510648    0.0269884    610    10    -0.75   0.05
0.548708    0.0184829    610    10    -0.65   0.05
0.603299    0.0154646    610    10    -0.55   0.05
0.641054    0.0145459    610    10    -0.45   0.05
0.622727    0.0144867    610    10    -0.35   0.05
0.621755    0.0138392    610    10    -0.25   0.05
0.605865    0.0133625    610    10    -0.15   0.05
0.656742    0.0136486    610    10    -0.05   0.05
0.607086    0.0140766    610    10    0.05   0.05
0.600112    0.0142273    610    10    0.15   0.05
0.585211    0.0161336    610    10    0.25   0.05
0.544556    0.0186526    610    10    0.35   0.05
0.515493    0.0241162    610    10    0.45   0.05
0.471867    0.0289164    610    10    0.55   0.05
0.476179    0.0448243    610    10    0.65   0.05
-0.251446    0.0910825    610    10    0.75   0.05
0    1    610    10    0.85   0.05
0    1    610    10    0.95   0.05
0.419377    0.153116    630    10    -0.95   0.05
0.289672    0.0646955    630    10    -0.85   0.05
0.512571    0.0493365    630    10    -0.75   0.05
0.608461    0.0376271    630    10    -0.65   0.05
0.588069    0.0309021    630    10    -0.55   0.05
0.606452    0.0291008    630    10    -0.45   0.05
0.683072    0.0267211    630    10    -0.35   0.05
0.671244    0.0263747    630    10    -0.25   0.05
0.644149    0.0255693    630    10    -0.15   0.05
0.680334    0.0274557    630    10    -0.05   0.05
0.70445    0.0272824    630    10    0.05   0.05
0.608153    0.0291571    630    10    0.15   0.05
0.610962    0.0332912    630    10    0.25   0.05
0.60309    0.0332652    630    10    0.35   0.05
0.549324    0.0438203    630    10    0.45   0.05
0.548255    0.0537258    630    10    0.55   0.05
0.60806    0.0778703    630    10    0.65   0.05
0.555286    0.196461    630    10    0.75   0.05
-0.819058    2.52606    630    10    0.85   0.05
0.186027    0.0284823    630    10    0.95   0.05
-0.0899438    0.0352805    650    10    -0.95   0.05
0.53983    0.206402    650    10    -0.85   0.05
0.568862    0.121706    650    10    -0.75   0.05
0.537588    0.0853329    650    10    -0.65   0.05
0.732946    0.0827741    650    10    -0.55   0.05
0.533923    0.0792757    650    10    -0.45   0.05
0.750318    0.0722226    650    10    -0.35   0.05
0.627208    0.0695073    650    10    -0.25   0.05
0.697464    0.0716561    650    10    -0.15   0.05
0.629473    0.073194    650    10    -0.05   0.05
0.514796    0.0752715    650    10    0.05   0.05
0.57761    0.0834136    650    10    0.15   0.05
0.532234    0.0785981    650    10    0.25   0.05
0.529838    0.0983729    650    10    0.35   0.05
0.551815    0.109607    650    10    0.45   0.05
0.274881    0.0307628    650    10    0.55   0.05
-0.476566    0.193179    650    10    0.65   0.05
-1.15686    1.34507    650    10    0.75   0.05
0   1    650    10    0.85   0.05
0   1    650    10    0.95   0.05
