     0.3949E-09  0.0000E+00 310.00 10.0 -1.000 0.005 
     0.1623E+00  0.0000E+00 310.00 10.0 -0.950 0.005 
     0.2637E+00  0.0000E+00 310.00 10.0 -0.900 0.005 
     0.3327E+00  0.0000E+00 310.00 10.0 -0.850 0.005 
     0.3825E+00  0.0000E+00 310.00 10.0 -0.800 0.005 
     0.4197E+00  0.0000E+00 310.00 10.0 -0.750 0.005 
     0.4483E+00  0.0000E+00 310.00 10.0 -0.700 0.005 
     0.4709E+00  0.0000E+00 310.00 10.0 -0.650 0.005 
     0.4888E+00  0.0000E+00 310.00 10.0 -0.600 0.005 
     0.5032E+00  0.0000E+00 310.00 10.0 -0.550 0.005 
     0.5149E+00  0.0000E+00 310.00 10.0 -0.500 0.005 
     0.5243E+00  0.0000E+00 310.00 10.0 -0.450 0.005 
     0.5318E+00  0.0000E+00 310.00 10.0 -0.400 0.005 
     0.5377E+00  0.0000E+00 310.00 10.0 -0.350 0.005 
     0.5423E+00  0.0000E+00 310.00 10.0 -0.300 0.005 
     0.5457E+00  0.0000E+00 310.00 10.0 -0.250 0.005 
     0.5480E+00  0.0000E+00 310.00 10.0 -0.200 0.005 
     0.5493E+00  0.0000E+00 310.00 10.0 -0.150 0.005 
     0.5496E+00  0.0000E+00 310.00 10.0 -0.100 0.005 
     0.5491E+00  0.0000E+00 310.00 10.0 -0.050 0.005 
     0.5477E+00  0.0000E+00 310.00 10.0  0.000 0.005 
     0.5454E+00  0.0000E+00 310.00 10.0  0.050 0.005 
     0.5423E+00  0.0000E+00 310.00 10.0  0.100 0.005 
     0.5382E+00  0.0000E+00 310.00 10.0  0.150 0.005 
     0.5331E+00  0.0000E+00 310.00 10.0  0.200 0.005 
     0.5270E+00  0.0000E+00 310.00 10.0  0.250 0.005 
     0.5198E+00  0.0000E+00 310.00 10.0  0.300 0.005 
     0.5113E+00  0.0000E+00 310.00 10.0  0.350 0.005 
     0.5013E+00  0.0000E+00 310.00 10.0  0.400 0.005 
     0.4896E+00  0.0000E+00 310.00 10.0  0.450 0.005 
     0.4759E+00  0.0000E+00 310.00 10.0  0.500 0.005 
     0.4599E+00  0.0000E+00 310.00 10.0  0.550 0.005 
     0.4411E+00  0.0000E+00 310.00 10.0  0.600 0.005 
     0.4187E+00  0.0000E+00 310.00 10.0  0.650 0.005 
     0.3920E+00  0.0000E+00 310.00 10.0  0.700 0.005 
     0.3596E+00  0.0000E+00 310.00 10.0  0.750 0.005 
     0.3196E+00  0.0000E+00 310.00 10.0  0.800 0.005 
     0.2695E+00  0.0000E+00 310.00 10.0  0.850 0.005 
     0.2051E+00  0.0000E+00 310.00 10.0  0.900 0.005 
     0.1193E+00  0.0000E+00 310.00 10.0  0.950 0.005 
     0.6791E-06  0.0000E+00 310.00 10.0  1.000 0.005 
     0.8116E-09  0.0000E+00 330.00 10.0 -1.000 0.005 
     0.1688E+00  0.0000E+00 330.00 10.0 -0.950 0.005 
     0.2720E+00  0.0000E+00 330.00 10.0 -0.900 0.005 
     0.3413E+00  0.0000E+00 330.00 10.0 -0.850 0.005 
     0.3908E+00  0.0000E+00 330.00 10.0 -0.800 0.005 
     0.4277E+00  0.0000E+00 330.00 10.0 -0.750 0.005 
     0.4560E+00  0.0000E+00 330.00 10.0 -0.700 0.005 
     0.4783E+00  0.0000E+00 330.00 10.0 -0.650 0.005 
     0.4960E+00  0.0000E+00 330.00 10.0 -0.600 0.005 
     0.5103E+00  0.0000E+00 330.00 10.0 -0.550 0.005 
     0.5219E+00  0.0000E+00 330.00 10.0 -0.500 0.005 
     0.5313E+00  0.0000E+00 330.00 10.0 -0.450 0.005 
     0.5388E+00  0.0000E+00 330.00 10.0 -0.400 0.005 
     0.5448E+00  0.0000E+00 330.00 10.0 -0.350 0.005 
     0.5495E+00  0.0000E+00 330.00 10.0 -0.300 0.005 
     0.5529E+00  0.0000E+00 330.00 10.0 -0.250 0.005 
     0.5553E+00  0.0000E+00 330.00 10.0 -0.200 0.005 
     0.5567E+00  0.0000E+00 330.00 10.0 -0.150 0.005 
     0.5571E+00  0.0000E+00 330.00 10.0 -0.100 0.005 
     0.5567E+00  0.0000E+00 330.00 10.0 -0.050 0.005 
     0.5553E+00  0.0000E+00 330.00 10.0  0.000 0.005 
     0.5530E+00  0.0000E+00 330.00 10.0  0.050 0.005 
     0.5499E+00  0.0000E+00 330.00 10.0  0.100 0.005 
     0.5457E+00  0.0000E+00 330.00 10.0  0.150 0.005 
     0.5406E+00  0.0000E+00 330.00 10.0  0.200 0.005 
     0.5343E+00  0.0000E+00 330.00 10.0  0.250 0.005 
     0.5268E+00  0.0000E+00 330.00 10.0  0.300 0.005 
     0.5180E+00  0.0000E+00 330.00 10.0  0.350 0.005 
     0.5076E+00  0.0000E+00 330.00 10.0  0.400 0.005 
     0.4955E+00  0.0000E+00 330.00 10.0  0.450 0.005 
     0.4814E+00  0.0000E+00 330.00 10.0  0.500 0.005 
     0.4648E+00  0.0000E+00 330.00 10.0  0.550 0.005 
     0.4453E+00  0.0000E+00 330.00 10.0  0.600 0.005 
     0.4221E+00  0.0000E+00 330.00 10.0  0.650 0.005 
     0.3945E+00  0.0000E+00 330.00 10.0  0.700 0.005 
     0.3612E+00  0.0000E+00 330.00 10.0  0.750 0.005 
     0.3204E+00  0.0000E+00 330.00 10.0  0.800 0.005 
     0.2694E+00  0.0000E+00 330.00 10.0  0.850 0.005 
     0.2042E+00  0.0000E+00 330.00 10.0  0.900 0.005 
     0.1182E+00  0.0000E+00 330.00 10.0  0.950 0.005 
     0.6688E-06  0.0000E+00 330.00 10.0  1.000 0.005 
     0.1273E-08  0.0000E+00 350.00 10.0 -1.000 0.005 
     0.1750E+00  0.0000E+00 350.00 10.0 -0.950 0.005 
     0.2798E+00  0.0000E+00 350.00 10.0 -0.900 0.005 
     0.3492E+00  0.0000E+00 350.00 10.0 -0.850 0.005 
     0.3985E+00  0.0000E+00 350.00 10.0 -0.800 0.005 
     0.4350E+00  0.0000E+00 350.00 10.0 -0.750 0.005 
     0.4630E+00  0.0000E+00 350.00 10.0 -0.700 0.005 
     0.4849E+00  0.0000E+00 350.00 10.0 -0.650 0.005 
     0.5024E+00  0.0000E+00 350.00 10.0 -0.600 0.005 
     0.5164E+00  0.0000E+00 350.00 10.0 -0.550 0.005 
     0.5278E+00  0.0000E+00 350.00 10.0 -0.500 0.005 
     0.5370E+00  0.0000E+00 350.00 10.0 -0.450 0.005 
     0.5444E+00  0.0000E+00 350.00 10.0 -0.400 0.005 
     0.5502E+00  0.0000E+00 350.00 10.0 -0.350 0.005 
     0.5547E+00  0.0000E+00 350.00 10.0 -0.300 0.005 
     0.5580E+00  0.0000E+00 350.00 10.0 -0.250 0.005 
     0.5602E+00  0.0000E+00 350.00 10.0 -0.200 0.005 
     0.5613E+00  0.0000E+00 350.00 10.0 -0.150 0.005 
     0.5616E+00  0.0000E+00 350.00 10.0 -0.100 0.005 
     0.5608E+00  0.0000E+00 350.00 10.0 -0.050 0.005 
     0.5592E+00  0.0000E+00 350.00 10.0  0.000 0.005 
     0.5566E+00  0.0000E+00 350.00 10.0  0.050 0.005 
     0.5530E+00  0.0000E+00 350.00 10.0  0.100 0.005 
     0.5485E+00  0.0000E+00 350.00 10.0  0.150 0.005 
     0.5429E+00  0.0000E+00 350.00 10.0  0.200 0.005 
     0.5361E+00  0.0000E+00 350.00 10.0  0.250 0.005 
     0.5280E+00  0.0000E+00 350.00 10.0  0.300 0.005 
     0.5186E+00  0.0000E+00 350.00 10.0  0.350 0.005 
     0.5075E+00  0.0000E+00 350.00 10.0  0.400 0.005 
     0.4947E+00  0.0000E+00 350.00 10.0  0.450 0.005 
     0.4797E+00  0.0000E+00 350.00 10.0  0.500 0.005 
     0.4622E+00  0.0000E+00 350.00 10.0  0.550 0.005 
     0.4417E+00  0.0000E+00 350.00 10.0  0.600 0.005 
     0.4177E+00  0.0000E+00 350.00 10.0  0.650 0.005 
     0.3891E+00  0.0000E+00 350.00 10.0  0.700 0.005 
     0.3548E+00  0.0000E+00 350.00 10.0  0.750 0.005 
     0.3132E+00  0.0000E+00 350.00 10.0  0.800 0.005 
     0.2619E+00  0.0000E+00 350.00 10.0  0.850 0.005 
     0.1971E+00  0.0000E+00 350.00 10.0  0.900 0.005 
     0.1130E+00  0.0000E+00 350.00 10.0  0.950 0.005 
     0.6316E-06  0.0000E+00 350.00 10.0  1.000 0.005 
     0.1801E-08  0.0000E+00 370.00 10.0 -1.000 0.005 
     0.1824E+00  0.0000E+00 370.00 10.0 -0.950 0.005 
     0.2889E+00  0.0000E+00 370.00 10.0 -0.900 0.005 
     0.3586E+00  0.0000E+00 370.00 10.0 -0.850 0.005 
     0.4075E+00  0.0000E+00 370.00 10.0 -0.800 0.005 
     0.4435E+00  0.0000E+00 370.00 10.0 -0.750 0.005 
     0.4709E+00  0.0000E+00 370.00 10.0 -0.700 0.005 
     0.4923E+00  0.0000E+00 370.00 10.0 -0.650 0.005 
     0.5093E+00  0.0000E+00 370.00 10.0 -0.600 0.005 
     0.5228E+00  0.0000E+00 370.00 10.0 -0.550 0.005 
     0.5337E+00  0.0000E+00 370.00 10.0 -0.500 0.005 
     0.5424E+00  0.0000E+00 370.00 10.0 -0.450 0.005 
     0.5493E+00  0.0000E+00 370.00 10.0 -0.400 0.005 
     0.5546E+00  0.0000E+00 370.00 10.0 -0.350 0.005 
     0.5586E+00  0.0000E+00 370.00 10.0 -0.300 0.005 
     0.5613E+00  0.0000E+00 370.00 10.0 -0.250 0.005 
     0.5630E+00  0.0000E+00 370.00 10.0 -0.200 0.005 
     0.5636E+00  0.0000E+00 370.00 10.0 -0.150 0.005 
     0.5632E+00  0.0000E+00 370.00 10.0 -0.100 0.005 
     0.5618E+00  0.0000E+00 370.00 10.0 -0.050 0.005 
     0.5595E+00  0.0000E+00 370.00 10.0  0.000 0.005 
     0.5561E+00  0.0000E+00 370.00 10.0  0.050 0.005 
     0.5518E+00  0.0000E+00 370.00 10.0  0.100 0.005 
     0.5464E+00  0.0000E+00 370.00 10.0  0.150 0.005 
     0.5399E+00  0.0000E+00 370.00 10.0  0.200 0.005 
     0.5322E+00  0.0000E+00 370.00 10.0  0.250 0.005 
     0.5232E+00  0.0000E+00 370.00 10.0  0.300 0.005 
     0.5127E+00  0.0000E+00 370.00 10.0  0.350 0.005 
     0.5006E+00  0.0000E+00 370.00 10.0  0.400 0.005 
     0.4866E+00  0.0000E+00 370.00 10.0  0.450 0.005 
     0.4704E+00  0.0000E+00 370.00 10.0  0.500 0.005 
     0.4517E+00  0.0000E+00 370.00 10.0  0.550 0.005 
     0.4300E+00  0.0000E+00 370.00 10.0  0.600 0.005 
     0.4047E+00  0.0000E+00 370.00 10.0  0.650 0.005 
     0.3750E+00  0.0000E+00 370.00 10.0  0.700 0.005 
     0.3399E+00  0.0000E+00 370.00 10.0  0.750 0.005 
     0.2978E+00  0.0000E+00 370.00 10.0  0.800 0.005 
     0.2468E+00  0.0000E+00 370.00 10.0  0.850 0.005 
     0.1836E+00  0.0000E+00 370.00 10.0  0.900 0.005 
     0.1038E+00  0.0000E+00 370.00 10.0  0.950 0.005 
     0.5693E-06  0.0000E+00 370.00 10.0  1.000 0.005 
     0.2400E-08  0.0000E+00 390.00 10.0 -1.000 0.005 
     0.1895E+00  0.0000E+00 390.00 10.0 -0.950 0.005 
     0.2975E+00  0.0000E+00 390.00 10.0 -0.900 0.005 
     0.3672E+00  0.0000E+00 390.00 10.0 -0.850 0.005 
     0.4157E+00  0.0000E+00 390.00 10.0 -0.800 0.005 
     0.4512E+00  0.0000E+00 390.00 10.0 -0.750 0.005 
     0.4780E+00  0.0000E+00 390.00 10.0 -0.700 0.005 
     0.4989E+00  0.0000E+00 390.00 10.0 -0.650 0.005 
     0.5152E+00  0.0000E+00 390.00 10.0 -0.600 0.005 
     0.5282E+00  0.0000E+00 390.00 10.0 -0.550 0.005 
     0.5385E+00  0.0000E+00 390.00 10.0 -0.500 0.005 
     0.5466E+00  0.0000E+00 390.00 10.0 -0.450 0.005 
     0.5529E+00  0.0000E+00 390.00 10.0 -0.400 0.005 
     0.5576E+00  0.0000E+00 390.00 10.0 -0.350 0.005 
     0.5609E+00  0.0000E+00 390.00 10.0 -0.300 0.005 
     0.5630E+00  0.0000E+00 390.00 10.0 -0.250 0.005 
     0.5639E+00  0.0000E+00 390.00 10.0 -0.200 0.005 
     0.5637E+00  0.0000E+00 390.00 10.0 -0.150 0.005 
     0.5625E+00  0.0000E+00 390.00 10.0 -0.100 0.005 
     0.5603E+00  0.0000E+00 390.00 10.0 -0.050 0.005 
     0.5571E+00  0.0000E+00 390.00 10.0  0.000 0.005 
     0.5528E+00  0.0000E+00 390.00 10.0  0.050 0.005 
     0.5475E+00  0.0000E+00 390.00 10.0  0.100 0.005 
     0.5410E+00  0.0000E+00 390.00 10.0  0.150 0.005 
     0.5334E+00  0.0000E+00 390.00 10.0  0.200 0.005 
     0.5245E+00  0.0000E+00 390.00 10.0  0.250 0.005 
     0.5143E+00  0.0000E+00 390.00 10.0  0.300 0.005 
     0.5025E+00  0.0000E+00 390.00 10.0  0.350 0.005 
     0.4890E+00  0.0000E+00 390.00 10.0  0.400 0.005 
     0.4736E+00  0.0000E+00 390.00 10.0  0.450 0.005 
     0.4560E+00  0.0000E+00 390.00 10.0  0.500 0.005 
     0.4359E+00  0.0000E+00 390.00 10.0  0.550 0.005 
     0.4129E+00  0.0000E+00 390.00 10.0  0.600 0.005 
     0.3863E+00  0.0000E+00 390.00 10.0  0.650 0.005 
     0.3556E+00  0.0000E+00 390.00 10.0  0.700 0.005 
     0.3197E+00  0.0000E+00 390.00 10.0  0.750 0.005 
     0.2775E+00  0.0000E+00 390.00 10.0  0.800 0.005 
     0.2273E+00  0.0000E+00 390.00 10.0  0.850 0.005 
     0.1668E+00  0.0000E+00 390.00 10.0  0.900 0.005 
     0.9270E-01  0.0000E+00 390.00 10.0  0.950 0.005 
     0.4971E-06  0.0000E+00 390.00 10.0  1.000 0.005 
     0.3059E-08  0.0000E+00 410.00 10.0 -1.000 0.005 
     0.1946E+00  0.0000E+00 410.00 10.0 -0.950 0.005 
     0.3035E+00  0.0000E+00 410.00 10.0 -0.900 0.005 
     0.3732E+00  0.0000E+00 410.00 10.0 -0.850 0.005 
     0.4214E+00  0.0000E+00 410.00 10.0 -0.800 0.005 
     0.4565E+00  0.0000E+00 410.00 10.0 -0.750 0.005 
     0.4829E+00  0.0000E+00 410.00 10.0 -0.700 0.005 
     0.5034E+00  0.0000E+00 410.00 10.0 -0.650 0.005 
     0.5193E+00  0.0000E+00 410.00 10.0 -0.600 0.005 
     0.5319E+00  0.0000E+00 410.00 10.0 -0.550 0.005 
     0.5417E+00  0.0000E+00 410.00 10.0 -0.500 0.005 
     0.5493E+00  0.0000E+00 410.00 10.0 -0.450 0.005 
     0.5550E+00  0.0000E+00 410.00 10.0 -0.400 0.005 
     0.5591E+00  0.0000E+00 410.00 10.0 -0.350 0.005 
     0.5618E+00  0.0000E+00 410.00 10.0 -0.300 0.005 
     0.5632E+00  0.0000E+00 410.00 10.0 -0.250 0.005 
     0.5633E+00  0.0000E+00 410.00 10.0 -0.200 0.005 
     0.5624E+00  0.0000E+00 410.00 10.0 -0.150 0.005 
     0.5603E+00  0.0000E+00 410.00 10.0 -0.100 0.005 
     0.5572E+00  0.0000E+00 410.00 10.0 -0.050 0.005 
     0.5530E+00  0.0000E+00 410.00 10.0  0.000 0.005 
     0.5477E+00  0.0000E+00 410.00 10.0  0.050 0.005 
     0.5413E+00  0.0000E+00 410.00 10.0  0.100 0.005 
     0.5337E+00  0.0000E+00 410.00 10.0  0.150 0.005 
     0.5248E+00  0.0000E+00 410.00 10.0  0.200 0.005 
     0.5147E+00  0.0000E+00 410.00 10.0  0.250 0.005 
     0.5031E+00  0.0000E+00 410.00 10.0  0.300 0.005 
     0.4899E+00  0.0000E+00 410.00 10.0  0.350 0.005 
     0.4749E+00  0.0000E+00 410.00 10.0  0.400 0.005 
     0.4581E+00  0.0000E+00 410.00 10.0  0.450 0.005 
     0.4390E+00  0.0000E+00 410.00 10.0  0.500 0.005 
     0.4174E+00  0.0000E+00 410.00 10.0  0.550 0.005 
     0.3930E+00  0.0000E+00 410.00 10.0  0.600 0.005 
     0.3652E+00  0.0000E+00 410.00 10.0  0.650 0.005 
     0.3334E+00  0.0000E+00 410.00 10.0  0.700 0.005 
     0.2970E+00  0.0000E+00 410.00 10.0  0.750 0.005 
     0.2550E+00  0.0000E+00 410.00 10.0  0.800 0.005 
     0.2062E+00  0.0000E+00 410.00 10.0  0.850 0.005 
     0.1490E+00  0.0000E+00 410.00 10.0  0.900 0.005 
     0.8123E-01  0.0000E+00 410.00 10.0  0.950 0.005 
     0.4253E-06  0.0000E+00 410.00 10.0  1.000 0.005 
     0.3755E-08  0.0000E+00 430.00 10.0 -1.000 0.005 
     0.1970E+00  0.0000E+00 430.00 10.0 -0.950 0.005 
     0.3064E+00  0.0000E+00 430.00 10.0 -0.900 0.005 
     0.3761E+00  0.0000E+00 430.00 10.0 -0.850 0.005 
     0.4242E+00  0.0000E+00 430.00 10.0 -0.800 0.005 
     0.4592E+00  0.0000E+00 430.00 10.0 -0.750 0.005 
     0.4856E+00  0.0000E+00 430.00 10.0 -0.700 0.005 
     0.5059E+00  0.0000E+00 430.00 10.0 -0.650 0.005 
     0.5217E+00  0.0000E+00 430.00 10.0 -0.600 0.005 
     0.5340E+00  0.0000E+00 430.00 10.0 -0.550 0.005 
     0.5436E+00  0.0000E+00 430.00 10.0 -0.500 0.005 
     0.5509E+00  0.0000E+00 430.00 10.0 -0.450 0.005 
     0.5562E+00  0.0000E+00 430.00 10.0 -0.400 0.005 
     0.5599E+00  0.0000E+00 430.00 10.0 -0.350 0.005 
     0.5620E+00  0.0000E+00 430.00 10.0 -0.300 0.005 
     0.5628E+00  0.0000E+00 430.00 10.0 -0.250 0.005 
     0.5624E+00  0.0000E+00 430.00 10.0 -0.200 0.005 
     0.5607E+00  0.0000E+00 430.00 10.0 -0.150 0.005 
     0.5579E+00  0.0000E+00 430.00 10.0 -0.100 0.005 
     0.5539E+00  0.0000E+00 430.00 10.0 -0.050 0.005 
     0.5488E+00  0.0000E+00 430.00 10.0  0.000 0.005 
     0.5425E+00  0.0000E+00 430.00 10.0  0.050 0.005 
     0.5350E+00  0.0000E+00 430.00 10.0  0.100 0.005 
     0.5263E+00  0.0000E+00 430.00 10.0  0.150 0.005 
     0.5162E+00  0.0000E+00 430.00 10.0  0.200 0.005 
     0.5048E+00  0.0000E+00 430.00 10.0  0.250 0.005 
     0.4919E+00  0.0000E+00 430.00 10.0  0.300 0.005 
     0.4773E+00  0.0000E+00 430.00 10.0  0.350 0.005 
     0.4609E+00  0.0000E+00 430.00 10.0  0.400 0.005 
     0.4426E+00  0.0000E+00 430.00 10.0  0.450 0.005 
     0.4220E+00  0.0000E+00 430.00 10.0  0.500 0.005 
     0.3990E+00  0.0000E+00 430.00 10.0  0.550 0.005 
     0.3732E+00  0.0000E+00 430.00 10.0  0.600 0.005 
     0.3442E+00  0.0000E+00 430.00 10.0  0.650 0.005 
     0.3117E+00  0.0000E+00 430.00 10.0  0.700 0.005 
     0.2749E+00  0.0000E+00 430.00 10.0  0.750 0.005 
     0.2333E+00  0.0000E+00 430.00 10.0  0.800 0.005 
     0.1861E+00  0.0000E+00 430.00 10.0  0.850 0.005 
     0.1323E+00  0.0000E+00 430.00 10.0  0.900 0.005 
     0.7070E-01  0.0000E+00 430.00 10.0  0.950 0.005 
     0.3615E-06  0.0000E+00 430.00 10.0  1.000 0.005 
     0.4451E-08  0.0000E+00 450.00 10.0 -1.000 0.005 
     0.1964E+00  0.0000E+00 450.00 10.0 -0.950 0.005 
     0.3059E+00  0.0000E+00 450.00 10.0 -0.900 0.005 
     0.3759E+00  0.0000E+00 450.00 10.0 -0.850 0.005 
     0.4244E+00  0.0000E+00 450.00 10.0 -0.800 0.005 
     0.4599E+00  0.0000E+00 450.00 10.0 -0.750 0.005 
     0.4866E+00  0.0000E+00 450.00 10.0 -0.700 0.005 
     0.5072E+00  0.0000E+00 450.00 10.0 -0.650 0.005 
     0.5232E+00  0.0000E+00 450.00 10.0 -0.600 0.005 
     0.5357E+00  0.0000E+00 450.00 10.0 -0.550 0.005 
     0.5453E+00  0.0000E+00 450.00 10.0 -0.500 0.005 
     0.5525E+00  0.0000E+00 450.00 10.0 -0.450 0.005 
     0.5578E+00  0.0000E+00 450.00 10.0 -0.400 0.005 
     0.5612E+00  0.0000E+00 450.00 10.0 -0.350 0.005 
     0.5631E+00  0.0000E+00 450.00 10.0 -0.300 0.005 
     0.5636E+00  0.0000E+00 450.00 10.0 -0.250 0.005 
     0.5627E+00  0.0000E+00 450.00 10.0 -0.200 0.005 
     0.5605E+00  0.0000E+00 450.00 10.0 -0.150 0.005 
     0.5570E+00  0.0000E+00 450.00 10.0 -0.100 0.005 
     0.5524E+00  0.0000E+00 450.00 10.0 -0.050 0.005 
     0.5465E+00  0.0000E+00 450.00 10.0  0.000 0.005 
     0.5394E+00  0.0000E+00 450.00 10.0  0.050 0.005 
     0.5310E+00  0.0000E+00 450.00 10.0  0.100 0.005 
     0.5213E+00  0.0000E+00 450.00 10.0  0.150 0.005 
     0.5101E+00  0.0000E+00 450.00 10.0  0.200 0.005 
     0.4975E+00  0.0000E+00 450.00 10.0  0.250 0.005 
     0.4833E+00  0.0000E+00 450.00 10.0  0.300 0.005 
     0.4675E+00  0.0000E+00 450.00 10.0  0.350 0.005 
     0.4497E+00  0.0000E+00 450.00 10.0  0.400 0.005 
     0.4300E+00  0.0000E+00 450.00 10.0  0.450 0.005 
     0.4080E+00  0.0000E+00 450.00 10.0  0.500 0.005 
     0.3836E+00  0.0000E+00 450.00 10.0  0.550 0.005 
     0.3565E+00  0.0000E+00 450.00 10.0  0.600 0.005 
     0.3264E+00  0.0000E+00 450.00 10.0  0.650 0.005 
     0.2930E+00  0.0000E+00 450.00 10.0  0.700 0.005 
     0.2558E+00  0.0000E+00 450.00 10.0  0.750 0.005 
     0.2146E+00  0.0000E+00 450.00 10.0  0.800 0.005 
     0.1688E+00  0.0000E+00 450.00 10.0  0.850 0.005 
     0.1181E+00  0.0000E+00 450.00 10.0  0.900 0.005 
     0.6192E-01  0.0000E+00 450.00 10.0  0.950 0.005 
     0.3094E-06  0.0000E+00 450.00 10.0  1.000 0.005 
     0.5110E-08  0.0000E+00 470.00 10.0 -1.000 0.005 
     0.1936E+00  0.0000E+00 470.00 10.0 -0.950 0.005 
     0.3032E+00  0.0000E+00 470.00 10.0 -0.900 0.005 
     0.3741E+00  0.0000E+00 470.00 10.0 -0.850 0.005 
     0.4237E+00  0.0000E+00 470.00 10.0 -0.800 0.005 
     0.4601E+00  0.0000E+00 470.00 10.0 -0.750 0.005 
     0.4878E+00  0.0000E+00 470.00 10.0 -0.700 0.005 
     0.5091E+00  0.0000E+00 470.00 10.0 -0.650 0.005 
     0.5258E+00  0.0000E+00 470.00 10.0 -0.600 0.005 
     0.5388E+00  0.0000E+00 470.00 10.0 -0.550 0.005 
     0.5488E+00  0.0000E+00 470.00 10.0 -0.500 0.005 
     0.5563E+00  0.0000E+00 470.00 10.0 -0.450 0.005 
     0.5618E+00  0.0000E+00 470.00 10.0 -0.400 0.005 
     0.5654E+00  0.0000E+00 470.00 10.0 -0.350 0.005 
     0.5673E+00  0.0000E+00 470.00 10.0 -0.300 0.005 
     0.5677E+00  0.0000E+00 470.00 10.0 -0.250 0.005 
     0.5666E+00  0.0000E+00 470.00 10.0 -0.200 0.005 
     0.5642E+00  0.0000E+00 470.00 10.0 -0.150 0.005 
     0.5604E+00  0.0000E+00 470.00 10.0 -0.100 0.005 
     0.5554E+00  0.0000E+00 470.00 10.0 -0.050 0.005 
     0.5490E+00  0.0000E+00 470.00 10.0  0.000 0.005 
     0.5413E+00  0.0000E+00 470.00 10.0  0.050 0.005 
     0.5322E+00  0.0000E+00 470.00 10.0  0.100 0.005 
     0.5218E+00  0.0000E+00 470.00 10.0  0.150 0.005 
     0.5098E+00  0.0000E+00 470.00 10.0  0.200 0.005 
     0.4962E+00  0.0000E+00 470.00 10.0  0.250 0.005 
     0.4810E+00  0.0000E+00 470.00 10.0  0.300 0.005 
     0.4640E+00  0.0000E+00 470.00 10.0  0.350 0.005 
     0.4451E+00  0.0000E+00 470.00 10.0  0.400 0.005 
     0.4240E+00  0.0000E+00 470.00 10.0  0.450 0.005 
     0.4007E+00  0.0000E+00 470.00 10.0  0.500 0.005 
     0.3750E+00  0.0000E+00 470.00 10.0  0.550 0.005 
     0.3466E+00  0.0000E+00 470.00 10.0  0.600 0.005 
     0.3153E+00  0.0000E+00 470.00 10.0  0.650 0.005 
     0.2809E+00  0.0000E+00 470.00 10.0  0.700 0.005 
     0.2431E+00  0.0000E+00 470.00 10.0  0.750 0.005 
     0.2018E+00  0.0000E+00 470.00 10.0  0.800 0.005 
     0.1568E+00  0.0000E+00 470.00 10.0  0.850 0.005 
     0.1080E+00  0.0000E+00 470.00 10.0  0.900 0.005 
     0.5566E-01  0.0000E+00 470.00 10.0  0.950 0.005 
     0.2723E-06  0.0000E+00 470.00 10.0  1.000 0.005 
     0.5696E-08  0.0000E+00 490.00 10.0 -1.000 0.005 
     0.1895E+00  0.0000E+00 490.00 10.0 -0.950 0.005 
     0.2997E+00  0.0000E+00 490.00 10.0 -0.900 0.005 
     0.3721E+00  0.0000E+00 490.00 10.0 -0.850 0.005 
     0.4235E+00  0.0000E+00 490.00 10.0 -0.800 0.005 
     0.4616E+00  0.0000E+00 490.00 10.0 -0.750 0.005 
     0.4907E+00  0.0000E+00 490.00 10.0 -0.700 0.005 
     0.5134E+00  0.0000E+00 490.00 10.0 -0.650 0.005 
     0.5312E+00  0.0000E+00 490.00 10.0 -0.600 0.005 
     0.5451E+00  0.0000E+00 490.00 10.0 -0.550 0.005 
     0.5560E+00  0.0000E+00 490.00 10.0 -0.500 0.005 
     0.5642E+00  0.0000E+00 490.00 10.0 -0.450 0.005 
     0.5703E+00  0.0000E+00 490.00 10.0 -0.400 0.005 
     0.5743E+00  0.0000E+00 490.00 10.0 -0.350 0.005 
     0.5766E+00  0.0000E+00 490.00 10.0 -0.300 0.005 
     0.5773E+00  0.0000E+00 490.00 10.0 -0.250 0.005 
     0.5765E+00  0.0000E+00 490.00 10.0 -0.200 0.005 
     0.5742E+00  0.0000E+00 490.00 10.0 -0.150 0.005 
     0.5705E+00  0.0000E+00 490.00 10.0 -0.100 0.005 
     0.5654E+00  0.0000E+00 490.00 10.0 -0.050 0.005 
     0.5589E+00  0.0000E+00 490.00 10.0  0.000 0.005 
     0.5510E+00  0.0000E+00 490.00 10.0  0.050 0.005 
     0.5416E+00  0.0000E+00 490.00 10.0  0.100 0.005 
     0.5307E+00  0.0000E+00 490.00 10.0  0.150 0.005 
     0.5183E+00  0.0000E+00 490.00 10.0  0.200 0.005 
     0.5041E+00  0.0000E+00 490.00 10.0  0.250 0.005 
     0.4882E+00  0.0000E+00 490.00 10.0  0.300 0.005 
     0.4704E+00  0.0000E+00 490.00 10.0  0.350 0.005 
     0.4505E+00  0.0000E+00 490.00 10.0  0.400 0.005 
     0.4284E+00  0.0000E+00 490.00 10.0  0.450 0.005 
     0.4039E+00  0.0000E+00 490.00 10.0  0.500 0.005 
     0.3769E+00  0.0000E+00 490.00 10.0  0.550 0.005 
     0.3471E+00  0.0000E+00 490.00 10.0  0.600 0.005 
     0.3144E+00  0.0000E+00 490.00 10.0  0.650 0.005 
     0.2786E+00  0.0000E+00 490.00 10.0  0.700 0.005 
     0.2396E+00  0.0000E+00 490.00 10.0  0.750 0.005 
     0.1973E+00  0.0000E+00 490.00 10.0  0.800 0.005 
     0.1519E+00  0.0000E+00 490.00 10.0  0.850 0.005 
     0.1034E+00  0.0000E+00 490.00 10.0  0.900 0.005 
     0.5254E-01  0.0000E+00 490.00 10.0  0.950 0.005 
     0.2527E-06  0.0000E+00 490.00 10.0  1.000 0.005 
     0.6188E-08  0.0000E+00 510.00 10.0 -1.000 0.005 
     0.1849E+00  0.0000E+00 510.00 10.0 -0.950 0.005 
     0.2963E+00  0.0000E+00 510.00 10.0 -0.900 0.005 
     0.3713E+00  0.0000E+00 510.00 10.0 -0.850 0.005 
     0.4252E+00  0.0000E+00 510.00 10.0 -0.800 0.005 
     0.4656E+00  0.0000E+00 510.00 10.0 -0.750 0.005 
     0.4968E+00  0.0000E+00 510.00 10.0 -0.700 0.005 
     0.5213E+00  0.0000E+00 510.00 10.0 -0.650 0.005 
     0.5406E+00  0.0000E+00 510.00 10.0 -0.600 0.005 
     0.5560E+00  0.0000E+00 510.00 10.0 -0.550 0.005 
     0.5681E+00  0.0000E+00 510.00 10.0 -0.500 0.005 
     0.5774E+00  0.0000E+00 510.00 10.0 -0.450 0.005 
     0.5844E+00  0.0000E+00 510.00 10.0 -0.400 0.005 
     0.5893E+00  0.0000E+00 510.00 10.0 -0.350 0.005 
     0.5923E+00  0.0000E+00 510.00 10.0 -0.300 0.005 
     0.5937E+00  0.0000E+00 510.00 10.0 -0.250 0.005 
     0.5935E+00  0.0000E+00 510.00 10.0 -0.200 0.005 
     0.5917E+00  0.0000E+00 510.00 10.0 -0.150 0.005 
     0.5884E+00  0.0000E+00 510.00 10.0 -0.100 0.005 
     0.5837E+00  0.0000E+00 510.00 10.0 -0.050 0.005 
     0.5775E+00  0.0000E+00 510.00 10.0  0.000 0.005 
     0.5699E+00  0.0000E+00 510.00 10.0  0.050 0.005 
     0.5606E+00  0.0000E+00 510.00 10.0  0.100 0.005 
     0.5498E+00  0.0000E+00 510.00 10.0  0.150 0.005 
     0.5373E+00  0.0000E+00 510.00 10.0  0.200 0.005 
     0.5230E+00  0.0000E+00 510.00 10.0  0.250 0.005 
     0.5068E+00  0.0000E+00 510.00 10.0  0.300 0.005 
     0.4885E+00  0.0000E+00 510.00 10.0  0.350 0.005 
     0.4681E+00  0.0000E+00 510.00 10.0  0.400 0.005 
     0.4452E+00  0.0000E+00 510.00 10.0  0.450 0.005 
     0.4198E+00  0.0000E+00 510.00 10.0  0.500 0.005 
     0.3916E+00  0.0000E+00 510.00 10.0  0.550 0.005 
     0.3604E+00  0.0000E+00 510.00 10.0  0.600 0.005 
     0.3260E+00  0.0000E+00 510.00 10.0  0.650 0.005 
     0.2884E+00  0.0000E+00 510.00 10.0  0.700 0.005 
     0.2473E+00  0.0000E+00 510.00 10.0  0.750 0.005 
     0.2029E+00  0.0000E+00 510.00 10.0  0.800 0.005 
     0.1554E+00  0.0000E+00 510.00 10.0  0.850 0.005 
     0.1051E+00  0.0000E+00 510.00 10.0  0.900 0.005 
     0.5291E-01  0.0000E+00 510.00 10.0  0.950 0.005 
     0.2514E-06  0.0000E+00 510.00 10.0  1.000 0.005 
     0.6563E-08  0.0000E+00 530.00 10.0 -1.000 0.005 
     0.1794E+00  0.0000E+00 530.00 10.0 -0.950 0.005 
     0.2924E+00  0.0000E+00 530.00 10.0 -0.900 0.005 
     0.3704E+00  0.0000E+00 530.00 10.0 -0.850 0.005 
     0.4275E+00  0.0000E+00 530.00 10.0 -0.800 0.005 
     0.4709E+00  0.0000E+00 530.00 10.0 -0.750 0.005 
     0.5048E+00  0.0000E+00 530.00 10.0 -0.700 0.005 
     0.5315E+00  0.0000E+00 530.00 10.0 -0.650 0.005 
     0.5529E+00  0.0000E+00 530.00 10.0 -0.600 0.005 
     0.5701E+00  0.0000E+00 530.00 10.0 -0.550 0.005 
     0.5838E+00  0.0000E+00 530.00 10.0 -0.500 0.005 
     0.5945E+00  0.0000E+00 530.00 10.0 -0.450 0.005 
     0.6028E+00  0.0000E+00 530.00 10.0 -0.400 0.005 
     0.6089E+00  0.0000E+00 530.00 10.0 -0.350 0.005 
     0.6131E+00  0.0000E+00 530.00 10.0 -0.300 0.005 
     0.6155E+00  0.0000E+00 530.00 10.0 -0.250 0.005 
     0.6162E+00  0.0000E+00 530.00 10.0 -0.200 0.005 
     0.6153E+00  0.0000E+00 530.00 10.0 -0.150 0.005 
     0.6129E+00  0.0000E+00 530.00 10.0 -0.100 0.005 
     0.6090E+00  0.0000E+00 530.00 10.0 -0.050 0.005 
     0.6035E+00  0.0000E+00 530.00 10.0  0.000 0.005 
     0.5965E+00  0.0000E+00 530.00 10.0  0.050 0.005 
     0.5879E+00  0.0000E+00 530.00 10.0  0.100 0.005 
     0.5776E+00  0.0000E+00 530.00 10.0  0.150 0.005 
     0.5655E+00  0.0000E+00 530.00 10.0  0.200 0.005 
     0.5516E+00  0.0000E+00 530.00 10.0  0.250 0.005 
     0.5356E+00  0.0000E+00 530.00 10.0  0.300 0.005 
     0.5174E+00  0.0000E+00 530.00 10.0  0.350 0.005 
     0.4967E+00  0.0000E+00 530.00 10.0  0.400 0.005 
     0.4735E+00  0.0000E+00 530.00 10.0  0.450 0.005 
     0.4474E+00  0.0000E+00 530.00 10.0  0.500 0.005 
     0.4182E+00  0.0000E+00 530.00 10.0  0.550 0.005 
     0.3857E+00  0.0000E+00 530.00 10.0  0.600 0.005 
     0.3496E+00  0.0000E+00 530.00 10.0  0.650 0.005 
     0.3097E+00  0.0000E+00 530.00 10.0  0.700 0.005 
     0.2659E+00  0.0000E+00 530.00 10.0  0.750 0.005 
     0.2182E+00  0.0000E+00 530.00 10.0  0.800 0.005 
     0.1670E+00  0.0000E+00 530.00 10.0  0.850 0.005 
     0.1127E+00  0.0000E+00 530.00 10.0  0.900 0.005 
     0.5651E-01  0.0000E+00 530.00 10.0  0.950 0.005 
     0.2668E-06  0.0000E+00 530.00 10.0  1.000 0.005 
     0.6807E-08  0.0000E+00 550.00 10.0 -1.000 0.005 
     0.1721E+00  0.0000E+00 550.00 10.0 -0.950 0.005 
     0.2864E+00  0.0000E+00 550.00 10.0 -0.900 0.005 
     0.3679E+00  0.0000E+00 550.00 10.0 -0.850 0.005 
     0.4288E+00  0.0000E+00 550.00 10.0 -0.800 0.005 
     0.4757E+00  0.0000E+00 550.00 10.0 -0.750 0.005 
     0.5127E+00  0.0000E+00 550.00 10.0 -0.700 0.005 
     0.5423E+00  0.0000E+00 550.00 10.0 -0.650 0.005 
     0.5661E+00  0.0000E+00 550.00 10.0 -0.600 0.005 
     0.5855E+00  0.0000E+00 550.00 10.0 -0.550 0.005 
     0.6011E+00  0.0000E+00 550.00 10.0 -0.500 0.005 
     0.6136E+00  0.0000E+00 550.00 10.0 -0.450 0.005 
     0.6235E+00  0.0000E+00 550.00 10.0 -0.400 0.005 
     0.6311E+00  0.0000E+00 550.00 10.0 -0.350 0.005 
     0.6367E+00  0.0000E+00 550.00 10.0 -0.300 0.005 
     0.6404E+00  0.0000E+00 550.00 10.0 -0.250 0.005 
     0.6424E+00  0.0000E+00 550.00 10.0 -0.200 0.005 
     0.6427E+00  0.0000E+00 550.00 10.0 -0.150 0.005 
     0.6415E+00  0.0000E+00 550.00 10.0 -0.100 0.005 
     0.6387E+00  0.0000E+00 550.00 10.0 -0.050 0.005 
     0.6344E+00  0.0000E+00 550.00 10.0  0.000 0.005 
     0.6284E+00  0.0000E+00 550.00 10.0  0.050 0.005 
     0.6209E+00  0.0000E+00 550.00 10.0  0.100 0.005 
     0.6115E+00  0.0000E+00 550.00 10.0  0.150 0.005 
     0.6004E+00  0.0000E+00 550.00 10.0  0.200 0.005 
     0.5872E+00  0.0000E+00 550.00 10.0  0.250 0.005 
     0.5719E+00  0.0000E+00 550.00 10.0  0.300 0.005 
     0.5542E+00  0.0000E+00 550.00 10.0  0.350 0.005 
     0.5340E+00  0.0000E+00 550.00 10.0  0.400 0.005 
     0.5108E+00  0.0000E+00 550.00 10.0  0.450 0.005 
     0.4845E+00  0.0000E+00 550.00 10.0  0.500 0.005 
     0.4547E+00  0.0000E+00 550.00 10.0  0.550 0.005 
     0.4210E+00  0.0000E+00 550.00 10.0  0.600 0.005 
     0.3831E+00  0.0000E+00 550.00 10.0  0.650 0.005 
     0.3407E+00  0.0000E+00 550.00 10.0  0.700 0.005 
     0.2936E+00  0.0000E+00 550.00 10.0  0.750 0.005 
     0.2418E+00  0.0000E+00 550.00 10.0  0.800 0.005 
     0.1855E+00  0.0000E+00 550.00 10.0  0.850 0.005 
     0.1254E+00  0.0000E+00 550.00 10.0  0.900 0.005 
     0.6286E-01  0.0000E+00 550.00 10.0  0.950 0.005 
     0.2961E-06  0.0000E+00 550.00 10.0  1.000 0.005 
     0.6869E-08  0.0000E+00 570.00 10.0 -1.000 0.005 
     0.1614E+00  0.0000E+00 570.00 10.0 -0.950 0.005 
     0.2757E+00  0.0000E+00 570.00 10.0 -0.900 0.005 
     0.3606E+00  0.0000E+00 570.00 10.0 -0.850 0.005 
     0.4256E+00  0.0000E+00 570.00 10.0 -0.800 0.005 
     0.4765E+00  0.0000E+00 570.00 10.0 -0.750 0.005 
     0.5172E+00  0.0000E+00 570.00 10.0 -0.700 0.005 
     0.5501E+00  0.0000E+00 570.00 10.0 -0.650 0.005 
     0.5769E+00  0.0000E+00 570.00 10.0 -0.600 0.005 
     0.5989E+00  0.0000E+00 570.00 10.0 -0.550 0.005 
     0.6169E+00  0.0000E+00 570.00 10.0 -0.500 0.005 
     0.6315E+00  0.0000E+00 570.00 10.0 -0.450 0.005 
     0.6434E+00  0.0000E+00 570.00 10.0 -0.400 0.005 
     0.6528E+00  0.0000E+00 570.00 10.0 -0.350 0.005 
     0.6601E+00  0.0000E+00 570.00 10.0 -0.300 0.005 
     0.6655E+00  0.0000E+00 570.00 10.0 -0.250 0.005 
     0.6690E+00  0.0000E+00 570.00 10.0 -0.200 0.005 
     0.6708E+00  0.0000E+00 570.00 10.0 -0.150 0.005 
     0.6711E+00  0.0000E+00 570.00 10.0 -0.100 0.005 
     0.6697E+00  0.0000E+00 570.00 10.0 -0.050 0.005 
     0.6668E+00  0.0000E+00 570.00 10.0  0.000 0.005 
     0.6623E+00  0.0000E+00 570.00 10.0  0.050 0.005 
     0.6560E+00  0.0000E+00 570.00 10.0  0.100 0.005 
     0.6480E+00  0.0000E+00 570.00 10.0  0.150 0.005 
     0.6382E+00  0.0000E+00 570.00 10.0  0.200 0.005 
     0.6262E+00  0.0000E+00 570.00 10.0  0.250 0.005 
     0.6120E+00  0.0000E+00 570.00 10.0  0.300 0.005 
     0.5954E+00  0.0000E+00 570.00 10.0  0.350 0.005 
     0.5759E+00  0.0000E+00 570.00 10.0  0.400 0.005 
     0.5533E+00  0.0000E+00 570.00 10.0  0.450 0.005 
     0.5272E+00  0.0000E+00 570.00 10.0  0.500 0.005 
     0.4971E+00  0.0000E+00 570.00 10.0  0.550 0.005 
     0.4627E+00  0.0000E+00 570.00 10.0  0.600 0.005 
     0.4233E+00  0.0000E+00 570.00 10.0  0.650 0.005 
     0.3785E+00  0.0000E+00 570.00 10.0  0.700 0.005 
     0.3279E+00  0.0000E+00 570.00 10.0  0.750 0.005 
     0.2714E+00  0.0000E+00 570.00 10.0  0.800 0.005 
     0.2091E+00  0.0000E+00 570.00 10.0  0.850 0.005 
     0.1419E+00  0.0000E+00 570.00 10.0  0.900 0.005 
     0.7126E-01  0.0000E+00 570.00 10.0  0.950 0.005 
     0.3357E-06  0.0000E+00 570.00 10.0  1.000 0.005 
     0.6726E-08  0.0000E+00 590.00 10.0 -1.000 0.005 
     0.1477E+00  0.0000E+00 590.00 10.0 -0.950 0.005 
     0.2604E+00  0.0000E+00 590.00 10.0 -0.900 0.005 
     0.3479E+00  0.0000E+00 590.00 10.0 -0.850 0.005 
     0.4170E+00  0.0000E+00 590.00 10.0 -0.800 0.005 
     0.4723E+00  0.0000E+00 590.00 10.0 -0.750 0.005 
     0.5172E+00  0.0000E+00 590.00 10.0 -0.700 0.005 
     0.5539E+00  0.0000E+00 590.00 10.0 -0.650 0.005 
     0.5841E+00  0.0000E+00 590.00 10.0 -0.600 0.005 
     0.6092E+00  0.0000E+00 590.00 10.0 -0.550 0.005 
     0.6300E+00  0.0000E+00 590.00 10.0 -0.500 0.005 
     0.6472E+00  0.0000E+00 590.00 10.0 -0.450 0.005 
     0.6613E+00  0.0000E+00 590.00 10.0 -0.400 0.005 
     0.6729E+00  0.0000E+00 590.00 10.0 -0.350 0.005 
     0.6822E+00  0.0000E+00 590.00 10.0 -0.300 0.005 
     0.6894E+00  0.0000E+00 590.00 10.0 -0.250 0.005 
     0.6948E+00  0.0000E+00 590.00 10.0 -0.200 0.005 
     0.6985E+00  0.0000E+00 590.00 10.0 -0.150 0.005 
     0.7004E+00  0.0000E+00 590.00 10.0 -0.100 0.005 
     0.7008E+00  0.0000E+00 590.00 10.0 -0.050 0.005 
     0.6996E+00  0.0000E+00 590.00 10.0  0.000 0.005 
     0.6967E+00  0.0000E+00 590.00 10.0  0.050 0.005 
     0.6922E+00  0.0000E+00 590.00 10.0  0.100 0.005 
     0.6859E+00  0.0000E+00 590.00 10.0  0.150 0.005 
     0.6777E+00  0.0000E+00 590.00 10.0  0.200 0.005 
     0.6674E+00  0.0000E+00 590.00 10.0  0.250 0.005 
     0.6548E+00  0.0000E+00 590.00 10.0  0.300 0.005 
     0.6396E+00  0.0000E+00 590.00 10.0  0.350 0.005 
     0.6215E+00  0.0000E+00 590.00 10.0  0.400 0.005 
     0.6000E+00  0.0000E+00 590.00 10.0  0.450 0.005 
     0.5747E+00  0.0000E+00 590.00 10.0  0.500 0.005 
     0.5450E+00  0.0000E+00 590.00 10.0  0.550 0.005 
     0.5103E+00  0.0000E+00 590.00 10.0  0.600 0.005 
     0.4698E+00  0.0000E+00 590.00 10.0  0.650 0.005 
     0.4229E+00  0.0000E+00 590.00 10.0  0.700 0.005 
     0.3690E+00  0.0000E+00 590.00 10.0  0.750 0.005 
     0.3075E+00  0.0000E+00 590.00 10.0  0.800 0.005 
     0.2386E+00  0.0000E+00 590.00 10.0  0.850 0.005 
     0.1629E+00  0.0000E+00 590.00 10.0  0.900 0.005 
     0.8230E-01  0.0000E+00 590.00 10.0  0.950 0.005 
     0.3895E-06  0.0000E+00 590.00 10.0  1.000 0.005 
     0.6372E-08  0.0000E+00 610.00 10.0 -1.000 0.005 
     0.1324E+00  0.0000E+00 610.00 10.0 -0.950 0.005 
     0.2414E+00  0.0000E+00 610.00 10.0 -0.900 0.005 
     0.3306E+00  0.0000E+00 610.00 10.0 -0.850 0.005 
     0.4035E+00  0.0000E+00 610.00 10.0 -0.800 0.005 
     0.4633E+00  0.0000E+00 610.00 10.0 -0.750 0.005 
     0.5127E+00  0.0000E+00 610.00 10.0 -0.700 0.005 
     0.5537E+00  0.0000E+00 610.00 10.0 -0.650 0.005 
     0.5879E+00  0.0000E+00 610.00 10.0 -0.600 0.005 
     0.6165E+00  0.0000E+00 610.00 10.0 -0.550 0.005 
     0.6404E+00  0.0000E+00 610.00 10.0 -0.500 0.005 
     0.6606E+00  0.0000E+00 610.00 10.0 -0.450 0.005 
     0.6774E+00  0.0000E+00 610.00 10.0 -0.400 0.005 
     0.6915E+00  0.0000E+00 610.00 10.0 -0.350 0.005 
     0.7031E+00  0.0000E+00 610.00 10.0 -0.300 0.005 
     0.7126E+00  0.0000E+00 610.00 10.0 -0.250 0.005 
     0.7201E+00  0.0000E+00 610.00 10.0 -0.200 0.005 
     0.7258E+00  0.0000E+00 610.00 10.0 -0.150 0.005 
     0.7298E+00  0.0000E+00 610.00 10.0 -0.100 0.005 
     0.7321E+00  0.0000E+00 610.00 10.0 -0.050 0.005 
     0.7329E+00  0.0000E+00 610.00 10.0  0.000 0.005 
     0.7321E+00  0.0000E+00 610.00 10.0  0.050 0.005 
     0.7296E+00  0.0000E+00 610.00 10.0  0.100 0.005 
     0.7253E+00  0.0000E+00 610.00 10.0  0.150 0.005 
     0.7191E+00  0.0000E+00 610.00 10.0  0.200 0.005 
     0.7109E+00  0.0000E+00 610.00 10.0  0.250 0.005 
     0.7004E+00  0.0000E+00 610.00 10.0  0.300 0.005 
     0.6872E+00  0.0000E+00 610.00 10.0  0.350 0.005 
     0.6711E+00  0.0000E+00 610.00 10.0  0.400 0.005 
     0.6514E+00  0.0000E+00 610.00 10.0  0.450 0.005 
     0.6276E+00  0.0000E+00 610.00 10.0  0.500 0.005 
     0.5990E+00  0.0000E+00 610.00 10.0  0.550 0.005 
     0.5649E+00  0.0000E+00 610.00 10.0  0.600 0.005 
     0.5241E+00  0.0000E+00 610.00 10.0  0.650 0.005 
     0.4758E+00  0.0000E+00 610.00 10.0  0.700 0.005 
     0.4189E+00  0.0000E+00 610.00 10.0  0.750 0.005 
     0.3526E+00  0.0000E+00 610.00 10.0  0.800 0.005 
     0.2764E+00  0.0000E+00 610.00 10.0  0.850 0.005 
     0.1909E+00  0.0000E+00 610.00 10.0  0.900 0.005 
     0.9762E-01  0.0000E+00 610.00 10.0  0.950 0.005 
     0.4686E-06  0.0000E+00 610.00 10.0  1.000 0.005 
     0.5839E-08  0.0000E+00 630.00 10.0 -1.000 0.005 
     0.1176E+00  0.0000E+00 630.00 10.0 -0.950 0.005 
     0.2216E+00  0.0000E+00 630.00 10.0 -0.900 0.005 
     0.3112E+00  0.0000E+00 630.00 10.0 -0.850 0.005 
     0.3872E+00  0.0000E+00 630.00 10.0 -0.800 0.005 
     0.4513E+00  0.0000E+00 630.00 10.0 -0.750 0.005 
     0.5053E+00  0.0000E+00 630.00 10.0 -0.700 0.005 
     0.5508E+00  0.0000E+00 630.00 10.0 -0.650 0.005 
     0.5892E+00  0.0000E+00 630.00 10.0 -0.600 0.005 
     0.6217E+00  0.0000E+00 630.00 10.0 -0.550 0.005 
     0.6493E+00  0.0000E+00 630.00 10.0 -0.500 0.005 
     0.6727E+00  0.0000E+00 630.00 10.0 -0.450 0.005 
     0.6926E+00  0.0000E+00 630.00 10.0 -0.400 0.005 
     0.7095E+00  0.0000E+00 630.00 10.0 -0.350 0.005 
     0.7238E+00  0.0000E+00 630.00 10.0 -0.300 0.005 
     0.7357E+00  0.0000E+00 630.00 10.0 -0.250 0.005 
     0.7456E+00  0.0000E+00 630.00 10.0 -0.200 0.005 
     0.7536E+00  0.0000E+00 630.00 10.0 -0.150 0.005 
     0.7599E+00  0.0000E+00 630.00 10.0 -0.100 0.005 
     0.7646E+00  0.0000E+00 630.00 10.0 -0.050 0.005 
     0.7676E+00  0.0000E+00 630.00 10.0  0.000 0.005 
     0.7691E+00  0.0000E+00 630.00 10.0  0.050 0.005 
     0.7689E+00  0.0000E+00 630.00 10.0  0.100 0.005 
     0.7671E+00  0.0000E+00 630.00 10.0  0.150 0.005 
     0.7635E+00  0.0000E+00 630.00 10.0  0.200 0.005 
     0.7578E+00  0.0000E+00 630.00 10.0  0.250 0.005 
     0.7499E+00  0.0000E+00 630.00 10.0  0.300 0.005 
     0.7394E+00  0.0000E+00 630.00 10.0  0.350 0.005 
     0.7258E+00  0.0000E+00 630.00 10.0  0.400 0.005 
     0.7087E+00  0.0000E+00 630.00 10.0  0.450 0.005 
     0.6874E+00  0.0000E+00 630.00 10.0  0.500 0.005 
     0.6609E+00  0.0000E+00 630.00 10.0  0.550 0.005 
     0.6283E+00  0.0000E+00 630.00 10.0  0.600 0.005 
     0.5884E+00  0.0000E+00 630.00 10.0  0.650 0.005 
     0.5397E+00  0.0000E+00 630.00 10.0  0.700 0.005 
     0.4806E+00  0.0000E+00 630.00 10.0  0.750 0.005 
     0.4099E+00  0.0000E+00 630.00 10.0  0.800 0.005 
     0.3263E+00  0.0000E+00 630.00 10.0  0.850 0.005 
     0.2293E+00  0.0000E+00 630.00 10.0  0.900 0.005 
     0.1198E+00  0.0000E+00 630.00 10.0  0.950 0.005 
     0.5903E-06  0.0000E+00 630.00 10.0  1.000 0.005 
     0.5156E-08  0.0000E+00 650.00 10.0 -1.000 0.005 
     0.1056E+00  0.0000E+00 650.00 10.0 -0.950 0.005 
     0.2044E+00  0.0000E+00 650.00 10.0 -0.900 0.005 
     0.2933E+00  0.0000E+00 650.00 10.0 -0.850 0.005 
     0.3715E+00  0.0000E+00 650.00 10.0 -0.800 0.005 
     0.4393E+00  0.0000E+00 650.00 10.0 -0.750 0.005 
     0.4976E+00  0.0000E+00 650.00 10.0 -0.700 0.005 
     0.5476E+00  0.0000E+00 650.00 10.0 -0.650 0.005 
     0.5903E+00  0.0000E+00 650.00 10.0 -0.600 0.005 
     0.6269E+00  0.0000E+00 650.00 10.0 -0.550 0.005 
     0.6583E+00  0.0000E+00 650.00 10.0 -0.500 0.005 
     0.6852E+00  0.0000E+00 650.00 10.0 -0.450 0.005 
     0.7083E+00  0.0000E+00 650.00 10.0 -0.400 0.005 
     0.7282E+00  0.0000E+00 650.00 10.0 -0.350 0.005 
     0.7453E+00  0.0000E+00 650.00 10.0 -0.300 0.005 
     0.7600E+00  0.0000E+00 650.00 10.0 -0.250 0.005 
     0.7725E+00  0.0000E+00 650.00 10.0 -0.200 0.005 
     0.7830E+00  0.0000E+00 650.00 10.0 -0.150 0.005 
     0.7918E+00  0.0000E+00 650.00 10.0 -0.100 0.005 
     0.7990E+00  0.0000E+00 650.00 10.0 -0.050 0.005 
     0.8046E+00  0.0000E+00 650.00 10.0  0.000 0.005 
     0.8086E+00  0.0000E+00 650.00 10.0  0.050 0.005 
     0.8112E+00  0.0000E+00 650.00 10.0  0.100 0.005 
     0.8121E+00  0.0000E+00 650.00 10.0  0.150 0.005 
     0.8113E+00  0.0000E+00 650.00 10.0  0.200 0.005 
     0.8086E+00  0.0000E+00 650.00 10.0  0.250 0.005 
     0.8038E+00  0.0000E+00 650.00 10.0  0.300 0.005 
     0.7965E+00  0.0000E+00 650.00 10.0  0.350 0.005 
     0.7862E+00  0.0000E+00 650.00 10.0  0.400 0.005 
     0.7724E+00  0.0000E+00 650.00 10.0  0.450 0.005 
     0.7543E+00  0.0000E+00 650.00 10.0  0.500 0.005 
     0.7308E+00  0.0000E+00 650.00 10.0  0.550 0.005 
     0.7007E+00  0.0000E+00 650.00 10.0  0.600 0.005 
     0.6625E+00  0.0000E+00 650.00 10.0  0.650 0.005 
     0.6144E+00  0.0000E+00 650.00 10.0  0.700 0.005 
     0.5541E+00  0.0000E+00 650.00 10.0  0.750 0.005 
     0.4796E+00  0.0000E+00 650.00 10.0  0.800 0.005 
     0.3885E+00  0.0000E+00 650.00 10.0  0.850 0.005 
     0.2789E+00  0.0000E+00 650.00 10.0  0.900 0.005 
     0.1497E+00  0.0000E+00 650.00 10.0  0.950 0.005 
     0.7637E-06  0.0000E+00 650.00 10.0  1.000 0.005 
