632.04 0.857975 -0.084 0.386 18
632.04 0.733018 0.3 0.099 18
632.04 0.639036 0.378 0.046 18
632.04 0.534942 0.462 0.029 18
632.04 0.436017 0.493 0.028 18
632.04 0.327053 0.649 0.029 18
632.04 0.222059 0.631 0.024 18
632.04 0.117017 0.664 0.024 18
632.04 0.0130896 0.689 0.023 18
632.04 -0.092023 0.753 0.023 18
632.04 -0.196973 0.744 0.025 18
632.04 -0.302037 0.758 0.025 18
632.04 -0.405939 0.812 0.025 18
632.04 -0.510993 0.735 0.026 18
632.04 -0.615937 0.76 0.029 18
632.04 -0.718976 0.637 0.036 18
632.04 -0.824027 0.611 0.05 18
632.04 -0.920027 0.293 0.081 18
