<HTML>
<BODY BGCOLOR=white>
<center>
<font size=+3 color=red><B>Transverse Polarization Observables </B></font> 
</center><hr>
<PRE>
<FONT SIZE=-0>
                   M A I D  2007    (18.05.2007)
                D. Drechsel, S.S. Kamalov, L. Tiator
            Institut fuer Kernphysik, Universitaet Mainz
          *************************************************


             *** gamma + neutron  >>  pi0 + neutron  ***

 all parameters are on default values 

               Q^2 =    .000 (GeV/c)^2;   W = 1487.513 (MeV)
               *********************************************
  Maid2007: disp = 2, e.m. form factors: mode = 7, gauge = 2
 --------------------------------------------------------------------------------

 *** 8 single and target polarization observables ***

  Theta  w(lab)    DSG      T       P       S       E       F       G       H
  (deg)  (MeV)  (mcb/sr)
     .0  707.7    1.814    .000    .000    .000   1.000    .000    .000    .000
    9.0  707.7    1.825    .141    .034    .028    .939   -.312    .001   -.032
   18.0  707.7    1.850    .252    .040    .104    .771   -.575    .020   -.033
   27.0  707.7    1.881    .307   -.003    .207    .529   -.758    .090   -.003
   36.0  707.7    1.922    .285   -.108    .320    .246   -.845    .230    .019
   45.0  707.7    1.998    .177   -.265    .428   -.037   -.827    .412   -.020
   54.0  707.7    2.142    .000   -.443    .520   -.274   -.714    .565   -.146
   63.0  707.7    2.370   -.199   -.594    .585   -.432   -.542    .616   -.331
   72.0  707.7    2.664   -.375   -.689    .621   -.506   -.357    .548   -.514
   81.0  707.7    2.968   -.509   -.728    .631   -.517   -.186    .392   -.646
   90.0  707.7    3.210   -.605   -.729    .622   -.488   -.038    .194   -.708
   99.0  707.7    3.330   -.674   -.706    .599   -.430    .094   -.009   -.701
  108.0  707.7    3.302   -.727   -.667    .561   -.344    .217   -.193   -.632
  117.0  707.7    3.142   -.766   -.614    .508   -.222    .331   -.336   -.509
  126.0  707.7    2.902   -.786   -.545    .438   -.056    .432   -.420   -.348
  135.0  707.7    2.645   -.773   -.458    .350    .156    .502   -.427   -.174
  144.0  707.7    2.425   -.710   -.354    .250    .400    .519   -.359   -.024
  153.0  707.7    2.268   -.588   -.246    .151    .640    .467   -.242    .069
  162.0  707.7    2.176   -.417   -.148    .070    .836    .349   -.119    .092
  171.0  707.7    2.132   -.215   -.067    .018    .959    .185   -.031    .060
  180.0  707.7    2.120    .000    .000    .000   1.000    .000    .000    .000

 *** 8 double polarization observables with recoil polarization ***

  Theta  w(lab)    Cx'     Cz'     Ox'     Oz'     Tx'     Tz'     Lx'     Lz'
  (deg)  (MeV)
     .0  707.7     .000  -1.000    .000    .000    .000    .000    .000  -1.000
    9.0  707.7     .034   -.999   -.141    .006   -.011   -.313   -.041   -.938
   18.0  707.7     .055   -.992   -.251    .021   -.040   -.583   -.108   -.770
   27.0  707.7     .056   -.973   -.318    .034   -.067   -.783   -.221   -.531
   36.0  707.7     .034   -.918   -.349    .031   -.058   -.896   -.375   -.252
   45.0  707.7    -.005   -.804   -.362    .004    .018   -.893   -.532    .035
   54.0  707.7    -.055   -.621   -.376   -.048    .163   -.761   -.624    .282
   63.0  707.7    -.102   -.396   -.405   -.114    .335   -.531   -.604    .437
   72.0  707.7    -.142   -.172   -.448   -.176    .478   -.273   -.487    .480
   81.0  707.7    -.174    .021   -.500   -.224    .563   -.053   -.319    .432
   90.0  707.7    -.204    .179   -.556   -.254    .592    .094   -.149    .330
   99.0  707.7    -.235    .307   -.613   -.268    .580    .158   -.001    .213
  108.0  707.7    -.271    .419   -.670   -.265    .544    .142    .116    .110
  117.0  707.7    -.310    .523   -.722   -.248    .497    .056    .202    .053
  126.0  707.7    -.347    .625   -.756   -.216    .443   -.080    .263    .068
  135.0  707.7    -.370    .726   -.756   -.173    .378   -.230    .301    .172
  144.0  707.7    -.366    .821   -.702   -.122    .296   -.345    .312    .359
  153.0  707.7    -.322    .900   -.586   -.073    .199   -.382    .290    .589
  162.0  707.7    -.239    .957   -.417   -.034    .101   -.321    .226    .803
  171.0  707.7    -.126    .990   -.215   -.009    .027   -.182    .125    .949
  180.0  707.7     .000   1.000    .000    .000    .000    .000    .000   1.000
</FONT>
</PRE>
</FONT>
</BODY>
</HTML>
