420 0.980271 0.078 0.107 17
420 0.936672 0.207 0.076 17
420 0.864275 0.252 0.056 17
420 0.770513 0.257 0.056 17
420 0.653421 0.494 0.07 17
420 0.48481 0.379 0.069 17
420 0.335452 0.508 0.05 17
420 0.166769 0.534 0.039 17
420 -0.0034906 0.591 0.033 17
420 -0.166769 0.598 0.035 17
420 -0.330514 0.629 0.044 17
420 -0.492424 0.691 0.063 17
420 -0.645458 0.612 0.066 17
420 -0.759271 0.486 0.072 17
420 -0.855364 0.638 0.11 17
420 -0.939094 0.468 0.205 17
420 -0.983885 0.224 0.184 17
430 0.979575 -0.022 0.11 17
430 0.93606 0.17 0.073 17
430 0.864275 0.18 0.054 17
430 0.770513 0.385 0.052 17
430 0.653421 0.388 0.066 17
430 0.486335 0.482 0.068 17
430 0.335452 0.442 0.049 17
430 0.166769 0.561 0.038 17
430 -0.00523602 0.555 0.032 17
430 -0.166769 0.684 0.033 17
430 -0.330514 0.602 0.042 17
430 -0.490904 0.72 0.058 17
430 -0.645458 0.701 0.063 17
430 -0.761538 0.575 0.067 17
430 -0.855364 0.54 0.108 17
430 -0.940288 0.466 0.204 17
430 -0.983885 0.047 0.195 17
440 0.980615 -0.23 0.101 17
440 0.935444 0.033 0.064 17
440 0.864275 0.174 0.047 17
440 0.770513 0.26 0.046 17
440 0.652098 0.317 0.06 17
440 0.486335 0.466 0.061 17
440 0.335452 0.527 0.044 17
440 0.166769 0.572 0.034 17
440 -0.00523602 0.551 0.028 17
440 -0.166769 0.602 0.029 17
440 -0.332161 0.597 0.037 17
440 -0.490904 0.657 0.055 17
440 -0.645458 0.642 0.057 17
440 -0.761538 0.637 0.061 17
440 -0.857167 0.739 0.103 17
440 -0.938493 0.692 0.185 17
440 -0.984503 0.237 0.199 17
