421.09 0.83504 0.182 0.159 18
421.09 0.743962 0.331 0.064 18
421.09 0.641048 0.332 0.048 18
421.09 0.538035 0.502 0.039 18
421.09 0.43303 0.55 0.035 18
421.09 0.328042 0.553 0.032 18
421.09 0.22308 0.559 0.032 18
421.09 0.118057 0.641 0.032 18
421.09 0.0130896 0.638 0.033 18
421.09 -0.0909802 0.602 0.035 18
421.09 -0.195946 0.681 0.036 18
421.09 -0.301039 0.595 0.039 18
421.09 -0.405939 0.718 0.04 18
421.09 -0.510993 0.716 0.041 18
421.09 -0.61401 0.66 0.045 18
421.09 -0.717032 0.613 0.056 18
421.09 -0.821945 0.362 0.081 18
421.09 -0.924013 0.495 0.141 18
425.23 0.833982 0.41 0.186 18
425.23 0.743028 0.398 0.074 18
425.23 0.641048 0.385 0.053 18
425.23 0.538035 0.476 0.044 18
425.23 0.43303 0.467 0.039 18
425.23 0.328042 0.513 0.036 18
425.23 0.22308 0.607 0.036 18
425.23 0.118924 0.644 0.036 18
425.23 0.0130896 0.651 0.037 18
425.23 -0.0909802 0.69 0.04 18
425.23 -0.195946 0.678 0.041 18
425.23 -0.301039 0.71 0.045 18
425.23 -0.405939 0.687 0.044 18
425.23 -0.510993 0.618 0.046 18
425.23 -0.61401 0.673 0.049 18
425.23 -0.717032 0.575 0.062 18
425.23 -0.821945 0.448 0.09 18
425.23 -0.924013 0.327 0.157 18
430.07 0.830984 0.73 0.204 18
430.07 0.743028 0.28 0.078 18
430.07 0.641048 0.319 0.055 18
430.07 0.538035 0.431 0.046 18
430.07 0.43303 0.516 0.042 18
430.07 0.328042 0.537 0.036 18
430.07 0.22308 0.645 0.037 18
430.07 0.118057 0.581 0.036 18
430.07 0.0130896 0.695 0.038 18
430.07 -0.0909802 0.69 0.04 18
430.07 -0.195946 0.71 0.043 18
430.07 -0.301039 0.729 0.046 18
430.07 -0.405939 0.773 0.045 18
430.07 -0.510993 0.735 0.048 18
430.07 -0.61401 0.714 0.051 18
430.07 -0.717032 0.697 0.064 18
430.07 -0.821945 0.445 0.098 18
430.07 -0.924013 -0.088 0.171 18
434.92 0.830012 0.328 0.183 18
434.92 0.743028 0.248 0.073 18
434.92 0.641048 0.278 0.052 18
434.92 0.538035 0.386 0.044 18
434.92 0.43303 0.49 0.04 18
434.92 0.328042 0.525 0.036 18
434.92 0.22308 0.556 0.036 18
434.92 0.118057 0.572 0.036 18
434.92 0.0130896 0.613 0.037 18
434.92 -0.0909802 0.62 0.04 18
434.92 -0.195946 0.699 0.043 18
434.92 -0.302037 0.643 0.044 18
434.92 -0.405939 0.692 0.044 18
434.92 -0.510993 0.657 0.047 18
434.92 -0.61401 0.726 0.051 18
434.92 -0.717032 0.687 0.063 18
434.92 -0.82095 0.54 0.097 18
434.92 -0.921998 0.507 0.171 18
439.09 0.830012 0.53 0.162 18
439.09 0.743028 0.382 0.068 18
439.09 0.641048 0.404 0.049 18
439.09 0.538035 0.452 0.041 18
439.09 0.43303 0.472 0.037 18
439.09 0.328042 0.568 0.033 18
439.09 0.22308 0.532 0.034 18
439.09 0.118924 0.62 0.034 18
439.09 0.0139622 0.591 0.034 18
439.09 -0.0909802 0.592 0.037 18
439.09 -0.195946 0.677 0.04 18
439.09 -0.302037 0.711 0.042 18
439.09 -0.407055 0.706 0.041 18
439.09 -0.510993 0.691 0.043 18
439.09 -0.614974 0.624 0.048 18
439.09 -0.715936 0.63 0.058 18
439.09 -0.821945 0.685 0.087 18
439.09 -0.923009 0.546 0.16 18
