580.57 0.857975 -0.135 0.27 18
580.57 0.737984 0.165 0.077 18
580.57 0.639976 0.258 0.042 18
580.57 0.535974 0.338 0.029 18
580.57 0.43303 0.426 0.026 18
580.57 0.33002 0.492 0.027 18
580.57 0.22308 0.615 0.025 18
580.57 0.118057 0.615 0.023 18
580.57 0.0130896 0.644 0.023 18
580.57 -0.092023 0.648 0.024 18
580.57 -0.196973 0.704 0.024 18
580.57 -0.301039 0.695 0.024 18
580.57 -0.407055 0.737 0.026 18
580.57 -0.510993 0.756 0.027 18
580.57 -0.614974 0.729 0.03 18
580.57 -0.718976 0.696 0.037 18
580.57 -0.82095 0.649 0.057 18
580.57 -0.916013 0.332 0.124 18
585.06 0.809017 0.062 0.278 18
585.06 0.735979 -0.067 0.076 18
585.06 0.639976 0.235 0.041 18
585.06 0.535974 0.347 0.03 18
585.06 0.43303 0.441 0.026 18
585.06 0.329031 0.507 0.025 18
585.06 0.222059 0.577 0.024 18
585.06 0.117017 0.607 0.023 18
585.06 0.0130896 0.609 0.022 18
585.06 -0.092023 0.666 0.023 18
585.06 -0.196973 0.696 0.024 18
585.06 -0.301039 0.687 0.024 18
585.06 -0.407055 0.744 0.025 18
585.06 -0.510993 0.716 0.026 18
585.06 -0.614974 0.759 0.028 18
585.06 -0.718976 0.711 0.036 18
585.06 -0.821945 0.7 0.051 18
585.06 -0.916013 0.241 0.122 18
589.56 0.857975 0.012 0.333 18
589.56 0.737984 0.224 0.075 18
589.56 0.639976 0.309 0.041 18
589.56 0.535974 0.374 0.028 18
589.56 0.432086 0.449 0.026 18
589.56 0.33002 0.517 0.026 18
589.56 0.222059 0.58 0.024 18
589.56 0.118057 0.604 0.023 18
589.56 0.0130896 0.632 0.022 18
589.56 -0.092023 0.666 0.022 18
589.56 -0.196973 0.673 0.023 18
589.56 -0.302037 0.687 0.023 18
589.56 -0.405939 0.707 0.025 18
589.56 -0.510993 0.743 0.025 18
589.56 -0.615937 0.723 0.03 18
589.56 -0.719946 0.781 0.037 18
589.56 -0.82095 0.594 0.051 18
589.56 -0.916013 0.544 0.111 18
593.31 0.857975 -0.033 0.316 18
593.31 0.739044 0.117 0.076 18
593.31 0.641048 0.199 0.043 18
593.31 0.535974 0.332 0.029 18
593.31 0.43303 0.414 0.025 18
593.31 0.33002 0.517 0.026 18
593.31 0.222059 0.582 0.023 18
593.31 0.117017 0.632 0.022 18
593.31 0.0130896 0.652 0.022 18
593.31 -0.092023 0.682 0.022 18
593.31 -0.196973 0.71 0.023 18
593.31 -0.301039 0.74 0.023 18
593.31 -0.405939 0.764 0.025 18
593.31 -0.510993 0.705 0.025 18
593.31 -0.615937 0.774 0.029 18
593.31 -0.718976 0.757 0.036 18
593.31 -0.821945 0.649 0.052 18
593.31 -0.917962 0.275 0.11 18
597.08 0.801984 -0.006 0.268 18
597.08 0.739044 0.203 0.076 18
597.08 0.639036 0.227 0.041 18
597.08 0.535974 0.366 0.029 18
597.08 0.43303 0.427 0.026 18
597.08 0.329031 0.544 0.025 18
597.08 0.222059 0.56 0.023 18
597.08 0.118057 0.609 0.022 18
597.08 0.0130896 0.687 0.021 18
597.08 -0.092023 0.671 0.022 18
597.08 -0.196973 0.741 0.023 18
597.08 -0.301039 0.744 0.022 18
597.08 -0.405939 0.731 0.024 18
597.08 -0.510993 0.738 0.025 18
597.08 -0.614974 0.719 0.028 18
597.08 -0.718976 0.675 0.034 18
597.08 -0.821945 0.652 0.049 18
597.08 -0.917962 0.548 0.119 18
