0.0896    0.0001    0    10    -0.99   0.005
0.174    0.0001    0    10    -0.95   0.005
0.2596    0.0001    0    10    -0.9   0.005
0.3225    0.0001    0    10    -0.85   0.005
0.3685    0.0001    0    10    -0.8   0.005
0.4029    0.0001    0    10    -0.75   0.005
0.429    0.0001    0    10    -0.7   0.005
0.4489    0.0001    0    10    -0.65   0.005
0.4642    0.0001    0    10    -0.6   0.005
0.4758    0.0001    0    10    -0.55   0.005
0.4845    0.0001    0    10    -0.5   0.005
0.4906    0.0001    0    10    -0.45   0.005
0.4948    0.0001    0    10    -0.4   0.005
0.4973    0.0001    0    10    -0.35   0.005
0.4981    0.0001    0    10    -0.3   0.005
0.4977    0.0001    0    10    -0.25   0.005
0.4958    0.0001    0    10    -0.2   0.005
0.4929    0.0001    0    10    -0.15   0.005
0.4888    0.0001    0    10    -0.1   0.005
0.4837    0.0001    0    10    -0.05   0.005
0.4774    0.0001    0    10    0   0.005
0.4701    0.0001    0    10    0.05   0.005
0.4617    0.0001    0    10    0.1   0.005
0.4523    0.0001    0    10    0.15   0.005
0.4416    0.0001    0    10    0.2   0.005
0.4298    0.0001    0    10    0.25   0.005
0.4167    0.0001    0    10    0.3   0.005
0.4023    0.0001    0    10    0.35   0.005
0.3864    0.0001    0    10    0.4   0.005
0.3689    0.0001    0    10    0.45   0.005
0.3497    0.0001    0    10    0.5   0.005
0.3286    0.0001    0    10    0.55   0.005
0.3053    0.0001    0    10    0.6   0.005
0.2798    0.0001    0    10    0.65   0.005
0.2515    0.0001    0    10    0.7   0.005
0.2203    0.0001    0    10    0.75   0.005
0.1855    0.0001    0    10    0.8   0.005
0.1468    0.0001    0    10    0.85   0.005
0.1036    0.0001    0    10    0.9   0.005
0.0556    0.0001    0    10    0.95   0.005
0.0206    0.0001    0    10    0.99   0.005
0.0882    0.0001    0    10    -0.99   0.005
0.1734    0.0001    0    10    -0.95   0.005
0.2613    0.0001    0    10    -0.9   0.005
0.3269    0.0001    0    10    -0.85   0.005
0.3757    0.0001    0    10    -0.8   0.005
0.4128    0.0001    0    10    -0.75   0.005
0.4416    0.0001    0    10    -0.7   0.005
0.4639    0.0001    0    10    -0.65   0.005
0.4816    0.0001    0    10    -0.6   0.005
0.4954    0.0001    0    10    -0.55   0.005
0.5062    0.0001    0    10    -0.5   0.005
0.5145    0.0001    0    10    -0.45   0.005
0.5207    0.0001    0    10    -0.4   0.005
0.525    0.0001    0    10    -0.35   0.005
0.5277    0.0001    0    10    -0.3   0.005
0.529    0.0001    0    10    -0.25   0.005
0.529    0.0001    0    10    -0.2   0.005
0.5278    0.0001    0    10    -0.15   0.005
0.5254    0.0001    0    10    -0.1   0.005
0.5218    0.0001    0    10    -0.05   0.005
0.5172    0.0001    0    10    0   0.005
0.5115    0.0001    0    10    0.05   0.005
0.5046    0.0001    0    10    0.1   0.005
0.4966    0.0001    0    10    0.15   0.005
0.4873    0.0001    0    10    0.2   0.005
0.4767    0.0001    0    10    0.25   0.005
0.4648    0.0001    0    10    0.3   0.005
0.4514    0.0001    0    10    0.35   0.005
0.4363    0.0001    0    10    0.4   0.005
0.4193    0.0001    0    10    0.45   0.005
0.4005    0.0001    0    10    0.5   0.005
0.3792    0.0001    0    10    0.55   0.005
0.3555    0.0001    0    10    0.6   0.005
0.3288    0.0001    0    10    0.65   0.005
0.2986    0.0001    0    10    0.7   0.005
0.2644    0.0001    0    10    0.75   0.005
0.2255    0.0001    0    10    0.8   0.005
0.181    0.0001    0    10    0.85   0.005
0.1297    0.0001    0    10    0.9   0.005
0.0708    0.0001    0    10    0.95   0.005
0.0264    0.0001    0    10    0.99   0.005
0.0883    0.0001    0    10    -0.99   0.005
0.1747    0.0001    0    10    -0.95   0.005
0.2644    0.0001    0    10    -0.9   0.005
0.3317    0.0001    0    10    -0.85   0.005
0.3821    0.0001    0    10    -0.8   0.005
0.4208    0.0001    0    10    -0.75   0.005
0.451    0.0001    0    10    -0.7   0.005
0.4747    0.0001    0    10    -0.65   0.005
0.4938    0.0001    0    10    -0.6   0.005
0.5089    0.0001    0    10    -0.55   0.005
0.521    0.0001    0    10    -0.5   0.005
0.5305    0.0001    0    10    -0.45   0.005
0.538    0.0001    0    10    -0.4   0.005
0.5436    0.0001    0    10    -0.35   0.005
0.5475    0.0001    0    10    -0.3   0.005
0.5501    0.0001    0    10    -0.25   0.005
0.5514    0.0001    0    10    -0.2   0.005
0.5514    0.0001    0    10    -0.15   0.005
0.5503    0.0001    0    10    -0.1   0.005
0.548    0.0001    0    10    -0.05   0.005
0.5447    0.0001    0    10    0   0.005
0.5402    0.0001    0    10    0.05   0.005
0.5347    0.0001    0    10    0.1   0.005
0.5278    0.0001    0    10    0.15   0.005
0.5199    0.0001    0    10    0.2   0.005
0.5106    0.0001    0    10    0.25   0.005
0.4998    0.0001    0    10    0.3   0.005
0.4876    0.0001    0    10    0.35   0.005
0.4736    0.0001    0    10    0.4   0.005
0.4576    0.0001    0    10    0.45   0.005
0.4395    0.0001    0    10    0.5   0.005
0.419    0.0001    0    10    0.55   0.005
0.3955    0.0001    0    10    0.6   0.005
0.3686    0.0001    0    10    0.65   0.005
0.3377    0.0001    0    10    0.7   0.005
0.302    0.0001    0    10    0.75   0.005
0.2605    0.0001    0    10    0.8   0.005
0.2117    0.0001    0    10    0.85   0.005
0.1538    0.0001    0    10    0.9   0.005
0.0853    0.0001    0    10    0.95   0.005
0.032    0.0001    0    10    0.99   0.005
0.0894    0.0001    0    10    -0.99   0.005
0.1773    0.0001    0    10    -0.95   0.005
0.2688    0.0001    0    10    -0.9   0.005
0.3374    0.0001    0    10    -0.85   0.005
0.3888    0.0001    0    10    -0.8   0.005
0.4283    0.0001    0    10    -0.75   0.005
0.4593    0.0001    0    10    -0.7   0.005
0.4838    0.0001    0    10    -0.65   0.005
0.5036    0.0001    0    10    -0.6   0.005
0.5195    0.0001    0    10    -0.55   0.005
0.5323    0.0001    0    10    -0.5   0.005
0.5426    0.0001    0    10    -0.45   0.005
0.5508    0.0001    0    10    -0.4   0.005
0.5572    0.0001    0    10    -0.35   0.005
0.562    0.0001    0    10    -0.3   0.005
0.5654    0.0001    0    10    -0.25   0.005
0.5675    0.0001    0    10    -0.2   0.005
0.5684    0.0001    0    10    -0.15   0.005
0.5683    0.0001    0    10    -0.1   0.005
0.5669    0.0001    0    10    -0.05   0.005
0.5646    0.0001    0    10    0   0.005
0.5611    0.0001    0    10    0.05   0.005
0.5565    0.0001    0    10    0.1   0.005
0.5508    0.0001    0    10    0.15   0.005
0.5439    0.0001    0    10    0.2   0.005
0.5357    0.0001    0    10    0.25   0.005
0.5261    0.0001    0    10    0.3   0.005
0.5149    0.0001    0    10    0.35   0.005
0.5021    0.0001    0    10    0.4   0.005
0.4872    0.0001    0    10    0.45   0.005
0.47    0.0001    0    10    0.5   0.005
0.4502    0.0001    0    10    0.55   0.005
0.4274    0.0001    0    10    0.6   0.005
0.4008    0.0001    0    10    0.65   0.005
0.3699    0.0001    0    10    0.7   0.005
0.3335    0.0001    0    10    0.75   0.005
0.2904    0.0001    0    10    0.8   0.005
0.2386    0.0001    0    10    0.85   0.005
0.1756    0.0001    0    10    0.9   0.005
0.0989    0.0001    0    10    0.95   0.005
0.0373    0.0001    0    10    0.99   0.005
0.091    0.0001    0    10    -0.99   0.005
0.1809    0.0001    0    10    -0.95   0.005
0.274    0.0001    0    10    -0.9   0.005
0.3436    0.0001    0    10    -0.85   0.005
0.3957    0.0001    0    10    -0.8   0.005
0.4356    0.0001    0    10    -0.75   0.005
0.4669    0.0001    0    10    -0.7   0.005
0.4918    0.0001    0    10    -0.65   0.005
0.5118    0.0001    0    10    -0.6   0.005
0.528    0.0001    0    10    -0.55   0.005
0.5412    0.0001    0    10    -0.5   0.005
0.5519    0.0001    0    10    -0.45   0.005
0.5606    0.0001    0    10    -0.4   0.005
0.5674    0.0001    0    10    -0.35   0.005
0.5727    0.0001    0    10    -0.3   0.005
0.5765    0.0001    0    10    -0.25   0.005
0.5792    0.0001    0    10    -0.2   0.005
0.5807    0.0001    0    10    -0.15   0.005
0.5811    0.0001    0    10    -0.1   0.005
0.5805    0.0001    0    10    -0.05   0.005
0.5788    0.0001    0    10    0   0.005
0.5761    0.0001    0    10    0.05   0.005
0.5724    0.0001    0    10    0.1   0.005
0.5676    0.0001    0    10    0.15   0.005
0.5615    0.0001    0    10    0.2   0.005
0.5542    0.0001    0    10    0.25   0.005
0.5456    0.0001    0    10    0.3   0.005
0.5353    0.0001    0    10    0.35   0.005
0.5234    0.0001    0    10    0.4   0.005
0.5095    0.0001    0    10    0.45   0.005
0.4933    0.0001    0    10    0.5   0.005
0.4744    0.0001    0    10    0.55   0.005
0.4524    0.0001    0    10    0.6   0.005
0.4265    0.0001    0    10    0.65   0.005
0.3959    0.0001    0    10    0.7   0.005
0.3594    0.0001    0    10    0.75   0.005
0.3154    0.0001    0    10    0.8   0.005
0.2616    0.0001    0    10    0.85   0.005
0.1948    0.0001    0    10    0.9   0.005
0.1111    0.0001    0    10    0.95   0.005
0.0422    0.0001    0    10    0.99   0.005
0.0932    0.0001    0    10    -0.99   0.005
0.1852    0.0001    0    10    -0.95   0.005
0.28    0.0001    0    10    -0.9   0.005
0.3505    0.0001    0    10    -0.85   0.005
0.4028    0.0001    0    10    -0.8   0.005
0.4429    0.0001    0    10    -0.75   0.005
0.4743    0.0001    0    10    -0.7   0.005
0.4992    0.0001    0    10    -0.65   0.005
0.5192    0.0001    0    10    -0.6   0.005
0.5355    0.0001    0    10    -0.55   0.005
0.5488    0.0001    0    10    -0.5   0.005
0.5596    0.0001    0    10    -0.45   0.005
0.5683    0.0001    0    10    -0.4   0.005
0.5753    0.0001    0    10    -0.35   0.005
0.5808    0.0001    0    10    -0.3   0.005
0.585    0.0001    0    10    -0.25   0.005
0.5879    0.0001    0    10    -0.2   0.005
0.5898    0.0001    0    10    -0.15   0.005
0.5907    0.0001    0    10    -0.1   0.005
0.5905    0.0001    0    10    -0.05   0.005
0.5893    0.0001    0    10    0   0.005
0.5871    0.0001    0    10    0.05   0.005
0.584    0.0001    0    10    0.1   0.005
0.5798    0.0001    0    10    0.15   0.005
0.5744    0.0001    0    10    0.2   0.005
0.5679    0.0001    0    10    0.25   0.005
0.56    0.0001    0    10    0.3   0.005
0.5506    0.0001    0    10    0.35   0.005
0.5396    0.0001    0    10    0.4   0.005
0.5265    0.0001    0    10    0.45   0.005
0.5112    0.0001    0    10    0.5   0.005
0.4933    0.0001    0    10    0.55   0.005
0.472    0.0001    0    10    0.6   0.005
0.4469    0.0001    0    10    0.65   0.005
0.4168    0.0001    0    10    0.7   0.005
0.3805    0.0001    0    10    0.75   0.005
0.3362    0.0001    0    10    0.8   0.005
0.2812    0.0001    0    10    0.85   0.005
0.2114    0.0001    0    10    0.9   0.005
0.1221    0.0001    0    10    0.95   0.005
0.0467    0.0001    0    10    0.99   0.005
0.0955    0.0001    0    10    -0.99   0.005
0.19    0.0001    0    10    -0.95   0.005
0.2865    0.0001    0    10    -0.9   0.005
0.3576    0.0001    0    10    -0.85   0.005
0.4101    0.0001    0    10    -0.8   0.005
0.4502    0.0001    0    10    -0.75   0.005
0.4814    0.0001    0    10    -0.7   0.005
0.5062    0.0001    0    10    -0.65   0.005
0.5261    0.0001    0    10    -0.6   0.005
0.5422    0.0001    0    10    -0.55   0.005
0.5553    0.0001    0    10    -0.5   0.005
0.566    0.0001    0    10    -0.45   0.005
0.5748    0.0001    0    10    -0.4   0.005
0.5818    0.0001    0    10    -0.35   0.005
0.5874    0.0001    0    10    -0.3   0.005
0.5917    0.0001    0    10    -0.25   0.005
0.5949    0.0001    0    10    -0.2   0.005
0.597    0.0001    0    10    -0.15   0.005
0.598    0.0001    0    10    -0.1   0.005
0.5981    0.0001    0    10    -0.05   0.005
0.5973    0.0001    0    10    0   0.005
0.5955    0.0001    0    10    0.05   0.005
0.5928    0.0001    0    10    0.1   0.005
0.5892    0.0001    0    10    0.15   0.005
0.5844    0.0001    0    10    0.2   0.005
0.5784    0.0001    0    10    0.25   0.005
0.5712    0.0001    0    10    0.3   0.005
0.5625    0.0001    0    10    0.35   0.005
0.5523    0.0001    0    10    0.4   0.005
0.54    0.0001    0    10    0.45   0.005
0.5256    0.0001    0    10    0.5   0.005
0.5085    0.0001    0    10    0.55   0.005
0.4881    0.0001    0    10    0.6   0.005
0.4637    0.0001    0    10    0.65   0.005
0.4343    0.0001    0    10    0.7   0.005
0.3985    0.0001    0    10    0.75   0.005
0.3541    0.0001    0    10    0.8   0.005
0.2982    0.0001    0    10    0.85   0.005
0.2262    0.0001    0    10    0.9   0.005
0.1321    0.0001    0    10    0.95   0.005
0.0508    0.0001    0    10    0.99   0.005
0.098    0.0001    0    10    -0.99   0.005
0.195    0.0001    0    10    -0.95   0.005
0.2932    0.0001    0    10    -0.9   0.005
0.3649    0.0001    0    10    -0.85   0.005
0.4176    0.0001    0    10    -0.8   0.005
0.4575    0.0001    0    10    -0.75   0.005
0.4885    0.0001    0    10    -0.7   0.005
0.513    0.0001    0    10    -0.65   0.005
0.5326    0.0001    0    10    -0.6   0.005
0.5485    0.0001    0    10    -0.55   0.005
0.5614    0.0001    0    10    -0.5   0.005
0.572    0.0001    0    10    -0.45   0.005
0.5806    0.0001    0    10    -0.4   0.005
0.5876    0.0001    0    10    -0.35   0.005
0.5931    0.0001    0    10    -0.3   0.005
0.5974    0.0001    0    10    -0.25   0.005
0.6006    0.0001    0    10    -0.2   0.005
0.6028    0.0001    0    10    -0.15   0.005
0.604    0.0001    0    10    -0.1   0.005
0.6043    0.0001    0    10    -0.05   0.005
0.6038    0.0001    0    10    0   0.005
0.6023    0.0001    0    10    0.05   0.005
0.6001    0.0001    0    10    0.1   0.005
0.5967    0.0001    0    10    0.15   0.005
0.5924    0.0001    0    10    0.2   0.005
0.587    0.0001    0    10    0.25   0.005
0.5803    0.0001    0    10    0.3   0.005
0.5723    0.0001    0    10    0.35   0.005
0.5627    0.0001    0    10    0.4   0.005
0.5512    0.0001    0    10    0.45   0.005
0.5376    0.0001    0    10    0.5   0.005
0.5213    0.0001    0    10    0.55   0.005
0.5018    0.0001    0    10    0.6   0.005
0.4783    0.0001    0    10    0.65   0.005
0.4496    0.0001    0    10    0.7   0.005
0.4143    0.0001    0    10    0.75   0.005
0.3701    0.0001    0    10    0.8   0.005
0.3138    0.0001    0    10    0.85   0.005
0.24    0.0001    0    10    0.9   0.005
0.1416    0.0001    0    10    0.95   0.005
0.0548    0.0001    0    10    0.99   0.005
0.1005    0.0001    0    10    -0.99   0.005
0.2    0.0001    0    10    -0.95   0.005
0.3001    0.0001    0    10    -0.9   0.005
0.3724    0.0001    0    10    -0.85   0.005
0.4252    0.0001    0    10    -0.8   0.005
0.465    0.0001    0    10    -0.75   0.005
0.4957    0.0001    0    10    -0.7   0.005
0.5199    0.0001    0    10    -0.65   0.005
0.5393    0.0001    0    10    -0.6   0.005
0.5549    0.0001    0    10    -0.55   0.005
0.5676    0.0001    0    10    -0.5   0.005
0.578    0.0001    0    10    -0.45   0.005
0.5864    0.0001    0    10    -0.4   0.005
0.5933    0.0001    0    10    -0.35   0.005
0.5987    0.0001    0    10    -0.3   0.005
0.6029    0.0001    0    10    -0.25   0.005
0.6061    0.0001    0    10    -0.2   0.005
0.6083    0.0001    0    10    -0.15   0.005
0.6097    0.0001    0    10    -0.1   0.005
0.6102    0.0001    0    10    -0.05   0.005
0.6098    0.0001    0    10    0   0.005
0.6086    0.0001    0    10    0.05   0.005
0.6065    0.0001    0    10    0.1   0.005
0.6036    0.0001    0    10    0.15   0.005
0.5996    0.0001    0    10    0.2   0.005
0.5947    0.0001    0    10    0.25   0.005
0.5886    0.0001    0    10    0.3   0.005
0.5811    0.0001    0    10    0.35   0.005
0.5723    0.0001    0    10    0.4   0.005
0.5615    0.0001    0    10    0.45   0.005
0.5487    0.0001    0    10    0.5   0.005
0.5332    0.0001    0    10    0.55   0.005
0.5146    0.0001    0    10    0.6   0.005
0.4919    0.0001    0    10    0.65   0.005
0.4641    0.0001    0    10    0.7   0.005
0.4294    0.0001    0    10    0.75   0.005
0.3855    0.0001    0    10    0.8   0.005
0.3288    0.0001    0    10    0.85   0.005
0.2535    0.0001    0    10    0.9   0.005
0.1511    0.0001    0    10    0.95   0.005
0.0588    0.0001    0    10    0.99   0.005
0.1029    0.0001    0    10    -0.99   0.005
0.2051    0.0001    0    10    -0.95   0.005
0.307    0.0001    0    10    -0.9   0.005
0.3801    0.0001    0    10    -0.85   0.005
0.4331    0.0001    0    10    -0.8   0.005
0.4728    0.0001    0    10    -0.75   0.005
0.5033    0.0001    0    10    -0.7   0.005
0.5273    0.0001    0    10    -0.65   0.005
0.5464    0.0001    0    10    -0.6   0.005
0.5617    0.0001    0    10    -0.55   0.005
0.5742    0.0001    0    10    -0.5   0.005
0.5843    0.0001    0    10    -0.45   0.005
0.5926    0.0001    0    10    -0.4   0.005
0.5993    0.0001    0    10    -0.35   0.005
0.6046    0.0001    0    10    -0.3   0.005
0.6088    0.0001    0    10    -0.25   0.005
0.6119    0.0001    0    10    -0.2   0.005
0.6141    0.0001    0    10    -0.15   0.005
0.6155    0.0001    0    10    -0.1   0.005
0.6161    0.0001    0    10    -0.05   0.005
0.6159    0.0001    0    10    0   0.005
0.6149    0.0001    0    10    0.05   0.005
0.6131    0.0001    0    10    0.1   0.005
0.6104    0.0001    0    10    0.15   0.005
0.6069    0.0001    0    10    0.2   0.005
0.6024    0.0001    0    10    0.25   0.005
0.5968    0.0001    0    10    0.3   0.005
0.59    0.0001    0    10    0.35   0.005
0.5817    0.0001    0    10    0.4   0.005
0.5717    0.0001    0    10    0.45   0.005
0.5597    0.0001    0    10    0.5   0.005
0.5451    0.0001    0    10    0.55   0.005
0.5274    0.0001    0    10    0.6   0.005
0.5056    0.0001    0    10    0.65   0.005
0.4786    0.0001    0    10    0.7   0.005
0.4447    0.0001    0    10    0.75   0.005
0.4014    0.0001    0    10    0.8   0.005
0.3445    0.0001    0    10    0.85   0.005
0.2676    0.0001    0    10    0.9   0.005
0.1613    0.0001    0    10    0.95   0.005
0.0632    0.0001    0    10    0.99   0.005
0.105    0.0001    0    10    -0.99   0.005
0.2099    0.0001    0    10    -0.95   0.005
0.3139    0.0001    0    10    -0.9   0.005
0.3878    0.0001    0    10    -0.85   0.005
0.4411    0.0001    0    10    -0.8   0.005
0.4809    0.0001    0    10    -0.75   0.005
0.5113    0.0001    0    10    -0.7   0.005
0.5351    0.0001    0    10    -0.65   0.005
0.554    0.0001    0    10    -0.6   0.005
0.5691    0.0001    0    10    -0.55   0.005
0.5814    0.0001    0    10    -0.5   0.005
0.5913    0.0001    0    10    -0.45   0.005
0.5994    0.0001    0    10    -0.4   0.005
0.606    0.0001    0    10    -0.35   0.005
0.6112    0.0001    0    10    -0.3   0.005
0.6152    0.0001    0    10    -0.25   0.005
0.6183    0.0001    0    10    -0.2   0.005
0.6205    0.0001    0    10    -0.15   0.005
0.6219    0.0001    0    10    -0.1   0.005
0.6226    0.0001    0    10    -0.05   0.005
0.6225    0.0001    0    10    0   0.005
0.6217    0.0001    0    10    0.05   0.005
0.62    0.0001    0    10    0.1   0.005
0.6177    0.0001    0    10    0.15   0.005
0.6146    0.0001    0    10    0.2   0.005
0.6105    0.0001    0    10    0.25   0.005
0.6055    0.0001    0    10    0.3   0.005
0.5991    0.0001    0    10    0.35   0.005
0.5916    0.0001    0    10    0.4   0.005
0.5823    0.0001    0    10    0.45   0.005
0.5711    0.0001    0    10    0.5   0.005
0.5574    0.0001    0    10    0.55   0.005
0.5406    0.0001    0    10    0.6   0.005
0.52    0.0001    0    10    0.65   0.005
0.494    0.0001    0    10    0.7   0.005
0.4611    0.0001    0    10    0.75   0.005
0.4183    0.0001    0    10    0.8   0.005
0.3614    0.0001    0    10    0.85   0.005
0.2832    0.0001    0    10    0.9   0.005
0.1724    0.0001    0    10    0.95   0.005
0.068    0.0001    0    10    0.99   0.005
0.1069    0.0001    0    10    -0.99   0.005
0.2145    0.0001    0    10    -0.95   0.005
0.3206    0.0001    0    10    -0.9   0.005
0.3957    0.0001    0    10    -0.85   0.005
0.4496    0.0001    0    10    -0.8   0.005
0.4896    0.0001    0    10    -0.75   0.005
0.5202    0.0001    0    10    -0.7   0.005
0.5439    0.0001    0    10    -0.65   0.005
0.5627    0.0001    0    10    -0.6   0.005
0.5778    0.0001    0    10    -0.55   0.005
0.5899    0.0001    0    10    -0.5   0.005
0.5998    0.0001    0    10    -0.45   0.005
0.6077    0.0001    0    10    -0.4   0.005
0.6141    0.0001    0    10    -0.35   0.005
0.6192    0.0001    0    10    -0.3   0.005
0.6232    0.0001    0    10    -0.25   0.005
0.6262    0.0001    0    10    -0.2   0.005
0.6284    0.0001    0    10    -0.15   0.005
0.6299    0.0001    0    10    -0.1   0.005
0.6306    0.0001    0    10    -0.05   0.005
0.6306    0.0001    0    10    0   0.005
0.63    0.0001    0    10    0.05   0.005
0.6286    0.0001    0    10    0.1   0.005
0.6266    0.0001    0    10    0.15   0.005
0.6238    0.0001    0    10    0.2   0.005
0.6202    0.0001    0    10    0.25   0.005
0.6157    0.0001    0    10    0.3   0.005
0.61    0.0001    0    10    0.35   0.005
0.603    0.0001    0    10    0.4   0.005
0.5946    0.0001    0    10    0.45   0.005
0.5843    0.0001    0    10    0.5   0.005
0.5715    0.0001    0    10    0.55   0.005
0.5559    0.0001    0    10    0.6   0.005
0.5362    0.0001    0    10    0.65   0.005
0.5114    0.0001    0    10    0.7   0.005
0.4795    0.0001    0    10    0.75   0.005
0.4375    0.0001    0    10    0.8   0.005
0.3806    0.0001    0    10    0.85   0.005
0.3009    0.0001    0    10    0.9   0.005
0.1855    0.0001    0    10    0.95   0.005
0.0737    0.0001    0    10    0.99   0.005
0.1082    0.0001    0    10    -0.99   0.005
0.2183    0.0001    0    10    -0.95   0.005
0.3268    0.0001    0    10    -0.9   0.005
0.4034    0.0001    0    10    -0.85   0.005
0.4582    0.0001    0    10    -0.8   0.005
0.4988    0.0001    0    10    -0.75   0.005
0.5297    0.0001    0    10    -0.7   0.005
0.5537    0.0001    0    10    -0.65   0.005
0.5725    0.0001    0    10    -0.6   0.005
0.5877    0.0001    0    10    -0.55   0.005
0.5998    0.0001    0    10    -0.5   0.005
0.6096    0.0001    0    10    -0.45   0.005
0.6175    0.0001    0    10    -0.4   0.005
0.6239    0.0001    0    10    -0.35   0.005
0.6289    0.0001    0    10    -0.3   0.005
0.6329    0.0001    0    10    -0.25   0.005
0.636    0.0001    0    10    -0.2   0.005
0.6382    0.0001    0    10    -0.15   0.005
0.6397    0.0001    0    10    -0.1   0.005
0.6405    0.0001    0    10    -0.05   0.005
0.6407    0.0001    0    10    0   0.005
0.6402    0.0001    0    10    0.05   0.005
0.6391    0.0001    0    10    0.1   0.005
0.6374    0.0001    0    10    0.15   0.005
0.6351    0.0001    0    10    0.2   0.005
0.6319    0.0001    0    10    0.25   0.005
0.6279    0.0001    0    10    0.3   0.005
0.6229    0.0001    0    10    0.35   0.005
0.6167    0.0001    0    10    0.4   0.005
0.609    0.0001    0    10    0.45   0.005
0.5996    0.0001    0    10    0.5   0.005
0.588    0.0001    0    10    0.55   0.005
0.5734    0.0001    0    10    0.6   0.005
0.5549    0.0001    0    10    0.65   0.005
0.5313    0.0001    0    10    0.7   0.005
0.5004    0.0001    0    10    0.75   0.005
0.4592    0.0001    0    10    0.8   0.005
0.4023    0.0001    0    10    0.85   0.005
0.3209    0.0001    0    10    0.9   0.005
0.2003    0.0001    0    10    0.95   0.005
0.0802    0.0001    0    10    0.99   0.005
0.1086    0.0001    0    10    -0.99   0.005
0.2208    0.0001    0    10    -0.95   0.005
0.3316    0.0001    0    10    -0.9   0.005
0.41    0.0001    0    10    -0.85   0.005
0.4662    0.0001    0    10    -0.8   0.005
0.5077    0.0001    0    10    -0.75   0.005
0.5393    0.0001    0    10    -0.7   0.005
0.5638    0.0001    0    10    -0.65   0.005
0.5831    0.0001    0    10    -0.6   0.005
0.5985    0.0001    0    10    -0.55   0.005
0.6108    0.0001    0    10    -0.5   0.005
0.6207    0.0001    0    10    -0.45   0.005
0.6287    0.0001    0    10    -0.4   0.005
0.6351    0.0001    0    10    -0.35   0.005
0.6403    0.0001    0    10    -0.3   0.005
0.6444    0.0001    0    10    -0.25   0.005
0.6475    0.0001    0    10    -0.2   0.005
0.6498    0.0001    0    10    -0.15   0.005
0.6514    0.0001    0    10    -0.1   0.005
0.6524    0.0001    0    10    -0.05   0.005
0.6528    0.0001    0    10    0   0.005
0.6526    0.0001    0    10    0.05   0.005
0.6519    0.0001    0    10    0.1   0.005
0.6505    0.0001    0    10    0.15   0.005
0.6485    0.0001    0    10    0.2   0.005
0.6459    0.0001    0    10    0.25   0.005
0.6425    0.0001    0    10    0.3   0.005
0.6381    0.0001    0    10    0.35   0.005
0.6327    0.0001    0    10    0.4   0.005
0.6259    0.0001    0    10    0.45   0.005
0.6175    0.0001    0    10    0.5   0.005
0.6069    0.0001    0    10    0.55   0.005
0.5935    0.0001    0    10    0.6   0.005
0.5762    0.0001    0    10    0.65   0.005
0.5538    0.0001    0    10    0.7   0.005
0.524    0.0001    0    10    0.75   0.005
0.4834    0.0001    0    10    0.8   0.005
0.4265    0.0001    0    10    0.85   0.005
0.3432    0.0001    0    10    0.9   0.005
0.2166    0.0001    0    10    0.95   0.005
0.0873    0.0001    0    10    0.99   0.005
0.1078    0.0001    0    10    -0.99   0.005
0.221    0.0001    0    10    -0.95   0.005
0.334    0.0001    0    10    -0.9   0.005
0.4145    0.0001    0    10    -0.85   0.005
0.4724    0.0001    0    10    -0.8   0.005
0.5153    0.0001    0    10    -0.75   0.005
0.5481    0.0001    0    10    -0.7   0.005
0.5735    0.0001    0    10    -0.65   0.005
0.5934    0.0001    0    10    -0.6   0.005
0.6093    0.0001    0    10    -0.55   0.005
0.6221    0.0001    0    10    -0.5   0.005
0.6323    0.0001    0    10    -0.45   0.005
0.6406    0.0001    0    10    -0.4   0.005
0.6473    0.0001    0    10    -0.35   0.005
0.6527    0.0001    0    10    -0.3   0.005
0.6569    0.0001    0    10    -0.25   0.005
0.6603    0.0001    0    10    -0.2   0.005
0.6628    0.0001    0    10    -0.15   0.005
0.6646    0.0001    0    10    -0.1   0.005
0.6659    0.0001    0    10    -0.05   0.005
0.6665    0.0001    0    10    0   0.005
0.6666    0.0001    0    10    0.05   0.005
0.6663    0.0001    0    10    0.1   0.005
0.6653    0.0001    0    10    0.15   0.005
0.6639    0.0001    0    10    0.2   0.005
0.6618    0.0001    0    10    0.25   0.005
0.6591    0.0001    0    10    0.3   0.005
0.6555    0.0001    0    10    0.35   0.005
0.6509    0.0001    0    10    0.4   0.005
0.6451    0.0001    0    10    0.45   0.005
0.6376    0.0001    0    10    0.5   0.005
0.6282    0.0001    0    10    0.55   0.005
0.6159    0.0001    0    10    0.6   0.005
0.5999    0.0001    0    10    0.65   0.005
0.5786    0.0001    0    10    0.7   0.005
0.5497    0.0001    0    10    0.75   0.005
0.5096    0.0001    0    10    0.8   0.005
0.4522    0.0001    0    10    0.85   0.005
0.3666    0.0001    0    10    0.9   0.005
0.2334    0.0001    0    10    0.95   0.005
0.0945    0.0001    0    10    0.99   0.005
0.1051    0.0001    0    10    -0.99   0.005
0.218    0.0001    0    10    -0.95   0.005
0.3326    0.0001    0    10    -0.9   0.005
0.4154    0.0001    0    10    -0.85   0.005
0.4755    0.0001    0    10    -0.8   0.005
0.5204    0.0001    0    10    -0.75   0.005
0.5548    0.0001    0    10    -0.7   0.005
0.5815    0.0001    0    10    -0.65   0.005
0.6025    0.0001    0    10    -0.6   0.005
0.6194    0.0001    0    10    -0.55   0.005
0.6329    0.0001    0    10    -0.5   0.005
0.6437    0.0001    0    10    -0.45   0.005
0.6525    0.0001    0    10    -0.4   0.005
0.6597    0.0001    0    10    -0.35   0.005
0.6654    0.0001    0    10    -0.3   0.005
0.67    0.0001    0    10    -0.25   0.005
0.6737    0.0001    0    10    -0.2   0.005
0.6766    0.0001    0    10    -0.15   0.005
0.6788    0.0001    0    10    -0.1   0.005
0.6804    0.0001    0    10    -0.05   0.005
0.6815    0.0001    0    10    0   0.005
0.6821    0.0001    0    10    0.05   0.005
0.6823    0.0001    0    10    0.1   0.005
0.6819    0.0001    0    10    0.15   0.005
0.681    0.0001    0    10    0.2   0.005
0.6797    0.0001    0    10    0.25   0.005
0.6777    0.0001    0    10    0.3   0.005
0.6749    0.0001    0    10    0.35   0.005
0.6713    0.0001    0    10    0.4   0.005
0.6665    0.0001    0    10    0.45   0.005
0.6602    0.0001    0    10    0.5   0.005
0.6518    0.0001    0    10    0.55   0.005
0.6407    0.0001    0    10    0.6   0.005
0.6258    0.0001    0    10    0.65   0.005
0.6054    0.0001    0    10    0.7   0.005
0.5773    0.0001    0    10    0.75   0.005
0.5372    0.0001    0    10    0.8   0.005
0.4787    0.0001    0    10    0.85   0.005
0.3898    0.0001    0    10    0.9   0.005
0.2494    0.0001    0    10    0.95   0.005
0.1011    0.0001    0    10    0.99   0.005
0.1004    0.0001    0    10    -0.99   0.005
0.2111    0.0001    0    10    -0.95   0.005
0.3264    0.0001    0    10    -0.9   0.005
0.4115    0.0001    0    10    -0.85   0.005
0.4743    0.0001    0    10    -0.8   0.005
0.5217    0.0001    0    10    -0.75   0.005
0.5582    0.0001    0    10    -0.7   0.005
0.5868    0.0001    0    10    -0.65   0.005
0.6095    0.0001    0    10    -0.6   0.005
0.6276    0.0001    0    10    -0.55   0.005
0.6423    0.0001    0    10    -0.5   0.005
0.6541    0.0001    0    10    -0.45   0.005
0.6637    0.0001    0    10    -0.4   0.005
0.6716    0.0001    0    10    -0.35   0.005
0.678    0.0001    0    10    -0.3   0.005
0.6832    0.0001    0    10    -0.25   0.005
0.6875    0.0001    0    10    -0.2   0.005
0.6909    0.0001    0    10    -0.15   0.005
0.6937    0.0001    0    10    -0.1   0.005
0.6958    0.0001    0    10    -0.05   0.005
0.6975    0.0001    0    10    0   0.005
0.6988    0.0001    0    10    0.05   0.005
0.6996    0.0001    0    10    0.1   0.005
0.7    0.0001    0    10    0.15   0.005
0.7    0.0001    0    10    0.2   0.005
0.6995    0.0001    0    10    0.25   0.005
0.6985    0.0001    0    10    0.3   0.005
0.6968    0.0001    0    10    0.35   0.005
0.6941    0.0001    0    10    0.4   0.005
0.6904    0.0001    0    10    0.45   0.005
0.6853    0.0001    0    10    0.5   0.005
0.6781    0.0001    0    10    0.55   0.005
0.6681    0.0001    0    10    0.6   0.005
0.6541    0.0001    0    10    0.65   0.005
0.6344    0.0001    0    10    0.7   0.005
0.6064    0.0001    0    10    0.75   0.005
0.5656    0.0001    0    10    0.8   0.005
0.5049    0.0001    0    10    0.85   0.005
0.4116    0.0001    0    10    0.9   0.005
0.2632    0.0001    0    10    0.95   0.005
0.1065    0.0001    0    10    0.99   0.005
0.0939    0.0001    0    10    -0.99   0.005
0.2003    0.0001    0    10    -0.95   0.005
0.3151    0.0001    0    10    -0.9   0.005
0.4022    0.0001    0    10    -0.85   0.005
0.4678    0.0001    0    10    -0.8   0.005
0.5182    0.0001    0    10    -0.75   0.005
0.5576    0.0001    0    10    -0.7   0.005
0.5887    0.0001    0    10    -0.65   0.005
0.6135    0.0001    0    10    -0.6   0.005
0.6336    0.0001    0    10    -0.55   0.005
0.6498    0.0001    0    10    -0.5   0.005
0.663    0.0001    0    10    -0.45   0.005
0.6739    0.0001    0    10    -0.4   0.005
0.6827    0.0001    0    10    -0.35   0.005
0.6901    0.0001    0    10    -0.3   0.005
0.6962    0.0001    0    10    -0.25   0.005
0.7013    0.0001    0    10    -0.2   0.005
0.7056    0.0001    0    10    -0.15   0.005
0.7092    0.0001    0    10    -0.1   0.005
0.7122    0.0001    0    10    -0.05   0.005
0.7146    0.0001    0    10    0   0.005
0.7168    0.0001    0    10    0.05   0.005
0.7186    0.0001    0    10    0.1   0.005
0.7199    0.0001    0    10    0.15   0.005
0.7209    0.0001    0    10    0.2   0.005
0.7215    0.0001    0    10    0.25   0.005
0.7215    0.0001    0    10    0.3   0.005
0.721    0.0001    0    10    0.35   0.005
0.7197    0.0001    0    10    0.4   0.005
0.7171    0.0001    0    10    0.45   0.005
0.7132    0.0001    0    10    0.5   0.005
0.7071    0.0001    0    10    0.55   0.005
0.698    0.0001    0    10    0.6   0.005
0.6846    0.0001    0    10    0.65   0.005
0.6651    0.0001    0    10    0.7   0.005
0.6365    0.0001    0    10    0.75   0.005
0.594    0.0001    0    10    0.8   0.005
0.53    0.0001    0    10    0.85   0.005
0.4309    0.0001    0    10    0.9   0.005
0.2739    0.0001    0    10    0.95   0.005
0.1103    0.0001    0    10    0.99   0.005
0.0859    0.0001    0    10    -0.99   0.005
0.186    0.0001    0    10    -0.95   0.005
0.2985    0.0001    0    10    -0.9   0.005
0.387    0.0001    0    10    -0.85   0.005
0.4556    0.0001    0    10    -0.8   0.005
0.5096    0.0001    0    10    -0.75   0.005
0.5523    0.0001    0    10    -0.7   0.005
0.5865    0.0001    0    10    -0.65   0.005
0.6142    0.0001    0    10    -0.6   0.005
0.6366    0.0001    0    10    -0.55   0.005
0.655    0.0001    0    10    -0.5   0.005
0.6701    0.0001    0    10    -0.45   0.005
0.6825    0.0001    0    10    -0.4   0.005
0.6929    0.0001    0    10    -0.35   0.005
0.7016    0.0001    0    10    -0.3   0.005
0.709    0.0001    0    10    -0.25   0.005
0.7152    0.0001    0    10    -0.2   0.005
0.7206    0.0001    0    10    -0.15   0.005
0.7252    0.0001    0    10    -0.1   0.005
0.7293    0.0001    0    10    -0.05   0.005
0.7329    0.0001    0    10    0   0.005
0.7361    0.0001    0    10    0.05   0.005
0.739    0.0001    0    10    0.1   0.005
0.7415    0.0001    0    10    0.15   0.005
0.7438    0.0001    0    10    0.2   0.005
0.7456    0.0001    0    10    0.25   0.005
0.7469    0.0001    0    10    0.3   0.005
0.7477    0.0001    0    10    0.35   0.005
0.7476    0.0001    0    10    0.4   0.005
0.7463    0.0001    0    10    0.45   0.005
0.7434    0.0001    0    10    0.5   0.005
0.7383    0.0001    0    10    0.55   0.005
0.7297    0.0001    0    10    0.6   0.005
0.7166    0.0001    0    10    0.65   0.005
0.6964    0.0001    0    10    0.7   0.005
0.6662    0.0001    0    10    0.75   0.005
0.6209    0.0001    0    10    0.8   0.005
0.5522    0.0001    0    10    0.85   0.005
0.4466    0.0001    0    10    0.9   0.005
0.2809    0.0001    0    10    0.95   0.005
0.1124    0.0001    0    10    0.99   0.005
0.0769    0.0001    0    10    -0.99   0.005
0.1692    0.0001    0    10    -0.95   0.005
0.2776    0.0001    0    10    -0.9   0.005
0.3666    0.0001    0    10    -0.85   0.005
0.4379    0.0001    0    10    -0.8   0.005
0.4955    0.0001    0    10    -0.75   0.005
0.5421    0.0001    0    10    -0.7   0.005
0.5801    0.0001    0    10    -0.65   0.005
0.6112    0.0001    0    10    -0.6   0.005
0.6366    0.0001    0    10    -0.55   0.005
0.6577    0.0001    0    10    -0.5   0.005
0.6753    0.0001    0    10    -0.45   0.005
0.6898    0.0001    0    10    -0.4   0.005
0.7021    0.0001    0    10    -0.35   0.005
0.7125    0.0001    0    10    -0.3   0.005
0.7215    0.0001    0    10    -0.25   0.005
0.7291    0.0001    0    10    -0.2   0.005
0.7359    0.0001    0    10    -0.15   0.005
0.7419    0.0001    0    10    -0.1   0.005
0.7473    0.0001    0    10    -0.05   0.005
0.7521    0.0001    0    10    0   0.005
0.7567    0.0001    0    10    0.05   0.005
0.7608    0.0001    0    10    0.1   0.005
0.7646    0.0001    0    10    0.15   0.005
0.7681    0.0001    0    10    0.2   0.005
0.7712    0.0001    0    10    0.25   0.005
0.7739    0.0001    0    10    0.3   0.005
0.7759    0.0001    0    10    0.35   0.005
0.7769    0.0001    0    10    0.4   0.005
0.7767    0.0001    0    10    0.45   0.005
0.7745    0.0001    0    10    0.5   0.005
0.7698    0.0001    0    10    0.55   0.005
0.7612    0.0001    0    10    0.6   0.005
0.7473    0.0001    0    10    0.65   0.005
0.7256    0.0001    0    10    0.7   0.005
0.6927    0.0001    0    10    0.75   0.005
0.6433    0.0001    0    10    0.8   0.005
0.5692    0.0001    0    10    0.85   0.005
0.4567    0.0001    0    10    0.9   0.005
0.2841    0.0001    0    10    0.95   0.005
0.113    0.0001    0    10    0.99   0.005
0.0678    0.0001    0    10    -0.99   0.005
0.1515    0.0001    0    10    -0.95   0.005
0.2543    0.0001    0    10    -0.9   0.005
0.3425    0.0001    0    10    -0.85   0.005
0.416    0.0001    0    10    -0.8   0.005
0.4771    0.0001    0    10    -0.75   0.005
0.5278    0.0001    0    10    -0.7   0.005
0.5699    0.0001    0    10    -0.65   0.005
0.605    0.0001    0    10    -0.6   0.005
0.6341    0.0001    0    10    -0.55   0.005
0.6585    0.0001    0    10    -0.5   0.005
0.6788    0.0001    0    10    -0.45   0.005
0.6961    0.0001    0    10    -0.4   0.005
0.7106    0.0001    0    10    -0.35   0.005
0.7231    0.0001    0    10    -0.3   0.005
0.7339    0.0001    0    10    -0.25   0.005
0.7433    0.0001    0    10    -0.2   0.005
0.7516    0.0001    0    10    -0.15   0.005
0.759    0.0001    0    10    -0.1   0.005
0.7657    0.0001    0    10    -0.05   0.005
0.772    0.0001    0    10    0   0.005
0.7777    0.0001    0    10    0.05   0.005
0.783    0.0001    0    10    0.1   0.005
0.788    0.0001    0    10    0.15   0.005
0.7926    0.0001    0    10    0.2   0.005
0.7967    0.0001    0    10    0.25   0.005
0.8003    0.0001    0    10    0.3   0.005
0.8031    0.0001    0    10    0.35   0.005
0.8047    0.0001    0    10    0.4   0.005
0.8048    0.0001    0    10    0.45   0.005
0.8027    0.0001    0    10    0.5   0.005
0.7975    0.0001    0    10    0.55   0.005
0.7879    0.0001    0    10    0.6   0.005
0.7722    0.0001    0    10    0.65   0.005
0.7478    0.0001    0    10    0.7   0.005
0.7113    0.0001    0    10    0.75   0.005
0.6573    0.0001    0    10    0.8   0.005
0.5778    0.0001    0    10    0.85   0.005
0.4599    0.0001    0    10    0.9   0.005
0.2832    0.0001    0    10    0.95   0.005
0.1122    0.0001    0    10    0.99   0.005
0.0594    0.0001    0    10    -0.99   0.005
0.1343    0.0001    0    10    -0.95   0.005
0.2305    0.0001    0    10    -0.9   0.005
0.3169    0.0001    0    10    -0.85   0.005
0.3917    0.0001    0    10    -0.8   0.005
0.456    0.0001    0    10    -0.75   0.005
0.5108    0.0001    0    10    -0.7   0.005
0.5573    0.0001    0    10    -0.65   0.005
0.5967    0.0001    0    10    -0.6   0.005
0.6299    0.0001    0    10    -0.55   0.005
0.658    0.0001    0    10    -0.5   0.005
0.6818    0.0001    0    10    -0.45   0.005
0.7019    0.0001    0    10    -0.4   0.005
0.719    0.0001    0    10    -0.35   0.005
0.7338    0.0001    0    10    -0.3   0.005
0.7464    0.0001    0    10    -0.25   0.005
0.7576    0.0001    0    10    -0.2   0.005
0.7673    0.0001    0    10    -0.15   0.005
0.776    0.0001    0    10    -0.1   0.005
0.7838    0.0001    0    10    -0.05   0.005
0.791    0.0001    0    10    0   0.005
0.7976    0.0001    0    10    0.05   0.005
0.8036    0.0001    0    10    0.1   0.005
0.8091    0.0001    0    10    0.15   0.005
0.8141    0.0001    0    10    0.2   0.005
0.8185    0.0001    0    10    0.25   0.005
0.8222    0.0001    0    10    0.3   0.005
0.8247    0.0001    0    10    0.35   0.005
0.826    0.0001    0    10    0.4   0.005
0.8252    0.0001    0    10    0.45   0.005
0.8219    0.0001    0    10    0.5   0.005
0.815    0.0001    0    10    0.55   0.005
0.8031    0.0001    0    10    0.6   0.005
0.7845    0.0001    0    10    0.65   0.005
0.7567    0.0001    0    10    0.7   0.005
0.7162    0.0001    0    10    0.75   0.005
0.6581    0.0001    0    10    0.8   0.005
0.5747    0.0001    0    10    0.85   0.005
0.4541    0.0001    0    10    0.9   0.005
0.2774    0.0001    0    10    0.95   0.005
0.1098    0.0001    0    10    0.99   0.005
0.0524    0.0001    0    10    -0.99   0.005
0.1196    0.0001    0    10    -0.95   0.005
0.2093    0.0001    0    10    -0.9   0.005
0.2932    0.0001    0    10    -0.85   0.005
0.3686    0.0001    0    10    -0.8   0.005
0.4356    0.0001    0    10    -0.75   0.005
0.4942    0.0001    0    10    -0.7   0.005
0.5452    0.0001    0    10    -0.65   0.005
0.589    0.0001    0    10    -0.6   0.005
0.6266    0.0001    0    10    -0.55   0.005
0.6586    0.0001    0    10    -0.5   0.005
0.6859    0.0001    0    10    -0.45   0.005
0.7091    0.0001    0    10    -0.4   0.005
0.7287    0.0001    0    10    -0.35   0.005
0.7456    0.0001    0    10    -0.3   0.005
0.7599    0.0001    0    10    -0.25   0.005
0.7723    0.0001    0    10    -0.2   0.005
0.7832    0.0001    0    10    -0.15   0.005
0.7925    0.0001    0    10    -0.1   0.005
0.8008    0.0001    0    10    -0.05   0.005
0.8081    0.0001    0    10    0   0.005
0.8145    0.0001    0    10    0.05   0.005
0.8202    0.0001    0    10    0.1   0.005
0.8252    0.0001    0    10    0.15   0.005
0.8295    0.0001    0    10    0.2   0.005
0.8328    0.0001    0    10    0.25   0.005
0.8351    0.0001    0    10    0.3   0.005
0.8362    0.0001    0    10    0.35   0.005
0.8355    0.0001    0    10    0.4   0.005
0.8325    0.0001    0    10    0.45   0.005
0.8266    0.0001    0    10    0.5   0.005
0.8168    0.0001    0    10    0.55   0.005
0.8018    0.0001    0    10    0.6   0.005
0.7798    0.0001    0    10    0.65   0.005
0.7486    0.0001    0    10    0.7   0.005
0.7048    0.0001    0    10    0.75   0.005
0.644    0.0001    0    10    0.8   0.005
0.5593    0.0001    0    10    0.85   0.005
0.4396    0.0001    0    10    0.9   0.005
0.2676    0.0001    0    10    0.95   0.005
0.1061    0.0001    0    10    0.99   0.005
0.0472    0.0001    0    10    -0.99   0.005
0.1089    0.0001    0    10    -0.95   0.005
0.1935    0.0001    0    10    -0.9   0.005
0.2754    0.0001    0    10    -0.85   0.005
0.3513    0.0001    0    10    -0.8   0.005
0.4206    0.0001    0    10    -0.75   0.005
0.4827    0.0001    0    10    -0.7   0.005
0.5377    0.0001    0    10    -0.65   0.005
0.5859    0.0001    0    10    -0.6   0.005
0.6275    0.0001    0    10    -0.55   0.005
0.6631    0.0001    0    10    -0.5   0.005
0.6935    0.0001    0    10    -0.45   0.005
0.7193    0.0001    0    10    -0.4   0.005
0.741    0.0001    0    10    -0.35   0.005
0.7593    0.0001    0    10    -0.3   0.005
0.7747    0.0001    0    10    -0.25   0.005
0.7876    0.0001    0    10    -0.2   0.005
0.7985    0.0001    0    10    -0.15   0.005
0.8076    0.0001    0    10    -0.1   0.005
0.8151    0.0001    0    10    -0.05   0.005
0.8214    0.0001    0    10    0   0.005
0.8266    0.0001    0    10    0.05   0.005
0.8306    0.0001    0    10    0.1   0.005
0.8337    0.0001    0    10    0.15   0.005
0.8357    0.0001    0    10    0.2   0.005
0.8367    0.0001    0    10    0.25   0.005
0.8364    0.0001    0    10    0.3   0.005
0.8346    0.0001    0    10    0.35   0.005
0.831    0.0001    0    10    0.4   0.005
0.8249    0.0001    0    10    0.45   0.005
0.8159    0.0001    0    10    0.5   0.005
0.8028    0.0001    0    10    0.55   0.005
0.7846    0.0001    0    10    0.6   0.005
0.7598    0.0001    0    10    0.65   0.005
0.7262    0.0001    0    10    0.7   0.005
0.6809    0.0001    0    10    0.75   0.005
0.6198    0.0001    0    10    0.8   0.005
0.5367    0.0001    0    10    0.85   0.005
0.4211    0.0001    0    10    0.9   0.005
0.2567    0.0001    0    10    0.95   0.005
0.1026    0.0001    0    10    0.99   0.005
