-7.103e-10    0.0001    0    10    -1   0.005
0.1062    0.0001    0    10    -0.95   0.005
0.182    0.0001    0    10    -0.9   0.005
0.2387    0.0001    0    10    -0.85   0.005
0.2824    0.0001    0    10    -0.8   0.005
0.3169    0.0001    0    10    -0.75   0.005
0.3447    0.0001    0    10    -0.7   0.005
0.3674    0.0001    0    10    -0.65   0.005
0.3861    0.0001    0    10    -0.6   0.005
0.4017    0.0001    0    10    -0.55   0.005
0.4147    0.0001    0    10    -0.5   0.005
0.4256    0.0001    0    10    -0.45   0.005
0.4347    0.0001    0    10    -0.4   0.005
0.4423    0.0001    0    10    -0.35   0.005
0.4485    0.0001    0    10    -0.3   0.005
0.4536    0.0001    0    10    -0.25   0.005
0.4576    0.0001    0    10    -0.2   0.005
0.4606    0.0001    0    10    -0.15   0.005
0.4627    0.0001    0    10    -0.1   0.005
0.4639    0.0001    0    10    -0.05   0.005
0.4643    0.0001    0    10    0   0.005
0.4639    0.0001    0    10    0.05   0.005
0.4625    0.0001    0    10    0.1   0.005
0.4603    0.0001    0    10    0.15   0.005
0.4572    0.0001    0    10    0.2   0.005
0.4531    0.0001    0    10    0.25   0.005
0.4479    0.0001    0    10    0.3   0.005
0.4415    0.0001    0    10    0.35   0.005
0.4338    0.0001    0    10    0.4   0.005
0.4245    0.0001    0    10    0.45   0.005
0.4134    0.0001    0    10    0.5   0.005
0.4001    0.0001    0    10    0.55   0.005
0.3843    0.0001    0    10    0.6   0.005
0.3653    0.0001    0    10    0.65   0.005
0.3423    0.0001    0    10    0.7   0.005
0.3143    0.0001    0    10    0.75   0.005
0.2795    0.0001    0    10    0.8   0.005
0.2358    0.0001    0    10    0.85   0.005
0.1793    0.0001    0    10    0.9   0.005
0.1042    0.0001    0    10    0.95   0.005
5.919e-07    0.0001    0    10    1   0.005
-3.589e-10    0.0001    0    10    -1   0.005
0.1213    0.0001    0    10    -0.95   0.005
0.2052    0.0001    0    10    -0.9   0.005
0.2665    0.0001    0    10    -0.85   0.005
0.3129    0.0001    0    10    -0.8   0.005
0.3491    0.0001    0    10    -0.75   0.005
0.3779    0.0001    0    10    -0.7   0.005
0.4012    0.0001    0    10    -0.65   0.005
0.4203    0.0001    0    10    -0.6   0.005
0.436    0.0001    0    10    -0.55   0.005
0.4491    0.0001    0    10    -0.5   0.005
0.46    0.0001    0    10    -0.45   0.005
0.469    0.0001    0    10    -0.4   0.005
0.4764    0.0001    0    10    -0.35   0.005
0.4825    0.0001    0    10    -0.3   0.005
0.4874    0.0001    0    10    -0.25   0.005
0.4911    0.0001    0    10    -0.2   0.005
0.4939    0.0001    0    10    -0.15   0.005
0.4958    0.0001    0    10    -0.1   0.005
0.4967    0.0001    0    10    -0.05   0.005
0.4968    0.0001    0    10    0   0.005
0.4961    0.0001    0    10    0.05   0.005
0.4944    0.0001    0    10    0.1   0.005
0.4919    0.0001    0    10    0.15   0.005
0.4885    0.0001    0    10    0.2   0.005
0.484    0.0001    0    10    0.25   0.005
0.4785    0.0001    0    10    0.3   0.005
0.4717    0.0001    0    10    0.35   0.005
0.4636    0.0001    0    10    0.4   0.005
0.4538    0.0001    0    10    0.45   0.005
0.4423    0.0001    0    10    0.5   0.005
0.4285    0.0001    0    10    0.55   0.005
0.412    0.0001    0    10    0.6   0.005
0.3922    0.0001    0    10    0.65   0.005
0.3682    0.0001    0    10    0.7   0.005
0.3389    0.0001    0    10    0.75   0.005
0.3024    0.0001    0    10    0.8   0.005
0.256    0.0001    0    10    0.85   0.005
0.1958    0.0001    0    10    0.9   0.005
0.1146    0.0001    0    10    0.95   0.005
6.579e-07    0.0001    0    10    1   0.005
5.882e-12    0.0001    0    10    -1   0.005
0.1374    0.0001    0    10    -0.95   0.005
0.2288    0.0001    0    10    -0.9   0.005
0.2937    0.0001    0    10    -0.85   0.005
0.342    0.0001    0    10    -0.8   0.005
0.379    0.0001    0    10    -0.75   0.005
0.4082    0.0001    0    10    -0.7   0.005
0.4315    0.0001    0    10    -0.65   0.005
0.4504    0.0001    0    10    -0.6   0.005
0.466    0.0001    0    10    -0.55   0.005
0.4787    0.0001    0    10    -0.5   0.005
0.4893    0.0001    0    10    -0.45   0.005
0.4979    0.0001    0    10    -0.4   0.005
0.505    0.0001    0    10    -0.35   0.005
0.5107    0.0001    0    10    -0.3   0.005
0.5152    0.0001    0    10    -0.25   0.005
0.5186    0.0001    0    10    -0.2   0.005
0.5211    0.0001    0    10    -0.15   0.005
0.5225    0.0001    0    10    -0.1   0.005
0.5231    0.0001    0    10    -0.05   0.005
0.5228    0.0001    0    10    0   0.005
0.5217    0.0001    0    10    0.05   0.005
0.5197    0.0001    0    10    0.1   0.005
0.5167    0.0001    0    10    0.15   0.005
0.5128    0.0001    0    10    0.2   0.005
0.5079    0.0001    0    10    0.25   0.005
0.5019    0.0001    0    10    0.3   0.005
0.4946    0.0001    0    10    0.35   0.005
0.4858    0.0001    0    10    0.4   0.005
0.4755    0.0001    0    10    0.45   0.005
0.4632    0.0001    0    10    0.5   0.005
0.4486    0.0001    0    10    0.55   0.005
0.4313    0.0001    0    10    0.6   0.005
0.4105    0.0001    0    10    0.65   0.005
0.3853    0.0001    0    10    0.7   0.005
0.3546    0.0001    0    10    0.75   0.005
0.3164    0.0001    0    10    0.8   0.005
0.268    0.0001    0    10    0.85   0.005
0.205    0.0001    0    10    0.9   0.005
0.1201    0.0001    0    10    0.95   0.005
6.902e-07    0.0001    0    10    1   0.005
4.115e-10    0.0001    0    10    -1   0.005
0.1536    0.0001    0    10    -0.95   0.005
0.2515    0.0001    0    10    -0.9   0.005
0.319    0.0001    0    10    -0.85   0.005
0.3681    0.0001    0    10    -0.8   0.005
0.4053    0.0001    0    10    -0.75   0.005
0.4341    0.0001    0    10    -0.7   0.005
0.457    0.0001    0    10    -0.65   0.005
0.4754    0.0001    0    10    -0.6   0.005
0.4904    0.0001    0    10    -0.55   0.005
0.5027    0.0001    0    10    -0.5   0.005
0.5127    0.0001    0    10    -0.45   0.005
0.5209    0.0001    0    10    -0.4   0.005
0.5275    0.0001    0    10    -0.35   0.005
0.5327    0.0001    0    10    -0.3   0.005
0.5368    0.0001    0    10    -0.25   0.005
0.5398    0.0001    0    10    -0.2   0.005
0.5418    0.0001    0    10    -0.15   0.005
0.5429    0.0001    0    10    -0.1   0.005
0.5431    0.0001    0    10    -0.05   0.005
0.5424    0.0001    0    10    0   0.005
0.5408    0.0001    0    10    0.05   0.005
0.5384    0.0001    0    10    0.1   0.005
0.535    0.0001    0    10    0.15   0.005
0.5306    0.0001    0    10    0.2   0.005
0.5251    0.0001    0    10    0.25   0.005
0.5185    0.0001    0    10    0.3   0.005
0.5105    0.0001    0    10    0.35   0.005
0.5011    0.0001    0    10    0.4   0.005
0.49    0.0001    0    10    0.45   0.005
0.4768    0.0001    0    10    0.5   0.005
0.4613    0.0001    0    10    0.55   0.005
0.4429    0.0001    0    10    0.6   0.005
0.4209    0.0001    0    10    0.65   0.005
0.3945    0.0001    0    10    0.7   0.005
0.3623    0.0001    0    10    0.75   0.005
0.3225    0.0001    0    10    0.8   0.005
0.2723    0.0001    0    10    0.85   0.005
0.2075    0.0001    0    10    0.9   0.005
0.1209    0.0001    0    10    0.95   0.005
6.901e-07    0.0001    0    10    1   0.005
8.779e-10    0.0001    0    10    -1   0.005
0.1693    0.0001    0    10    -0.95   0.005
0.2722    0.0001    0    10    -0.9   0.005
0.3411    0.0001    0    10    -0.85   0.005
0.3902    0.0001    0    10    -0.8   0.005
0.4268    0.0001    0    10    -0.75   0.005
0.4549    0.0001    0    10    -0.7   0.005
0.477    0.0001    0    10    -0.65   0.005
0.4947    0.0001    0    10    -0.6   0.005
0.509    0.0001    0    10    -0.55   0.005
0.5205    0.0001    0    10    -0.5   0.005
0.53    0.0001    0    10    -0.45   0.005
0.5376    0.0001    0    10    -0.4   0.005
0.5437    0.0001    0    10    -0.35   0.005
0.5486    0.0001    0    10    -0.3   0.005
0.5522    0.0001    0    10    -0.25   0.005
0.5548    0.0001    0    10    -0.2   0.005
0.5564    0.0001    0    10    -0.15   0.005
0.5571    0.0001    0    10    -0.1   0.005
0.5569    0.0001    0    10    -0.05   0.005
0.5558    0.0001    0    10    0   0.005
0.5539    0.0001    0    10    0.05   0.005
0.551    0.0001    0    10    0.1   0.005
0.5471    0.0001    0    10    0.15   0.005
0.5422    0.0001    0    10    0.2   0.005
0.5362    0.0001    0    10    0.25   0.005
0.5289    0.0001    0    10    0.3   0.005
0.5203    0.0001    0    10    0.35   0.005
0.5101    0.0001    0    10    0.4   0.005
0.4981    0.0001    0    10    0.45   0.005
0.4839    0.0001    0    10    0.5   0.005
0.4673    0.0001    0    10    0.55   0.005
0.4477    0.0001    0    10    0.6   0.005
0.4244    0.0001    0    10    0.65   0.005
0.3965    0.0001    0    10    0.7   0.005
0.3627    0.0001    0    10    0.75   0.005
0.3214    0.0001    0    10    0.8   0.005
0.2698    0.0001    0    10    0.85   0.005
0.204    0.0001    0    10    0.9   0.005
0.1177    0.0001    0    10    0.95   0.005
6.621e-07    0.0001    0    10    1   0.005
1.422e-09    0.0001    0    10    -1   0.005
0.184    0.0001    0    10    -0.95   0.005
0.2905    0.0001    0    10    -0.9   0.005
0.3598    0.0001    0    10    -0.85   0.005
0.4082    0.0001    0    10    -0.8   0.005
0.4437    0.0001    0    10    -0.75   0.005
0.4707    0.0001    0    10    -0.7   0.005
0.4918    0.0001    0    10    -0.65   0.005
0.5086    0.0001    0    10    -0.6   0.005
0.522    0.0001    0    10    -0.55   0.005
0.5329    0.0001    0    10    -0.5   0.005
0.5417    0.0001    0    10    -0.45   0.005
0.5488    0.0001    0    10    -0.4   0.005
0.5544    0.0001    0    10    -0.35   0.005
0.5588    0.0001    0    10    -0.3   0.005
0.562    0.0001    0    10    -0.25   0.005
0.5643    0.0001    0    10    -0.2   0.005
0.5655    0.0001    0    10    -0.15   0.005
0.5659    0.0001    0    10    -0.1   0.005
0.5653    0.0001    0    10    -0.05   0.005
0.5638    0.0001    0    10    0   0.005
0.5615    0.0001    0    10    0.05   0.005
0.5581    0.0001    0    10    0.1   0.005
0.5538    0.0001    0    10    0.15   0.005
0.5484    0.0001    0    10    0.2   0.005
0.5417    0.0001    0    10    0.25   0.005
0.5338    0.0001    0    10    0.3   0.005
0.5244    0.0001    0    10    0.35   0.005
0.5133    0.0001    0    10    0.4   0.005
0.5003    0.0001    0    10    0.45   0.005
0.4851    0.0001    0    10    0.5   0.005
0.4672    0.0001    0    10    0.55   0.005
0.4462    0.0001    0    10    0.6   0.005
0.4214    0.0001    0    10    0.65   0.005
0.392    0.0001    0    10    0.7   0.005
0.3566    0.0001    0    10    0.75   0.005
0.3138    0.0001    0    10    0.8   0.005
0.2611    0.0001    0    10    0.85   0.005
0.1952    0.0001    0    10    0.9   0.005
0.111    0.0001    0    10    0.95   0.005
6.12e-07    0.0001    0    10    1   0.005
2.056e-09    0.0001    0    10    -1   0.005
0.1972    0.0001    0    10    -0.95   0.005
0.3058    0.0001    0    10    -0.9   0.005
0.3743    0.0001    0    10    -0.85   0.005
0.4213    0.0001    0    10    -0.8   0.005
0.4554    0.0001    0    10    -0.75   0.005
0.4811    0.0001    0    10    -0.7   0.005
0.501    0.0001    0    10    -0.65   0.005
0.5168    0.0001    0    10    -0.6   0.005
0.5294    0.0001    0    10    -0.55   0.005
0.5396    0.0001    0    10    -0.5   0.005
0.5478    0.0001    0    10    -0.45   0.005
0.5543    0.0001    0    10    -0.4   0.005
0.5595    0.0001    0    10    -0.35   0.005
0.5635    0.0001    0    10    -0.3   0.005
0.5664    0.0001    0    10    -0.25   0.005
0.5683    0.0001    0    10    -0.2   0.005
0.5693    0.0001    0    10    -0.15   0.005
0.5693    0.0001    0    10    -0.1   0.005
0.5684    0.0001    0    10    -0.05   0.005
0.5666    0.0001    0    10    0   0.005
0.5639    0.0001    0    10    0.05   0.005
0.5602    0.0001    0    10    0.1   0.005
0.5554    0.0001    0    10    0.15   0.005
0.5494    0.0001    0    10    0.2   0.005
0.5422    0.0001    0    10    0.25   0.005
0.5336    0.0001    0    10    0.3   0.005
0.5234    0.0001    0    10    0.35   0.005
0.5114    0.0001    0    10    0.4   0.005
0.4974    0.0001    0    10    0.45   0.005
0.481    0.0001    0    10    0.5   0.005
0.4618    0.0001    0    10    0.55   0.005
0.4394    0.0001    0    10    0.6   0.005
0.413    0.0001    0    10    0.65   0.005
0.3819    0.0001    0    10    0.7   0.005
0.345    0.0001    0    10    0.75   0.005
0.3009    0.0001    0    10    0.8   0.005
0.2476    0.0001    0    10    0.85   0.005
0.1825    0.0001    0    10    0.9   0.005
0.1018    0.0001    0    10    0.95   0.005
5.48e-07    0.0001    0    10    1   0.005
2.787e-09    0.0001    0    10    -1   0.005
0.2083    0.0001    0    10    -0.95   0.005
0.3173    0.0001    0    10    -0.9   0.005
0.3842    0.0001    0    10    -0.85   0.005
0.4294    0.0001    0    10    -0.8   0.005
0.4619    0.0001    0    10    -0.75   0.005
0.4862    0.0001    0    10    -0.7   0.005
0.5049    0.0001    0    10    -0.65   0.005
0.5197    0.0001    0    10    -0.6   0.005
0.5316    0.0001    0    10    -0.55   0.005
0.5411    0.0001    0    10    -0.5   0.005
0.5488    0.0001    0    10    -0.45   0.005
0.5549    0.0001    0    10    -0.4   0.005
0.5597    0.0001    0    10    -0.35   0.005
0.5634    0.0001    0    10    -0.3   0.005
0.566    0.0001    0    10    -0.25   0.005
0.5677    0.0001    0    10    -0.2   0.005
0.5684    0.0001    0    10    -0.15   0.005
0.5682    0.0001    0    10    -0.1   0.005
0.5671    0.0001    0    10    -0.05   0.005
0.5651    0.0001    0    10    0   0.005
0.5621    0.0001    0    10    0.05   0.005
0.558    0.0001    0    10    0.1   0.005
0.5528    0.0001    0    10    0.15   0.005
0.5464    0.0001    0    10    0.2   0.005
0.5386    0.0001    0    10    0.25   0.005
0.5293    0.0001    0    10    0.3   0.005
0.5183    0.0001    0    10    0.35   0.005
0.5054    0.0001    0    10    0.4   0.005
0.4903    0.0001    0    10    0.45   0.005
0.4727    0.0001    0    10    0.5   0.005
0.4522    0.0001    0    10    0.55   0.005
0.4282    0.0001    0    10    0.6   0.005
0.4002    0.0001    0    10    0.65   0.005
0.3675    0.0001    0    10    0.7   0.005
0.3291    0.0001    0    10    0.75   0.005
0.2839    0.0001    0    10    0.8   0.005
0.2305    0.0001    0    10    0.85   0.005
0.167    0.0001    0    10    0.9   0.005
0.09114    0.0001    0    10    0.95   0.005
4.767e-07    0.0001    0    10    1   0.005
3.603e-09    0.0001    0    10    -1   0.005
0.2164    0.0001    0    10    -0.95   0.005
0.3244    0.0001    0    10    -0.9   0.005
0.3892    0.0001    0    10    -0.85   0.005
0.4323    0.0001    0    10    -0.8   0.005
0.4631    0.0001    0    10    -0.75   0.005
0.4861    0.0001    0    10    -0.7   0.005
0.5038    0.0001    0    10    -0.65   0.005
0.5178    0.0001    0    10    -0.6   0.005
0.529    0.0001    0    10    -0.55   0.005
0.538    0.0001    0    10    -0.5   0.005
0.5453    0.0001    0    10    -0.45   0.005
0.5512    0.0001    0    10    -0.4   0.005
0.5558    0.0001    0    10    -0.35   0.005
0.5593    0.0001    0    10    -0.3   0.005
0.5617    0.0001    0    10    -0.25   0.005
0.5633    0.0001    0    10    -0.2   0.005
0.5639    0.0001    0    10    -0.15   0.005
0.5636    0.0001    0    10    -0.1   0.005
0.5624    0.0001    0    10    -0.05   0.005
0.5601    0.0001    0    10    0   0.005
0.5569    0.0001    0    10    0.05   0.005
0.5526    0.0001    0    10    0.1   0.005
0.547    0.0001    0    10    0.15   0.005
0.5402    0.0001    0    10    0.2   0.005
0.5319    0.0001    0    10    0.25   0.005
0.522    0.0001    0    10    0.3   0.005
0.5102    0.0001    0    10    0.35   0.005
0.4964    0.0001    0    10    0.4   0.005
0.4802    0.0001    0    10    0.45   0.005
0.4613    0.0001    0    10    0.5   0.005
0.4393    0.0001    0    10    0.55   0.005
0.4138    0.0001    0    10    0.6   0.005
0.3842    0.0001    0    10    0.65   0.005
0.3498    0.0001    0    10    0.7   0.005
0.31    0.0001    0    10    0.75   0.005
0.264    0.0001    0    10    0.8   0.005
0.2109    0.0001    0    10    0.85   0.005
0.1497    0.0001    0    10    0.9   0.005
0.07962    0.0001    0    10    0.95   0.005
4.031e-07    0.0001    0    10    1   0.005
4.47e-09    0.0001    0    10    -1   0.005
0.2212    0.0001    0    10    -0.95   0.005
0.3272    0.0001    0    10    -0.9   0.005
0.3897    0.0001    0    10    -0.85   0.005
0.4309    0.0001    0    10    -0.8   0.005
0.4602    0.0001    0    10    -0.75   0.005
0.4821    0.0001    0    10    -0.7   0.005
0.499    0.0001    0    10    -0.65   0.005
0.5123    0.0001    0    10    -0.6   0.005
0.523    0.0001    0    10    -0.55   0.005
0.5317    0.0001    0    10    -0.5   0.005
0.5388    0.0001    0    10    -0.45   0.005
0.5445    0.0001    0    10    -0.4   0.005
0.549    0.0001    0    10    -0.35   0.005
0.5525    0.0001    0    10    -0.3   0.005
0.555    0.0001    0    10    -0.25   0.005
0.5565    0.0001    0    10    -0.2   0.005
0.5571    0.0001    0    10    -0.15   0.005
0.5568    0.0001    0    10    -0.1   0.005
0.5555    0.0001    0    10    -0.05   0.005
0.5532    0.0001    0    10    0   0.005
0.5499    0.0001    0    10    0.05   0.005
0.5454    0.0001    0    10    0.1   0.005
0.5396    0.0001    0    10    0.15   0.005
0.5324    0.0001    0    10    0.2   0.005
0.5236    0.0001    0    10    0.25   0.005
0.5131    0.0001    0    10    0.3   0.005
0.5006    0.0001    0    10    0.35   0.005
0.4859    0.0001    0    10    0.4   0.005
0.4686    0.0001    0    10    0.45   0.005
0.4484    0.0001    0    10    0.5   0.005
0.425    0.0001    0    10    0.55   0.005
0.3979    0.0001    0    10    0.6   0.005
0.3665    0.0001    0    10    0.65   0.005
0.3306    0.0001    0    10    0.7   0.005
0.2895    0.0001    0    10    0.75   0.005
0.2428    0.0001    0    10    0.8   0.005
0.1903    0.0001    0    10    0.85   0.005
0.1319    0.0001    0    10    0.9   0.005
0.06807    0.0001    0    10    0.95   0.005
3.319e-07    0.0001    0    10    1   0.005
5.328e-09    0.0001    0    10    -1   0.005
0.2226    0.0001    0    10    -0.95   0.005
0.3263    0.0001    0    10    -0.9   0.005
0.3866    0.0001    0    10    -0.85   0.005
0.4263    0.0001    0    10    -0.8   0.005
0.4545    0.0001    0    10    -0.75   0.005
0.4756    0.0001    0    10    -0.7   0.005
0.492    0.0001    0    10    -0.65   0.005
0.505    0.0001    0    10    -0.6   0.005
0.5155    0.0001    0    10    -0.55   0.005
0.5241    0.0001    0    10    -0.5   0.005
0.5312    0.0001    0    10    -0.45   0.005
0.5369    0.0001    0    10    -0.4   0.005
0.5415    0.0001    0    10    -0.35   0.005
0.5451    0.0001    0    10    -0.3   0.005
0.5477    0.0001    0    10    -0.25   0.005
0.5494    0.0001    0    10    -0.2   0.005
0.5501    0.0001    0    10    -0.15   0.005
0.5499    0.0001    0    10    -0.1   0.005
0.5487    0.0001    0    10    -0.05   0.005
0.5465    0.0001    0    10    0   0.005
0.5431    0.0001    0    10    0.05   0.005
0.5385    0.0001    0    10    0.1   0.005
0.5326    0.0001    0    10    0.15   0.005
0.5251    0.0001    0    10    0.2   0.005
0.516    0.0001    0    10    0.25   0.005
0.5049    0.0001    0    10    0.3   0.005
0.4917    0.0001    0    10    0.35   0.005
0.4761    0.0001    0    10    0.4   0.005
0.4577    0.0001    0    10    0.45   0.005
0.4362    0.0001    0    10    0.5   0.005
0.4113    0.0001    0    10    0.55   0.005
0.3825    0.0001    0    10    0.6   0.005
0.3494    0.0001    0    10    0.65   0.005
0.3118    0.0001    0    10    0.7   0.005
0.2693    0.0001    0    10    0.75   0.005
0.222    0.0001    0    10    0.8   0.005
0.1701    0.0001    0    10    0.85   0.005
0.1147    0.0001    0    10    0.9   0.005
0.05714    0.0001    0    10    0.95   0.005
2.665e-07    0.0001    0    10    1   0.005
6.106e-09    0.0001    0    10    -1   0.005
0.2214    0.0001    0    10    -0.95   0.005
0.323    0.0001    0    10    -0.9   0.005
0.3819    0.0001    0    10    -0.85   0.005
0.4207    0.0001    0    10    -0.8   0.005
0.4483    0.0001    0    10    -0.75   0.005
0.4691    0.0001    0    10    -0.7   0.005
0.4853    0.0001    0    10    -0.65   0.005
0.4983    0.0001    0    10    -0.6   0.005
0.5089    0.0001    0    10    -0.55   0.005
0.5177    0.0001    0    10    -0.5   0.005
0.5249    0.0001    0    10    -0.45   0.005
0.5309    0.0001    0    10    -0.4   0.005
0.5357    0.0001    0    10    -0.35   0.005
0.5396    0.0001    0    10    -0.3   0.005
0.5425    0.0001    0    10    -0.25   0.005
0.5444    0.0001    0    10    -0.2   0.005
0.5454    0.0001    0    10    -0.15   0.005
0.5455    0.0001    0    10    -0.1   0.005
0.5445    0.0001    0    10    -0.05   0.005
0.5425    0.0001    0    10    0   0.005
0.5392    0.0001    0    10    0.05   0.005
0.5347    0.0001    0    10    0.1   0.005
0.5287    0.0001    0    10    0.15   0.005
0.5211    0.0001    0    10    0.2   0.005
0.5117    0.0001    0    10    0.25   0.005
0.5002    0.0001    0    10    0.3   0.005
0.4863    0.0001    0    10    0.35   0.005
0.4699    0.0001    0    10    0.4   0.005
0.4505    0.0001    0    10    0.45   0.005
0.4277    0.0001    0    10    0.5   0.005
0.4012    0.0001    0    10    0.55   0.005
0.3706    0.0001    0    10    0.6   0.005
0.3356    0.0001    0    10    0.65   0.005
0.296    0.0001    0    10    0.7   0.005
0.2519    0.0001    0    10    0.75   0.005
0.2037    0.0001    0    10    0.8   0.005
0.1523    0.0001    0    10    0.85   0.005
0.09934    0.0001    0    10    0.9   0.005
0.04745    0.0001    0    10    0.95   0.005
2.094e-07    0.0001    0    10    1   0.005
6.747e-09    0.0001    0    10    -1   0.005
0.2188    0.0001    0    10    -0.95   0.005
0.3191    0.0001    0    10    -0.9   0.005
0.3775    0.0001    0    10    -0.85   0.005
0.4161    0.0001    0    10    -0.8   0.005
0.4438    0.0001    0    10    -0.75   0.005
0.4648    0.0001    0    10    -0.7   0.005
0.4813    0.0001    0    10    -0.65   0.005
0.4946    0.0001    0    10    -0.6   0.005
0.5056    0.0001    0    10    -0.55   0.005
0.5148    0.0001    0    10    -0.5   0.005
0.5224    0.0001    0    10    -0.45   0.005
0.5289    0.0001    0    10    -0.4   0.005
0.5342    0.0001    0    10    -0.35   0.005
0.5385    0.0001    0    10    -0.3   0.005
0.5418    0.0001    0    10    -0.25   0.005
0.5442    0.0001    0    10    -0.2   0.005
0.5456    0.0001    0    10    -0.15   0.005
0.5461    0.0001    0    10    -0.1   0.005
0.5455    0.0001    0    10    -0.05   0.005
0.5437    0.0001    0    10    0   0.005
0.5408    0.0001    0    10    0.05   0.005
0.5364    0.0001    0    10    0.1   0.005
0.5305    0.0001    0    10    0.15   0.005
0.5229    0.0001    0    10    0.2   0.005
0.5133    0.0001    0    10    0.25   0.005
0.5016    0.0001    0    10    0.3   0.005
0.4872    0.0001    0    10    0.35   0.005
0.47    0.0001    0    10    0.4   0.005
0.4496    0.0001    0    10    0.45   0.005
0.4255    0.0001    0    10    0.5   0.005
0.3974    0.0001    0    10    0.55   0.005
0.3649    0.0001    0    10    0.6   0.005
0.3277    0.0001    0    10    0.65   0.005
0.2859    0.0001    0    10    0.7   0.005
0.2396    0.0001    0    10    0.75   0.005
0.1898    0.0001    0    10    0.8   0.005
0.138    0.0001    0    10    0.85   0.005
0.08674    0.0001    0    10    0.9   0.005
0.03937    0.0001    0    10    0.95   0.005
1.618e-07    0.0001    0    10    1   0.005
7.224e-09    0.0001    0    10    -1   0.005
0.2156    0.0001    0    10    -0.95   0.005
0.3159    0.0001    0    10    -0.9   0.005
0.3749    0.0001    0    10    -0.85   0.005
0.4142    0.0001    0    10    -0.8   0.005
0.4426    0.0001    0    10    -0.75   0.005
0.4643    0.0001    0    10    -0.7   0.005
0.4816    0.0001    0    10    -0.65   0.005
0.4956    0.0001    0    10    -0.6   0.005
0.5073    0.0001    0    10    -0.55   0.005
0.5171    0.0001    0    10    -0.5   0.005
0.5255    0.0001    0    10    -0.45   0.005
0.5325    0.0001    0    10    -0.4   0.005
0.5384    0.0001    0    10    -0.35   0.005
0.5433    0.0001    0    10    -0.3   0.005
0.5473    0.0001    0    10    -0.25   0.005
0.5502    0.0001    0    10    -0.2   0.005
0.5522    0.0001    0    10    -0.15   0.005
0.5532    0.0001    0    10    -0.1   0.005
0.5531    0.0001    0    10    -0.05   0.005
0.5519    0.0001    0    10    0   0.005
0.5493    0.0001    0    10    0.05   0.005
0.5454    0.0001    0    10    0.1   0.005
0.5398    0.0001    0    10    0.15   0.005
0.5323    0.0001    0    10    0.2   0.005
0.5228    0.0001    0    10    0.25   0.005
0.5109    0.0001    0    10    0.3   0.005
0.4963    0.0001    0    10    0.35   0.005
0.4785    0.0001    0    10    0.4   0.005
0.4571    0.0001    0    10    0.45   0.005
0.4318    0.0001    0    10    0.5   0.005
0.402    0.0001    0    10    0.55   0.005
0.3674    0.0001    0    10    0.6   0.005
0.3277    0.0001    0    10    0.65   0.005
0.283    0.0001    0    10    0.7   0.005
0.2338    0.0001    0    10    0.75   0.005
0.1815    0.0001    0    10    0.8   0.005
0.1282    0.0001    0    10    0.85   0.005
0.07731    0.0001    0    10    0.9   0.005
0.03301    0.0001    0    10    0.95   0.005
1.233e-07    0.0001    0    10    1   0.005
7.534e-09    0.0001    0    10    -1   0.005
0.2117    0.0001    0    10    -0.95   0.005
0.313    0.0001    0    10    -0.9   0.005
0.3735    0.0001    0    10    -0.85   0.005
0.4143    0.0001    0    10    -0.8   0.005
0.4441    0.0001    0    10    -0.75   0.005
0.4671    0.0001    0    10    -0.7   0.005
0.4854    0.0001    0    10    -0.65   0.005
0.5005    0.0001    0    10    -0.6   0.005
0.5132    0.0001    0    10    -0.55   0.005
0.5239    0.0001    0    10    -0.5   0.005
0.5331    0.0001    0    10    -0.45   0.005
0.5409    0.0001    0    10    -0.4   0.005
0.5476    0.0001    0    10    -0.35   0.005
0.5533    0.0001    0    10    -0.3   0.005
0.5579    0.0001    0    10    -0.25   0.005
0.5616    0.0001    0    10    -0.2   0.005
0.5643    0.0001    0    10    -0.15   0.005
0.5659    0.0001    0    10    -0.1   0.005
0.5664    0.0001    0    10    -0.05   0.005
0.5658    0.0001    0    10    0   0.005
0.5638    0.0001    0    10    0.05   0.005
0.5603    0.0001    0    10    0.1   0.005
0.5551    0.0001    0    10    0.15   0.005
0.548    0.0001    0    10    0.2   0.005
0.5386    0.0001    0    10    0.25   0.005
0.5267    0.0001    0    10    0.3   0.005
0.5119    0.0001    0    10    0.35   0.005
0.4936    0.0001    0    10    0.4   0.005
0.4714    0.0001    0    10    0.45   0.005
0.4448    0.0001    0    10    0.5   0.005
0.4132    0.0001    0    10    0.55   0.005
0.3763    0.0001    0    10    0.6   0.005
0.3337    0.0001    0    10    0.65   0.005
0.2856    0.0001    0    10    0.7   0.005
0.2328    0.0001    0    10    0.75   0.005
0.1771    0.0001    0    10    0.8   0.005
0.1214    0.0001    0    10    0.85   0.005
0.06986    0.0001    0    10    0.9   0.005
0.02767    0.0001    0    10    0.95   0.005
9.018e-08    0.0001    0    10    1   0.005
7.679e-09    0.0001    0    10    -1   0.005
0.2062    0.0001    0    10    -0.95   0.005
0.3089    0.0001    0    10    -0.9   0.005
0.3716    0.0001    0    10    -0.85   0.005
0.4146    0.0001    0    10    -0.8   0.005
0.4463    0.0001    0    10    -0.75   0.005
0.471    0.0001    0    10    -0.7   0.005
0.4909    0.0001    0    10    -0.65   0.005
0.5073    0.0001    0    10    -0.6   0.005
0.5212    0.0001    0    10    -0.55   0.005
0.5331    0.0001    0    10    -0.5   0.005
0.5433    0.0001    0    10    -0.45   0.005
0.5521    0.0001    0    10    -0.4   0.005
0.5598    0.0001    0    10    -0.35   0.005
0.5663    0.0001    0    10    -0.3   0.005
0.5718    0.0001    0    10    -0.25   0.005
0.5763    0.0001    0    10    -0.2   0.005
0.5798    0.0001    0    10    -0.15   0.005
0.5822    0.0001    0    10    -0.1   0.005
0.5834    0.0001    0    10    -0.05   0.005
0.5834    0.0001    0    10    0   0.005
0.5821    0.0001    0    10    0.05   0.005
0.5792    0.0001    0    10    0.1   0.005
0.5745    0.0001    0    10    0.15   0.005
0.5678    0.0001    0    10    0.2   0.005
0.5588    0.0001    0    10    0.25   0.005
0.547    0.0001    0    10    0.3   0.005
0.532    0.0001    0    10    0.35   0.005
0.5133    0.0001    0    10    0.4   0.005
0.4904    0.0001    0    10    0.45   0.005
0.4624    0.0001    0    10    0.5   0.005
0.429    0.0001    0    10    0.55   0.005
0.3895    0.0001    0    10    0.6   0.005
0.3436    0.0001    0    10    0.65   0.005
0.2916    0.0001    0    10    0.7   0.005
0.2346    0.0001    0    10    0.75   0.005
0.1748    0.0001    0    10    0.8   0.005
0.116    0.0001    0    10    0.85   0.005
0.0633    0.0001    0    10    0.9   0.005
0.02282    0.0001    0    10    0.95   0.005
6.015e-08    0.0001    0    10    1   0.005
7.645e-09    0.0001    0    10    -1   0.005
0.1976    0.0001    0    10    -0.95   0.005
0.3014    0.0001    0    10    -0.9   0.005
0.3667    0.0001    0    10    -0.85   0.005
0.4123    0.0001    0    10    -0.8   0.005
0.4464    0.0001    0    10    -0.75   0.005
0.4732    0.0001    0    10    -0.7   0.005
0.495    0.0001    0    10    -0.65   0.005
0.5131    0.0001    0    10    -0.6   0.005
0.5285    0.0001    0    10    -0.55   0.005
0.5417    0.0001    0    10    -0.5   0.005
0.5532    0.0001    0    10    -0.45   0.005
0.5632    0.0001    0    10    -0.4   0.005
0.5719    0.0001    0    10    -0.35   0.005
0.5794    0.0001    0    10    -0.3   0.005
0.5859    0.0001    0    10    -0.25   0.005
0.5913    0.0001    0    10    -0.2   0.005
0.5956    0.0001    0    10    -0.15   0.005
0.5988    0.0001    0    10    -0.1   0.005
0.6009    0.0001    0    10    -0.05   0.005
0.6016    0.0001    0    10    0   0.005
0.601    0.0001    0    10    0.05   0.005
0.5987    0.0001    0    10    0.1   0.005
0.5946    0.0001    0    10    0.15   0.005
0.5883    0.0001    0    10    0.2   0.005
0.5795    0.0001    0    10    0.25   0.005
0.5678    0.0001    0    10    0.3   0.005
0.5527    0.0001    0    10    0.35   0.005
0.5335    0.0001    0    10    0.4   0.005
0.5095    0.0001    0    10    0.45   0.005
0.4801    0.0001    0    10    0.5   0.005
0.4445    0.0001    0    10    0.55   0.005
0.4021    0.0001    0    10    0.6   0.005
0.3526    0.0001    0    10    0.65   0.005
0.2964    0.0001    0    10    0.7   0.005
0.2348    0.0001    0    10    0.75   0.005
0.1708    0.0001    0    10    0.8   0.005
0.1092    0.0001    0    10    0.85   0.005
0.05598    0.0001    0    10    0.9   0.005
0.01783    0.0001    0    10    0.95   0.005
3.149e-08    0.0001    0    10    1   0.005
7.424e-09    0.0001    0    10    -1   0.005
0.1856    0.0001    0    10    -0.95   0.005
0.2897    0.0001    0    10    -0.9   0.005
0.3576    0.0001    0    10    -0.85   0.005
0.4061    0.0001    0    10    -0.8   0.005
0.443    0.0001    0    10    -0.75   0.005
0.4723    0.0001    0    10    -0.7   0.005
0.4963    0.0001    0    10    -0.65   0.005
0.5163    0.0001    0    10    -0.6   0.005
0.5335    0.0001    0    10    -0.55   0.005
0.5483    0.0001    0    10    -0.5   0.005
0.5612    0.0001    0    10    -0.45   0.005
0.5726    0.0001    0    10    -0.4   0.005
0.5825    0.0001    0    10    -0.35   0.005
0.5912    0.0001    0    10    -0.3   0.005
0.5987    0.0001    0    10    -0.25   0.005
0.6052    0.0001    0    10    -0.2   0.005
0.6105    0.0001    0    10    -0.15   0.005
0.6146    0.0001    0    10    -0.1   0.005
0.6175    0.0001    0    10    -0.05   0.005
0.6191    0.0001    0    10    0   0.005
0.6192    0.0001    0    10    0.05   0.005
0.6176    0.0001    0    10    0.1   0.005
0.6141    0.0001    0    10    0.15   0.005
0.6083    0.0001    0    10    0.2   0.005
0.5998    0.0001    0    10    0.25   0.005
0.5882    0.0001    0    10    0.3   0.005
0.5728    0.0001    0    10    0.35   0.005
0.553    0.0001    0    10    0.4   0.005
0.528    0.0001    0    10    0.45   0.005
0.497    0.0001    0    10    0.5   0.005
0.459    0.0001    0    10    0.55   0.005
0.4135    0.0001    0    10    0.6   0.005
0.3601    0.0001    0    10    0.65   0.005
0.2996    0.0001    0    10    0.7   0.005
0.2337    0.0001    0    10    0.75   0.005
0.1661    0.0001    0    10    0.8   0.005
0.1025    0.0001    0    10    0.85   0.005
0.04962    0.0001    0    10    0.9   0.005
0.01404    0.0001    0    10    0.95   0.005
1.315e-08    0.0001    0    10    1   0.005
7.034e-09    0.0001    0    10    -1   0.005
0.1712    0.0001    0    10    -0.95   0.005
0.2746    0.0001    0    10    -0.9   0.005
0.3449    0.0001    0    10    -0.85   0.005
0.3966    0.0001    0    10    -0.8   0.005
0.4365    0.0001    0    10    -0.75   0.005
0.4686    0.0001    0    10    -0.7   0.005
0.4951    0.0001    0    10    -0.65   0.005
0.5174    0.0001    0    10    -0.6   0.005
0.5366    0.0001    0    10    -0.55   0.005
0.5532    0.0001    0    10    -0.5   0.005
0.5678    0.0001    0    10    -0.45   0.005
0.5806    0.0001    0    10    -0.4   0.005
0.592    0.0001    0    10    -0.35   0.005
0.602    0.0001    0    10    -0.3   0.005
0.6107    0.0001    0    10    -0.25   0.005
0.6183    0.0001    0    10    -0.2   0.005
0.6247    0.0001    0    10    -0.15   0.005
0.6299    0.0001    0    10    -0.1   0.005
0.6338    0.0001    0    10    -0.05   0.005
0.6363    0.0001    0    10    0   0.005
0.6372    0.0001    0    10    0.05   0.005
0.6364    0.0001    0    10    0.1   0.005
0.6335    0.0001    0    10    0.15   0.005
0.6283    0.0001    0    10    0.2   0.005
0.6201    0.0001    0    10    0.25   0.005
0.6086    0.0001    0    10    0.3   0.005
0.593    0.0001    0    10    0.35   0.005
0.5726    0.0001    0    10    0.4   0.005
0.5465    0.0001    0    10    0.45   0.005
0.5137    0.0001    0    10    0.5   0.005
0.4733    0.0001    0    10    0.55   0.005
0.4247    0.0001    0    10    0.6   0.005
0.3677    0.0001    0    10    0.65   0.005
0.3033    0.0001    0    10    0.7   0.005
0.234    0.0001    0    10    0.75   0.005
0.1642    0.0001    0    10    0.8   0.005
0.09997    0.0001    0    10    0.85   0.005
0.04813    0.0001    0    10    0.9   0.005
0.01405    0.0001    0    10    0.95   0.005
2.036e-08    0.0001    0    10    1   0.005
6.511e-09    0.0001    0    10    -1   0.005
0.1559    0.0001    0    10    -0.95   0.005
0.2576    0.0001    0    10    -0.9   0.005
0.3302    0.0001    0    10    -0.85   0.005
0.385    0.0001    0    10    -0.8   0.005
0.4282    0.0001    0    10    -0.75   0.005
0.4633    0.0001    0    10    -0.7   0.005
0.4926    0.0001    0    10    -0.65   0.005
0.5175    0.0001    0    10    -0.6   0.005
0.5389    0.0001    0    10    -0.55   0.005
0.5576    0.0001    0    10    -0.5   0.005
0.574    0.0001    0    10    -0.45   0.005
0.5886    0.0001    0    10    -0.4   0.005
0.6015    0.0001    0    10    -0.35   0.005
0.6129    0.0001    0    10    -0.3   0.005
0.6231    0.0001    0    10    -0.25   0.005
0.6319    0.0001    0    10    -0.2   0.005
0.6396    0.0001    0    10    -0.15   0.005
0.6459    0.0001    0    10    -0.1   0.005
0.651    0.0001    0    10    -0.05   0.005
0.6546    0.0001    0    10    0   0.005
0.6565    0.0001    0    10    0.05   0.005
0.6567    0.0001    0    10    0.1   0.005
0.6547    0.0001    0    10    0.15   0.005
0.6501    0.0001    0    10    0.2   0.005
0.6425    0.0001    0    10    0.25   0.005
0.6313    0.0001    0    10    0.3   0.005
0.6158    0.0001    0    10    0.35   0.005
0.595    0.0001    0    10    0.4   0.005
0.568    0.0001    0    10    0.45   0.005
0.5338    0.0001    0    10    0.5   0.005
0.4914    0.0001    0    10    0.55   0.005
0.4404    0.0001    0    10    0.6   0.005
0.3807    0.0001    0    10    0.65   0.005
0.314    0.0001    0    10    0.7   0.005
0.2431    0.0001    0    10    0.75   0.005
0.173    0.0001    0    10    0.8   0.005
0.1095    0.0001    0    10    0.85   0.005
0.05803    0.0001    0    10    0.9   0.005
0.02168    0.0001    0    10    0.95   0.005
7.384e-08    0.0001    0    10    1   0.005
5.872e-09    0.0001    0    10    -1   0.005
0.1412    0.0001    0    10    -0.95   0.005
0.241    0.0001    0    10    -0.9   0.005
0.3157    0.0001    0    10    -0.85   0.005
0.3739    0.0001    0    10    -0.8   0.005
0.4207    0.0001    0    10    -0.75   0.005
0.4593    0.0001    0    10    -0.7   0.005
0.4917    0.0001    0    10    -0.65   0.005
0.5195    0.0001    0    10    -0.6   0.005
0.5434    0.0001    0    10    -0.55   0.005
0.5644    0.0001    0    10    -0.5   0.005
0.5829    0.0001    0    10    -0.45   0.005
0.5994    0.0001    0    10    -0.4   0.005
0.6141    0.0001    0    10    -0.35   0.005
0.6272    0.0001    0    10    -0.3   0.005
0.6389    0.0001    0    10    -0.25   0.005
0.6493    0.0001    0    10    -0.2   0.005
0.6584    0.0001    0    10    -0.15   0.005
0.6662    0.0001    0    10    -0.1   0.005
0.6727    0.0001    0    10    -0.05   0.005
0.6777    0.0001    0    10    0   0.005
0.681    0.0001    0    10    0.05   0.005
0.6825    0.0001    0    10    0.1   0.005
0.6818    0.0001    0    10    0.15   0.005
0.6785    0.0001    0    10    0.2   0.005
0.672    0.0001    0    10    0.25   0.005
0.6618    0.0001    0    10    0.3   0.005
0.6469    0.0001    0    10    0.35   0.005
0.6265    0.0001    0    10    0.4   0.005
0.5995    0.0001    0    10    0.45   0.005
0.5649    0.0001    0    10    0.5   0.005
0.5219    0.0001    0    10    0.55   0.005
0.4699    0.0001    0    10    0.6   0.005
0.4095    0.0001    0    10    0.65   0.005
0.3426    0.0001    0    10    0.7   0.005
0.2723    0.0001    0    10    0.75   0.005
0.2032    0.0001    0    10    0.8   0.005
0.1399    0.0001    0    10    0.85   0.005
0.08548    0.0001    0    10    0.9   0.005
0.04012    0.0001    0    10    0.95   0.005
1.901e-07    0.0001    0    10    1   0.005
5.155e-09    0.0001    0    10    -1   0.005
0.1286    0.0001    0    10    -0.95   0.005
0.2267    0.0001    0    10    -0.9   0.005
0.3037    0.0001    0    10    -0.85   0.005
0.3656    0.0001    0    10    -0.8   0.005
0.4164    0.0001    0    10    -0.75   0.005
0.4588    0.0001    0    10    -0.7   0.005
0.4948    0.0001    0    10    -0.65   0.005
0.5256    0.0001    0    10    -0.6   0.005
0.5524    0.0001    0    10    -0.55   0.005
0.5759    0.0001    0    10    -0.5   0.005
0.5967    0.0001    0    10    -0.45   0.005
0.6153    0.0001    0    10    -0.4   0.005
0.6319    0.0001    0    10    -0.35   0.005
0.6469    0.0001    0    10    -0.3   0.005
0.6603    0.0001    0    10    -0.25   0.005
0.6724    0.0001    0    10    -0.2   0.005
0.6832    0.0001    0    10    -0.15   0.005
0.6927    0.0001    0    10    -0.1   0.005
0.7009    0.0001    0    10    -0.05   0.005
0.7076    0.0001    0    10    0   0.005
0.7127    0.0001    0    10    0.05   0.005
0.716    0.0001    0    10    0.1   0.005
0.7171    0.0001    0    10    0.15   0.005
0.7156    0.0001    0    10    0.2   0.005
0.7109    0.0001    0    10    0.25   0.005
0.7023    0.0001    0    10    0.3   0.005
0.689    0.0001    0    10    0.35   0.005
0.67    0.0001    0    10    0.4   0.005
0.6442    0.0001    0    10    0.45   0.005
0.6106    0.0001    0    10    0.5   0.005
0.5683    0.0001    0    10    0.55   0.005
0.5173    0.0001    0    10    0.6   0.005
0.4581    0.0001    0    10    0.65   0.005
0.3927    0.0001    0    10    0.7   0.005
0.3241    0.0001    0    10    0.75   0.005
0.2557    0.0001    0    10    0.8   0.005
0.1904    0.0001    0    10    0.85   0.005
0.1286    0.0001    0    10    0.9   0.005
0.06767    0.0001    0    10    0.95   0.005
3.583e-07    0.0001    0    10    1   0.005
4.362e-09    0.0001    0    10    -1   0.005
0.1187    0.0001    0    10    -0.95   0.005
0.2158    0.0001    0    10    -0.9   0.005
0.2957    0.0001    0    10    -0.85   0.005
0.362    0.0001    0    10    -0.8   0.005
0.4175    0.0001    0    10    -0.75   0.005
0.4644    0.0001    0    10    -0.7   0.005
0.5044    0.0001    0    10    -0.65   0.005
0.5389    0.0001    0    10    -0.6   0.005
0.569    0.0001    0    10    -0.55   0.005
0.5954    0.0001    0    10    -0.5   0.005
0.6188    0.0001    0    10    -0.45   0.005
0.6397    0.0001    0    10    -0.4   0.005
0.6585    0.0001    0    10    -0.35   0.005
0.6755    0.0001    0    10    -0.3   0.005
0.6909    0.0001    0    10    -0.25   0.005
0.705    0.0001    0    10    -0.2   0.005
0.7177    0.0001    0    10    -0.15   0.005
0.7291    0.0001    0    10    -0.1   0.005
0.7392    0.0001    0    10    -0.05   0.005
0.748    0.0001    0    10    0   0.005
0.7553    0.0001    0    10    0.05   0.005
0.7608    0.0001    0    10    0.1   0.005
0.7642    0.0001    0    10    0.15   0.005
0.7651    0.0001    0    10    0.2   0.005
0.7629    0.0001    0    10    0.25   0.005
0.7568    0.0001    0    10    0.3   0.005
0.7459    0.0001    0    10    0.35   0.005
0.7291    0.0001    0    10    0.4   0.005
0.7055    0.0001    0    10    0.45   0.005
0.6737    0.0001    0    10    0.5   0.005
0.6333    0.0001    0    10    0.55   0.005
0.5838    0.0001    0    10    0.6   0.005
0.5262    0.0001    0    10    0.65   0.005
0.4619    0.0001    0    10    0.7   0.005
0.3935    0.0001    0    10    0.75   0.005
0.3232    0.0001    0    10    0.8   0.005
0.252    0.0001    0    10    0.85   0.005
0.1788    0.0001    0    10    0.9   0.005
0.09848    0.0001    0    10    0.95   0.005
5.417e-07    0.0001    0    10    1   0.005
3.476e-09    0.0001    0    10    -1   0.005
0.1108    0.0001    0    10    -0.95   0.005
0.2076    0.0001    0    10    -0.9   0.005
0.291    0.0001    0    10    -0.85   0.005
0.3627    0.0001    0    10    -0.8   0.005
0.424    0.0001    0    10    -0.75   0.005
0.4766    0.0001    0    10    -0.7   0.005
0.5219    0.0001    0    10    -0.65   0.005
0.5611    0.0001    0    10    -0.6   0.005
0.5953    0.0001    0    10    -0.55   0.005
0.6252    0.0001    0    10    -0.5   0.005
0.6517    0.0001    0    10    -0.45   0.005
0.6753    0.0001    0    10    -0.4   0.005
0.6965    0.0001    0    10    -0.35   0.005
0.7156    0.0001    0    10    -0.3   0.005
0.7329    0.0001    0    10    -0.25   0.005
0.7486    0.0001    0    10    -0.2   0.005
0.763    0.0001    0    10    -0.15   0.005
0.776    0.0001    0    10    -0.1   0.005
0.7876    0.0001    0    10    -0.05   0.005
0.7979    0.0001    0    10    0   0.005
0.8067    0.0001    0    10    0.05   0.005
0.8137    0.0001    0    10    0.1   0.005
0.8186    0.0001    0    10    0.15   0.005
0.8209    0.0001    0    10    0.2   0.005
0.8199    0.0001    0    10    0.25   0.005
0.8149    0.0001    0    10    0.3   0.005
0.8049    0.0001    0    10    0.35   0.005
0.7888    0.0001    0    10    0.4   0.005
0.7654    0.0001    0    10    0.45   0.005
0.7337    0.0001    0    10    0.5   0.005
0.693    0.0001    0    10    0.55   0.005
0.6432    0.0001    0    10    0.6   0.005
0.585    0.0001    0    10    0.65   0.005
0.5198    0.0001    0    10    0.7   0.005
0.4495    0.0001    0    10    0.75   0.005
0.3754    0.0001    0    10    0.8   0.005
0.2978    0.0001    0    10    0.85   0.005
0.2143    0.0001    0    10    0.9   0.005
0.1191    0.0001    0    10    0.95   0.005
6.568e-07    0.0001    0    10    1   0.005
