622.87 30.91 0.266 0.29
622.87 42.69 0.25 0.092
622.87 50.21 0.282 0.042
622.87 57.66 0.463 0.027
622.87 64.21 0.49 0.024
622.87 70.91 0.567 0.027
622.87 77.17 0.649 0.023
622.87 83.22 0.658 0.022
622.87 89.25 0.693 0.02
622.87 95.28 0.703 0.02
622.87 101.36 0.698 0.021
622.87 107.58 0.723 0.022
622.87 114.02 0.717 0.023
622.87 120.73 0.716 0.023
622.87 127.95 0.701 0.029
622.87 136.05 0.617 0.033
622.87 145.49 0.528 0.04
622.87 157.07 0.221 0.077
627.45 30.91 0.124 0.28
627.45 42.69 0.157 0.088
627.45 50.28 0.331 0.041
627.45 57.66 0.436 0.027
627.45 64.15 0.505 0.023
627.45 70.91 0.579 0.027
627.45 77.17 0.627 0.023
627.45 83.22 0.637 0.021
627.45 89.31 0.678 0.02
627.45 95.22 0.74 0.022
627.45 101.36 0.735 0.022
627.45 107.58 0.761 0.023
627.45 113.95 0.741 0.024
627.45 120.73 0.73 0.024
627.45 127.95 0.703 0.027
627.45 135.97 0.654 0.033
627.45 145.39 0.51 0.041
627.45 157.07 0.197 0.077
632.04 30.91 -0.084 0.386
632.04 42.86 0.3 0.099
632.04 50.28 0.378 0.046
632.04 57.66 0.462 0.029
632.04 64.15 0.493 0.028
632.04 70.91 0.649 0.029
632.04 77.17 0.631 0.024
632.04 83.28 0.664 0.024
632.04 89.25 0.689 0.023
632.04 95.28 0.753 0.023
632.04 101.36 0.744 0.025
632.04 107.58 0.758 0.025
632.04 113.95 0.812 0.025
632.04 120.73 0.735 0.026
632.04 128.02 0.76 0.029
632.04 135.97 0.637 0.036
632.04 145.49 0.611 0.05
632.04 156.93 0.293 0.081
635.87 30.91 0.237 0.338
635.87 42.95 0.191 0.128
635.87 50.28 0.461 0.051
635.87 57.72 0.474 0.034
635.87 64.15 0.53 0.029
635.87 70.91 0.591 0.033
635.87 77.17 0.675 0.028
635.87 83.22 0.705 0.025
635.87 89.25 0.681 0.024
635.87 95.28 0.713 0.024
635.87 101.36 0.746 0.026
635.87 107.52 0.751 0.026
635.87 114.02 0.818 0.029
635.87 120.73 0.77 0.028
635.87 128.02 0.665 0.031
635.87 136.05 0.738 0.036
635.87 145.39 0.509 0.047
635.87 157.07 0.226 0.085
639.71 30.91 0.12 0.317
639.71 42.78 0.184 0.122
639.71 50.21 0.495 0.049
639.71 57.66 0.541 0.033
639.71 64.15 0.581 0.03
639.71 70.91 0.664 0.031
639.71 77.11 0.695 0.027
639.71 83.22 0.718 0.025
639.71 89.25 0.762 0.024
639.71 95.28 0.738 0.024
639.71 101.3 0.795 0.026
639.71 107.52 0.806 0.026
639.71 113.95 0.8 0.026
639.71 120.73 0.766 0.026
639.71 127.95 0.716 0.031
639.71 136.14 0.701 0.036
639.71 145.49 0.479 0.045
639.71 157.22 0.233 0.086
