562.69 0.857975 0.625 0.327 18
562.69 0.737984 0.222 0.074 18
562.69 0.641048 0.184 0.042 18
562.69 0.537005 0.38 0.03 18
562.69 0.432086 0.422 0.025 18
562.69 0.33002 0.5 0.025 18
562.69 0.22308 0.538 0.025 18
562.69 0.117017 0.642 0.024 18
562.69 0.0130896 0.592 0.024 18
562.69 -0.092023 0.651 0.025 18
562.69 -0.196973 0.696 0.026 18
562.69 -0.301039 0.717 0.026 18
562.69 -0.407055 0.743 0.027 18
562.69 -0.510993 0.778 0.029 18
562.69 -0.615937 0.77 0.033 18
562.69 -0.718005 0.747 0.036 18
562.69 -0.821945 0.704 0.057 18
562.69 -0.912977 0.622 0.148 18
567.15 0.857975 0.126 0.271 18
567.15 0.737984 0.132 0.074 18
567.15 0.639036 0.222 0.042 18
567.15 0.537005 0.308 0.029 18
567.15 0.432086 0.364 0.026 18
567.15 0.329031 0.468 0.025 18
567.15 0.222059 0.576 0.025 18
567.15 0.117017 0.616 0.024 18
567.15 0.0130896 0.641 0.024 18
567.15 -0.092023 0.634 0.024 18
567.15 -0.196973 0.703 0.025 18
567.15 -0.301039 0.742 0.025 18
567.15 -0.405939 0.77 0.027 18
567.15 -0.510993 0.774 0.028 18
567.15 -0.614974 0.705 0.03 18
567.15 -0.718005 0.785 0.038 18
567.15 -0.82095 0.704 0.056 18
567.15 -0.916991 0.649 0.144 18
571.61 0.857975 0.377 0.283 18
571.61 0.737984 0.155 0.077 18
571.61 0.641048 0.229 0.043 18
571.61 0.537005 0.315 0.03 18
571.61 0.432086 0.415 0.03 18
571.61 0.329031 0.485 0.025 18
571.61 0.222059 0.536 0.025 18
571.61 0.118057 0.577 0.025 18
571.61 0.0130896 0.605 0.025 18
571.61 -0.092023 0.689 0.024 18
571.61 -0.196973 0.693 0.026 18
571.61 -0.301039 0.762 0.026 18
571.61 -0.407055 0.758 0.028 18
571.61 -0.510993 0.745 0.028 18
571.61 -0.614974 0.729 0.032 18
571.61 -0.718976 0.712 0.04 18
571.61 -0.821945 0.692 0.059 18
571.61 -0.911977 0.423 0.143 18
576.08 0.803026 0.326 0.307 18
576.08 0.739044 0.098 0.082 18
576.08 0.639976 0.281 0.043 18
576.08 0.537005 0.374 0.03 18
576.08 0.432086 0.421 0.027 18
576.08 0.329031 0.458 0.027 18
576.08 0.222059 0.539 0.026 18
576.08 0.118057 0.57 0.025 18
576.08 0.0130896 0.615 0.024 18
576.08 -0.092023 0.618 0.025 18
576.08 -0.196973 0.697 0.025 18
576.08 -0.302037 0.692 0.026 18
576.08 -0.407055 0.725 0.028 18
576.08 -0.510993 0.68 0.027 18
576.08 -0.614974 0.73 0.032 18
576.08 -0.718976 0.682 0.037 18
576.08 -0.82095 0.757 0.056 18
576.08 -0.912977 0.418 0.126 18
