7.043e-09    0.0001    410    10    -1   0.005
0.3095    0.0001    410    10    -0.95   0.005
0.4454    0.0001    410    10    -0.9   0.005
0.5192    0.0001    410    10    -0.85   0.005
0.5638    0.0001    410    10    -0.8   0.005
0.5925    0.0001    410    10    -0.75   0.005
0.6117    0.0001    410    10    -0.7   0.005
0.6247    0.0001    410    10    -0.65   0.005
0.6336    0.0001    410    10    -0.6   0.005
0.6395    0.0001    410    10    -0.55   0.005
0.6432    0.0001    410    10    -0.5   0.005
0.6452    0.0001    410    10    -0.45   0.005
0.646    0.0001    410    10    -0.4   0.005
0.6457    0.0001    410    10    -0.35   0.005
0.6444    0.0001    410    10    -0.3   0.005
0.6424    0.0001    410    10    -0.25   0.005
0.6396    0.0001    410    10    -0.2   0.005
0.6362    0.0001    410    10    -0.15   0.005
0.6321    0.0001    410    10    -0.1   0.005
0.6272    0.0001    410    10    -0.05   0.005
0.6217    0.0001    410    10    0   0.005
0.6153    0.0001    410    10    0.05   0.005
0.6081    0.0001    410    10    0.1   0.005
0.6    0.0001    410    10    0.15   0.005
0.5907    0.0001    410    10    0.2   0.005
0.5803    0.0001    410    10    0.25   0.005
0.5685    0.0001    410    10    0.3   0.005
0.5551    0.0001    410    10    0.35   0.005
0.5398    0.0001    410    10    0.4   0.005
0.5225    0.0001    410    10    0.45   0.005
0.5026    0.0001    410    10    0.5   0.005
0.4799    0.0001    410    10    0.55   0.005
0.4537    0.0001    410    10    0.6   0.005
0.4234    0.0001    410    10    0.65   0.005
0.3883    0.0001    410    10    0.7   0.005
0.3474    0.0001    410    10    0.75   0.005
0.2994    0.0001    410    10    0.8   0.005
0.2429    0.0001    410    10    0.85   0.005
0.1759    0.0001    410    10    0.9   0.005
0.09601    0.0001    410    10    0.95   0.005
5.023e-07    0.0001    410    10    1   0.005
1.182e-08    0.0001    430    10    -1   0.005
0.3754    0.0001    430    10    -0.95   0.005
0.509    0.0001    430    10    -0.9   0.005
0.5738    0.0001    430    10    -0.85   0.005
0.6098    0.0001    430    10    -0.8   0.005
0.6313    0.0001    430    10    -0.75   0.005
0.6444    0.0001    430    10    -0.7   0.005
0.6524    0.0001    430    10    -0.65   0.005
0.657    0.0001    430    10    -0.6   0.005
0.6593    0.0001    430    10    -0.55   0.005
0.66    0.0001    430    10    -0.5   0.005
0.6595    0.0001    430    10    -0.45   0.005
0.6579    0.0001    430    10    -0.4   0.005
0.6556    0.0001    430    10    -0.35   0.005
0.6527    0.0001    430    10    -0.3   0.005
0.6491    0.0001    430    10    -0.25   0.005
0.645    0.0001    430    10    -0.2   0.005
0.6403    0.0001    430    10    -0.15   0.005
0.635    0.0001    430    10    -0.1   0.005
0.6291    0.0001    430    10    -0.05   0.005
0.6226    0.0001    430    10    0   0.005
0.6153    0.0001    430    10    0.05   0.005
0.6071    0.0001    430    10    0.1   0.005
0.598    0.0001    430    10    0.15   0.005
0.5878    0.0001    430    10    0.2   0.005
0.5764    0.0001    430    10    0.25   0.005
0.5635    0.0001    430    10    0.3   0.005
0.5489    0.0001    430    10    0.35   0.005
0.5323    0.0001    430    10    0.4   0.005
0.5136    0.0001    430    10    0.45   0.005
0.4922    0.0001    430    10    0.5   0.005
0.4678    0.0001    430    10    0.55   0.005
0.4398    0.0001    430    10    0.6   0.005
0.4077    0.0001    430    10    0.65   0.005
0.3709    0.0001    430    10    0.7   0.005
0.3285    0.0001    430    10    0.75   0.005
0.2797    0.0001    430    10    0.8   0.005
0.2235    0.0001    430    10    0.85   0.005
0.1589    0.0001    430    10    0.9   0.005
0.08469    0.0001    430    10    0.95   0.005
4.303e-07    0.0001    430    10    1   0.005
2.115e-08    0.0001    450    10    -1   0.005
0.4586    0.0001    450    10    -0.95   0.005
0.5789    0.0001    450    10    -0.9   0.005
0.6292    0.0001    450    10    -0.85   0.005
0.6539    0.0001    450    10    -0.8   0.005
0.6666    0.0001    450    10    -0.75   0.005
0.673    0.0001    450    10    -0.7   0.005
0.6755    0.0001    450    10    -0.65   0.005
0.6758    0.0001    450    10    -0.6   0.005
0.6745    0.0001    450    10    -0.55   0.005
0.6721    0.0001    450    10    -0.5   0.005
0.669    0.0001    450    10    -0.45   0.005
0.6652    0.0001    450    10    -0.4   0.005
0.661    0.0001    450    10    -0.35   0.005
0.6564    0.0001    450    10    -0.3   0.005
0.6514    0.0001    450    10    -0.25   0.005
0.6459    0.0001    450    10    -0.2   0.005
0.6401    0.0001    450    10    -0.15   0.005
0.6337    0.0001    450    10    -0.1   0.005
0.6268    0.0001    450    10    -0.05   0.005
0.6193    0.0001    450    10    0   0.005
0.6111    0.0001    450    10    0.05   0.005
0.602    0.0001    450    10    0.1   0.005
0.5919    0.0001    450    10    0.15   0.005
0.5807    0.0001    450    10    0.2   0.005
0.5681    0.0001    450    10    0.25   0.005
0.5541    0.0001    450    10    0.3   0.005
0.5382    0.0001    450    10    0.35   0.005
0.5203    0.0001    450    10    0.4   0.005
0.4999    0.0001    450    10    0.45   0.005
0.4769    0.0001    450    10    0.5   0.005
0.4506    0.0001    450    10    0.55   0.005
0.4208    0.0001    450    10    0.6   0.005
0.3869    0.0001    450    10    0.65   0.005
0.3484    0.0001    450    10    0.7   0.005
0.3047    0.0001    450    10    0.75   0.005
0.2555    0.0001    450    10    0.8   0.005
0.2004    0.0001    450    10    0.85   0.005
0.1392    0.0001    450    10    0.9   0.005
0.07212    0.0001    450    10    0.95   0.005
3.538e-07    0.0001    450    10    1   0.005
4.285e-08    0.0001    470    10    -1   0.005
0.5615    0.0001    470    10    -0.95   0.005
0.6527    0.0001    470    10    -0.9   0.005
0.6832    0.0001    470    10    -0.85   0.005
0.6946    0.0001    470    10    -0.8   0.005
0.6979    0.0001    470    10    -0.75   0.005
0.6973    0.0001    470    10    -0.7   0.005
0.6945    0.0001    470    10    -0.65   0.005
0.6905    0.0001    470    10    -0.6   0.005
0.6858    0.0001    470    10    -0.55   0.005
0.6806    0.0001    470    10    -0.5   0.005
0.6751    0.0001    470    10    -0.45   0.005
0.6694    0.0001    470    10    -0.4   0.005
0.6635    0.0001    470    10    -0.35   0.005
0.6573    0.0001    470    10    -0.3   0.005
0.651    0.0001    470    10    -0.25   0.005
0.6444    0.0001    470    10    -0.2   0.005
0.6374    0.0001    470    10    -0.15   0.005
0.6301    0.0001    470    10    -0.1   0.005
0.6222    0.0001    470    10    -0.05   0.005
0.6138    0.0001    470    10    0   0.005
0.6046    0.0001    470    10    0.05   0.005
0.5946    0.0001    470    10    0.1   0.005
0.5836    0.0001    470    10    0.15   0.005
0.5713    0.0001    470    10    0.2   0.005
0.5576    0.0001    470    10    0.25   0.005
0.5423    0.0001    470    10    0.3   0.005
0.5251    0.0001    470    10    0.35   0.005
0.5056    0.0001    470    10    0.4   0.005
0.4836    0.0001    470    10    0.45   0.005
0.4587    0.0001    470    10    0.5   0.005
0.4305    0.0001    470    10    0.55   0.005
0.3987    0.0001    470    10    0.6   0.005
0.3628    0.0001    470    10    0.65   0.005
0.3226    0.0001    470    10    0.7   0.005
0.2778    0.0001    470    10    0.75   0.005
0.2285    0.0001    470    10    0.8   0.005
0.175    0.0001    470    10    0.85   0.005
0.1181    0.0001    470    10    0.9   0.005
0.05904    0.0001    470    10    0.95   0.005
2.773e-07    0.0001    470    10    1   0.005
1.069e-07    0.0001    490    10    -1   0.005
0.6736    0.0001    490    10    -0.95   0.005
0.7216    0.0001    490    10    -0.9   0.005
0.7303    0.0001    490    10    -0.85   0.005
0.7288    0.0001    490    10    -0.8   0.005
0.7235    0.0001    490    10    -0.75   0.005
0.7168    0.0001    490    10    -0.7   0.005
0.7095    0.0001    490    10    -0.65   0.005
0.702    0.0001    490    10    -0.6   0.005
0.6945    0.0001    490    10    -0.55   0.005
0.687    0.0001    490    10    -0.5   0.005
0.6796    0.0001    490    10    -0.45   0.005
0.6723    0.0001    490    10    -0.4   0.005
0.6651    0.0001    490    10    -0.35   0.005
0.6578    0.0001    490    10    -0.3   0.005
0.6503    0.0001    490    10    -0.25   0.005
0.6428    0.0001    490    10    -0.2   0.005
0.635    0.0001    490    10    -0.15   0.005
0.6268    0.0001    490    10    -0.1   0.005
0.6181    0.0001    490    10    -0.05   0.005
0.6089    0.0001    490    10    0   0.005
0.5989    0.0001    490    10    0.05   0.005
0.588    0.0001    490    10    0.1   0.005
0.576    0.0001    490    10    0.15   0.005
0.5627    0.0001    490    10    0.2   0.005
0.5479    0.0001    490    10    0.25   0.005
0.5313    0.0001    490    10    0.3   0.005
0.5125    0.0001    490    10    0.35   0.005
0.4914    0.0001    490    10    0.4   0.005
0.4676    0.0001    490    10    0.45   0.005
0.4407    0.0001    490    10    0.5   0.005
0.4103    0.0001    490    10    0.55   0.005
0.3762    0.0001    490    10    0.6   0.005
0.3381    0.0001    490    10    0.65   0.005
0.2961    0.0001    490    10    0.7   0.005
0.2501    0.0001    490    10    0.75   0.005
0.2008    0.0001    490    10    0.8   0.005
0.1492    0.0001    490    10    0.85   0.005
0.09692    0.0001    490    10    0.9   0.005
0.04619    0.0001    490    10    0.95   0.005
2.041e-07    0.0001    490    10    1   0.005
2.911e-07    0.0001    510    10    -1   0.005
0.7558    0.0001    510    10    -0.95   0.005
0.7686    0.0001    510    10    -0.9   0.005
0.7623    0.0001    510    10    -0.85   0.005
0.7523    0.0001    510    10    -0.8   0.005
0.7416    0.0001    510    10    -0.75   0.005
0.7311    0.0001    510    10    -0.7   0.005
0.7209    0.0001    510    10    -0.65   0.005
0.7112    0.0001    510    10    -0.6   0.005
0.702    0.0001    510    10    -0.55   0.005
0.6931    0.0001    510    10    -0.5   0.005
0.6846    0.0001    510    10    -0.45   0.005
0.6763    0.0001    510    10    -0.4   0.005
0.6682    0.0001    510    10    -0.35   0.005
0.6601    0.0001    510    10    -0.3   0.005
0.652    0.0001    510    10    -0.25   0.005
0.6438    0.0001    510    10    -0.2   0.005
0.6354    0.0001    510    10    -0.15   0.005
0.6266    0.0001    510    10    -0.1   0.005
0.6174    0.0001    510    10    -0.05   0.005
0.6075    0.0001    510    10    0   0.005
0.5969    0.0001    510    10    0.05   0.005
0.5852    0.0001    510    10    0.1   0.005
0.5724    0.0001    510    10    0.15   0.005
0.5582    0.0001    510    10    0.2   0.005
0.5422    0.0001    510    10    0.25   0.005
0.5243    0.0001    510    10    0.3   0.005
0.5042    0.0001    510    10    0.35   0.005
0.4813    0.0001    510    10    0.4   0.005
0.4555    0.0001    510    10    0.45   0.005
0.4263    0.0001    510    10    0.5   0.005
0.3935    0.0001    510    10    0.55   0.005
0.3569    0.0001    510    10    0.6   0.005
0.3163    0.0001    510    10    0.65   0.005
0.2719    0.0001    510    10    0.7   0.005
0.2244    0.0001    510    10    0.75   0.005
0.1748    0.0001    510    10    0.8   0.005
0.1249    0.0001    510    10    0.85   0.005
0.07696    0.0001    510    10    0.9   0.005
0.03417    0.0001    510    10    0.95   0.005
1.368e-07    0.0001    510    10    1   0.005
2.408e-07    0.0001    530    10    -1   0.005
0.7529    0.0001    530    10    -0.95   0.005
0.7747    0.0001    530    10    -0.9   0.005
0.7704    0.0001    530    10    -0.85   0.005
0.7607    0.0001    530    10    -0.8   0.005
0.7498    0.0001    530    10    -0.75   0.005
0.7389    0.0001    530    10    -0.7   0.005
0.7284    0.0001    530    10    -0.65   0.005
0.7183    0.0001    530    10    -0.6   0.005
0.7088    0.0001    530    10    -0.55   0.005
0.6997    0.0001    530    10    -0.5   0.005
0.6909    0.0001    530    10    -0.45   0.005
0.6823    0.0001    530    10    -0.4   0.005
0.674    0.0001    530    10    -0.35   0.005
0.6657    0.0001    530    10    -0.3   0.005
0.6574    0.0001    530    10    -0.25   0.005
0.6489    0.0001    530    10    -0.2   0.005
0.6402    0.0001    530    10    -0.15   0.005
0.6312    0.0001    530    10    -0.1   0.005
0.6216    0.0001    530    10    -0.05   0.005
0.6113    0.0001    530    10    0   0.005
0.6002    0.0001    530    10    0.05   0.005
0.588    0.0001    530    10    0.1   0.005
0.5745    0.0001    530    10    0.15   0.005
0.5594    0.0001    530    10    0.2   0.005
0.5425    0.0001    530    10    0.25   0.005
0.5233    0.0001    530    10    0.3   0.005
0.5017    0.0001    530    10    0.35   0.005
0.4771    0.0001    530    10    0.4   0.005
0.4492    0.0001    530    10    0.45   0.005
0.4176    0.0001    530    10    0.5   0.005
0.3821    0.0001    530    10    0.55   0.005
0.3425    0.0001    530    10    0.6   0.005
0.2988    0.0001    530    10    0.65   0.005
0.2517    0.0001    530    10    0.7   0.005
0.202    0.0001    530    10    0.75   0.005
0.1515    0.0001    530    10    0.8   0.005
0.1026    0.0001    530    10    0.85   0.005
0.05853    0.0001    530    10    0.9   0.005
0.02307    0.0001    530    10    0.95   0.005
7.505e-08    0.0001    530    10    1   0.005
9.937e-08    0.0001    550    10    -1   0.005
0.6591    0.0001    550    10    -0.95   0.005
0.7347    0.0001    550    10    -0.9   0.005
0.7513    0.0001    550    10    -0.85   0.005
0.7519    0.0001    550    10    -0.8   0.005
0.7469    0.0001    550    10    -0.75   0.005
0.7396    0.0001    550    10    -0.7   0.005
0.7315    0.0001    550    10    -0.65   0.005
0.7232    0.0001    550    10    -0.6   0.005
0.7149    0.0001    550    10    -0.55   0.005
0.7067    0.0001    550    10    -0.5   0.005
0.6986    0.0001    550    10    -0.45   0.005
0.6906    0.0001    550    10    -0.4   0.005
0.6827    0.0001    550    10    -0.35   0.005
0.6748    0.0001    550    10    -0.3   0.005
0.6667    0.0001    550    10    -0.25   0.005
0.6585    0.0001    550    10    -0.2   0.005
0.6499    0.0001    550    10    -0.15   0.005
0.6409    0.0001    550    10    -0.1   0.005
0.6313    0.0001    550    10    -0.05   0.005
0.6209    0.0001    550    10    0   0.005
0.6096    0.0001    550    10    0.05   0.005
0.5971    0.0001    550    10    0.1   0.005
0.5832    0.0001    550    10    0.15   0.005
0.5675    0.0001    550    10    0.2   0.005
0.5498    0.0001    550    10    0.25   0.005
0.5297    0.0001    550    10    0.3   0.005
0.5067    0.0001    550    10    0.35   0.005
0.4804    0.0001    550    10    0.4   0.005
0.4504    0.0001    550    10    0.45   0.005
0.4164    0.0001    550    10    0.5   0.005
0.3779    0.0001    550    10    0.55   0.005
0.335    0.0001    550    10    0.6   0.005
0.2879    0.0001    550    10    0.65   0.005
0.2373    0.0001    550    10    0.7   0.005
0.1847    0.0001    550    10    0.75   0.005
0.1324    0.0001    550    10    0.8   0.005
0.08366    0.0001    550    10    0.85   0.005
0.0425    0.0001    550    10    0.9   0.005
0.01329    0.0001    550    10    0.95   0.005
2.044e-08    0.0001    550    10    1   0.005
5.056e-08    0.0001    570    10    -1   0.005
0.5264    0.0001    570    10    -0.95   0.005
0.6607    0.0001    570    10    -0.9   0.005
0.709    0.0001    570    10    -0.85   0.005
0.7275    0.0001    570    10    -0.8   0.005
0.7334    0.0001    570    10    -0.75   0.005
0.7333    0.0001    570    10    -0.7   0.005
0.7301    0.0001    570    10    -0.65   0.005
0.7254    0.0001    570    10    -0.6   0.005
0.7197    0.0001    570    10    -0.55   0.005
0.7136    0.0001    570    10    -0.5   0.005
0.7071    0.0001    570    10    -0.45   0.005
0.7004    0.0001    570    10    -0.4   0.005
0.6936    0.0001    570    10    -0.35   0.005
0.6865    0.0001    570    10    -0.3   0.005
0.6792    0.0001    570    10    -0.25   0.005
0.6715    0.0001    570    10    -0.2   0.005
0.6634    0.0001    570    10    -0.15   0.005
0.6548    0.0001    570    10    -0.1   0.005
0.6455    0.0001    570    10    -0.05   0.005
0.6353    0.0001    570    10    0   0.005
0.6241    0.0001    570    10    0.05   0.005
0.6116    0.0001    570    10    0.1   0.005
0.5976    0.0001    570    10    0.15   0.005
0.5816    0.0001    570    10    0.2   0.005
0.5634    0.0001    570    10    0.25   0.005
0.5424    0.0001    570    10    0.3   0.005
0.5184    0.0001    570    10    0.35   0.005
0.4907    0.0001    570    10    0.4   0.005
0.4588    0.0001    570    10    0.45   0.005
0.4224    0.0001    570    10    0.5   0.005
0.3812    0.0001    570    10    0.55   0.005
0.3349    0.0001    570    10    0.6   0.005
0.2841    0.0001    570    10    0.65   0.005
0.2297    0.0001    570    10    0.7   0.005
0.1737    0.0001    570    10    0.75   0.005
0.1189    0.0001    570    10    0.8   0.005
0.06939    0.0001    570    10    0.85   0.005
0.02994    0.0001    570    10    0.9   0.005
0.005451    0.0001    570    10    0.95   0.005
-2.391e-08    0.0001    570    10    1   0.005
3.111e-08    0.0001    590    10    -1   0.005
0.4027    0.0001    590    10    -0.95   0.005
0.5722    0.0001    590    10    -0.9   0.005
0.6518    0.0001    590    10    -0.85   0.005
0.6915    0.0001    590    10    -0.8   0.005
0.7115    0.0001    590    10    -0.75   0.005
0.7211    0.0001    590    10    -0.7   0.005
0.7249    0.0001    590    10    -0.65   0.005
0.7253    0.0001    590    10    -0.6   0.005
0.7235    0.0001    590    10    -0.55   0.005
0.7204    0.0001    590    10    -0.5   0.005
0.7163    0.0001    590    10    -0.45   0.005
0.7116    0.0001    590    10    -0.4   0.005
0.7063    0.0001    590    10    -0.35   0.005
0.7006    0.0001    590    10    -0.3   0.005
0.6944    0.0001    590    10    -0.25   0.005
0.6878    0.0001    590    10    -0.2   0.005
0.6806    0.0001    590    10    -0.15   0.005
0.6727    0.0001    590    10    -0.1   0.005
0.6641    0.0001    590    10    -0.05   0.005
0.6546    0.0001    590    10    0   0.005
0.6439    0.0001    590    10    0.05   0.005
0.6318    0.0001    590    10    0.1   0.005
0.618    0.0001    590    10    0.15   0.005
0.6022    0.0001    590    10    0.2   0.005
0.584    0.0001    590    10    0.25   0.005
0.5629    0.0001    590    10    0.3   0.005
0.5384    0.0001    590    10    0.35   0.005
0.5099    0.0001    590    10    0.4   0.005
0.4769    0.0001    590    10    0.45   0.005
0.4389    0.0001    590    10    0.5   0.005
0.3955    0.0001    590    10    0.55   0.005
0.3466    0.0001    590    10    0.6   0.005
0.2927    0.0001    590    10    0.65   0.005
0.2348    0.0001    590    10    0.7   0.005
0.1753    0.0001    590    10    0.75   0.005
0.1174    0.0001    590    10    0.8   0.005
0.06569    0.0001    590    10    0.85   0.005
0.02552    0.0001    590    10    0.9   0.005
0.002203    0.0001    590    10    0.95   0.005
-4.432e-08    0.0001    590    10    1   0.005
2.146e-08    0.0001    610    10    -1   0.005
0.3046    0.0001    610    10    -0.95   0.005
0.4849    0.0001    610    10    -0.9   0.005
0.5887    0.0001    610    10    -0.85   0.005
0.6491    0.0001    610    10    -0.8   0.005
0.6846    0.0001    610    10    -0.75   0.005
0.7055    0.0001    610    10    -0.7   0.005
0.7177    0.0001    610    10    -0.65   0.005
0.7244    0.0001    610    10    -0.6   0.005
0.7274    0.0001    610    10    -0.55   0.005
0.7281    0.0001    610    10    -0.5   0.005
0.7271    0.0001    610    10    -0.45   0.005
0.7249    0.0001    610    10    -0.4   0.005
0.7218    0.0001    610    10    -0.35   0.005
0.7179    0.0001    610    10    -0.3   0.005
0.7133    0.0001    610    10    -0.25   0.005
0.708    0.0001    610    10    -0.2   0.005
0.7021    0.0001    610    10    -0.15   0.005
0.6955    0.0001    610    10    -0.1   0.005
0.688    0.0001    610    10    -0.05   0.005
0.6795    0.0001    610    10    0   0.005
0.6699    0.0001    610    10    0.05   0.005
0.6588    0.0001    610    10    0.1   0.005
0.646    0.0001    610    10    0.15   0.005
0.6312    0.0001    610    10    0.2   0.005
0.6138    0.0001    610    10    0.25   0.005
0.5935    0.0001    610    10    0.3   0.005
0.5696    0.0001    610    10    0.35   0.005
0.5416    0.0001    610    10    0.4   0.005
0.5089    0.0001    610    10    0.45   0.005
0.4708    0.0001    610    10    0.5   0.005
0.4269    0.0001    610    10    0.55   0.005
0.3772    0.0001    610    10    0.6   0.005
0.3218    0.0001    610    10    0.65   0.005
0.2619    0.0001    610    10    0.7   0.005
0.1997    0.0001    610    10    0.75   0.005
0.1383    0.0001    610    10    0.8   0.005
0.08237    0.0001    610    10    0.85   0.005
0.03716    0.0001    610    10    0.9   0.005
0.008155    0.0001    610    10    0.95   0.005
-1.634e-08    0.0001    610    10    1   0.005
1.593e-08    0.0001    630    10    -1   0.005
0.2334    0.0001    630    10    -0.95   0.005
0.409    0.0001    630    10    -0.9   0.005
0.5282    0.0001    630    10    -0.85   0.005
0.6062    0.0001    630    10    -0.8   0.005
0.6567    0.0001    630    10    -0.75   0.005
0.6894    0.0001    630    10    -0.7   0.005
0.7106    0.0001    630    10    -0.65   0.005
0.7243    0.0001    630    10    -0.6   0.005
0.7329    0.0001    630    10    -0.55   0.005
0.7379    0.0001    630    10    -0.5   0.005
0.7405    0.0001    630    10    -0.45   0.005
0.7413    0.0001    630    10    -0.4   0.005
0.7407    0.0001    630    10    -0.35   0.005
0.7391    0.0001    630    10    -0.3   0.005
0.7365    0.0001    630    10    -0.25   0.005
0.7332    0.0001    630    10    -0.2   0.005
0.729    0.0001    630    10    -0.15   0.005
0.7241    0.0001    630    10    -0.1   0.005
0.7183    0.0001    630    10    -0.05   0.005
0.7115    0.0001    630    10    0   0.005
0.7036    0.0001    630    10    0.05   0.005
0.6944    0.0001    630    10    0.1   0.005
0.6835    0.0001    630    10    0.15   0.005
0.6706    0.0001    630    10    0.2   0.005
0.6553    0.0001    630    10    0.25   0.005
0.6372    0.0001    630    10    0.3   0.005
0.6156    0.0001    630    10    0.35   0.005
0.59    0.0001    630    10    0.4   0.005
0.5597    0.0001    630    10    0.45   0.005
0.5241    0.0001    630    10    0.5   0.005
0.4827    0.0001    630    10    0.55   0.005
0.435    0.0001    630    10    0.6   0.005
0.3813    0.0001    630    10    0.65   0.005
0.3221    0.0001    630    10    0.7   0.005
0.259    0.0001    630    10    0.75   0.005
0.1944    0.0001    630    10    0.8   0.005
0.1318    0.0001    630    10    0.85   0.005
0.07535    0.0001    630    10    0.9   0.005
0.02989    0.0001    630    10    0.95   0.005
9.859e-08    0.0001    630    10    1   0.005
1.234e-08    0.0001    650    10    -1   0.005
0.1842    0.0001    650    10    -0.95   0.005
0.3483    0.0001    650    10    -0.9   0.005
0.4752    0.0001    650    10    -0.85   0.005
0.5665    0.0001    650    10    -0.8   0.005
0.6303    0.0001    650    10    -0.75   0.005
0.6743    0.0001    650    10    -0.7   0.005
0.7047    0.0001    650    10    -0.65   0.005
0.7258    0.0001    650    10    -0.6   0.005
0.7402    0.0001    650    10    -0.55   0.005
0.7502    0.0001    650    10    -0.5   0.005
0.7568    0.0001    650    10    -0.45   0.005
0.761    0.0001    650    10    -0.4   0.005
0.7634    0.0001    650    10    -0.35   0.005
0.7644    0.0001    650    10    -0.3   0.005
0.7644    0.0001    650    10    -0.25   0.005
0.7634    0.0001    650    10    -0.2   0.005
0.7615    0.0001    650    10    -0.15   0.005
0.7589    0.0001    650    10    -0.1   0.005
0.7555    0.0001    650    10    -0.05   0.005
0.7512    0.0001    650    10    0   0.005
0.7458    0.0001    650    10    0.05   0.005
0.7394    0.0001    650    10    0.1   0.005
0.7314    0.0001    650    10    0.15   0.005
0.7218    0.0001    650    10    0.2   0.005
0.7101    0.0001    650    10    0.25   0.005
0.6958    0.0001    650    10    0.3   0.005
0.6785    0.0001    650    10    0.35   0.005
0.6576    0.0001    650    10    0.4   0.005
0.6323    0.0001    650    10    0.45   0.005
0.602    0.0001    650    10    0.5   0.005
0.5661    0.0001    650    10    0.55   0.005
0.5241    0.0001    650    10    0.6   0.005
0.4755    0.0001    650    10    0.65   0.005
0.4204    0.0001    650    10    0.7   0.005
0.3592    0.0001    650    10    0.75   0.005
0.2925    0.0001    650    10    0.8   0.005
0.2218    0.0001    650    10    0.85   0.005
0.1485    0.0001    650    10    0.9   0.005
0.0742    0.0001    650    10    0.95   0.005
3.522e-07    0.0001    650    10    1   0.005
9.783e-09    0.0001    670    10    -1   0.005
0.1531    0.0001    670    10    -0.95   0.005
0.3046    0.0001    670    10    -0.9   0.005
0.433    0.0001    670    10    -0.85   0.005
0.5326    0.0001    670    10    -0.8   0.005
0.6064    0.0001    670    10    -0.75   0.005
0.6601    0.0001    670    10    -0.7   0.005
0.6989    0.0001    670    10    -0.65   0.005
0.727    0.0001    670    10    -0.6   0.005
0.7475    0.0001    670    10    -0.55   0.005
0.7624    0.0001    670    10    -0.5   0.005
0.7734    0.0001    670    10    -0.45   0.005
0.7814    0.0001    670    10    -0.4   0.005
0.7871    0.0001    670    10    -0.35   0.005
0.7913    0.0001    670    10    -0.3   0.005
0.7941    0.0001    670    10    -0.25   0.005
0.796    0.0001    670    10    -0.2   0.005
0.797    0.0001    670    10    -0.15   0.005
0.7972    0.0001    670    10    -0.1   0.005
0.7967    0.0001    670    10    -0.05   0.005
0.7955    0.0001    670    10    0   0.005
0.7935    0.0001    670    10    0.05   0.005
0.7906    0.0001    670    10    0.1   0.005
0.7866    0.0001    670    10    0.15   0.005
0.7812    0.0001    670    10    0.2   0.005
0.7742    0.0001    670    10    0.25   0.005
0.7651    0.0001    670    10    0.3   0.005
0.7535    0.0001    670    10    0.35   0.005
0.7387    0.0001    670    10    0.4   0.005
0.7203    0.0001    670    10    0.45   0.005
0.6974    0.0001    670    10    0.5   0.005
0.6694    0.0001    670    10    0.55   0.005
0.6354    0.0001    670    10    0.6   0.005
0.5947    0.0001    670    10    0.65   0.005
0.5464    0.0001    670    10    0.7   0.005
0.4898    0.0001    670    10    0.75   0.005
0.4237    0.0001    670    10    0.8   0.005
0.3465    0.0001    670    10    0.85   0.005
0.2551    0.0001    670    10    0.9   0.005
0.1436    0.0001    670    10    0.95   0.005
7.952e-07    0.0001    670    10    1   0.005
7.72e-09    0.0001    690    10    -1   0.005
0.1361    0.0001    690    10    -0.95   0.005
0.2757    0.0001    690    10    -0.9   0.005
0.4002    0.0001    690    10    -0.85   0.005
0.5019    0.0001    690    10    -0.8   0.005
0.5813    0.0001    690    10    -0.75   0.005
0.6416    0.0001    690    10    -0.7   0.005
0.6872    0.0001    690    10    -0.65   0.005
0.7217    0.0001    690    10    -0.6   0.005
0.7478    0.0001    690    10    -0.55   0.005
0.7679    0.0001    690    10    -0.5   0.005
0.7835    0.0001    690    10    -0.45   0.005
0.7957    0.0001    690    10    -0.4   0.005
0.8053    0.0001    690    10    -0.35   0.005
0.8131    0.0001    690    10    -0.3   0.005
0.8194    0.0001    690    10    -0.25   0.005
0.8246    0.0001    690    10    -0.2   0.005
0.829    0.0001    690    10    -0.15   0.005
0.8326    0.0001    690    10    -0.1   0.005
0.8356    0.0001    690    10    -0.05   0.005
0.8381    0.0001    690    10    0   0.005
0.8399    0.0001    690    10    0.05   0.005
0.8411    0.0001    690    10    0.1   0.005
0.8414    0.0001    690    10    0.15   0.005
0.8408    0.0001    690    10    0.2   0.005
0.8389    0.0001    690    10    0.25   0.005
0.8355    0.0001    690    10    0.3   0.005
0.83    0.0001    690    10    0.35   0.005
0.822    0.0001    690    10    0.4   0.005
0.8108    0.0001    690    10    0.45   0.005
0.7957    0.0001    690    10    0.5   0.005
0.776    0.0001    690    10    0.55   0.005
0.7505    0.0001    690    10    0.6   0.005
0.7183    0.0001    690    10    0.65   0.005
0.678    0.0001    690    10    0.7   0.005
0.6277    0.0001    690    10    0.75   0.005
0.5648    0.0001    690    10    0.8   0.005
0.4848    0.0001    690    10    0.85   0.005
0.3795    0.0001    690    10    0.9   0.005
0.2317    0.0001    690    10    0.95   0.005
1.439e-06    0.0001    690    10    1   0.005
5.528e-09    0.0001    710    10    -1   0.005
0.1268    0.0001    710    10    -0.95   0.005
0.2541    0.0001    710    10    -0.9   0.005
0.3699    0.0001    710    10    -0.85   0.005
0.4685    0.0001    710    10    -0.8   0.005
0.5491    0.0001    710    10    -0.75   0.005
0.6135    0.0001    710    10    -0.7   0.005
0.6645    0.0001    710    10    -0.65   0.005
0.7048    0.0001    710    10    -0.6   0.005
0.7368    0.0001    710    10    -0.55   0.005
0.7624    0.0001    710    10    -0.5   0.005
0.783    0.0001    710    10    -0.45   0.005
0.7998    0.0001    710    10    -0.4   0.005
0.8138    0.0001    710    10    -0.35   0.005
0.8255    0.0001    710    10    -0.3   0.005
0.8355    0.0001    710    10    -0.25   0.005
0.8441    0.0001    710    10    -0.2   0.005
0.8517    0.0001    710    10    -0.15   0.005
0.8585    0.0001    710    10    -0.1   0.005
0.8646    0.0001    710    10    -0.05   0.005
0.8702    0.0001    710    10    0   0.005
0.8751    0.0001    710    10    0.05   0.005
0.8794    0.0001    710    10    0.1   0.005
0.883    0.0001    710    10    0.15   0.005
0.8858    0.0001    710    10    0.2   0.005
0.8875    0.0001    710    10    0.25   0.005
0.8877    0.0001    710    10    0.3   0.005
0.8862    0.0001    710    10    0.35   0.005
0.8824    0.0001    710    10    0.4   0.005
0.8757    0.0001    710    10    0.45   0.005
0.8654    0.0001    710    10    0.5   0.005
0.8506    0.0001    710    10    0.55   0.005
0.8303    0.0001    710    10    0.6   0.005
0.8031    0.0001    710    10    0.65   0.005
0.7676    0.0001    710    10    0.7   0.005
0.7213    0.0001    710    10    0.75   0.005
0.6607    0.0001    710    10    0.8   0.005
0.5798    0.0001    710    10    0.85   0.005
0.4669    0.0001    710    10    0.9   0.005
0.2966    0.0001    710    10    0.95   0.005
1.961e-06    0.0001    710    10    1   0.005
