-0.084    0.183    408.74    10    0.83504   0.05
0.165    0.123    408.74    10    0.739983   0.05
0.429    0.064    408.74    10    0.641048   0.05
0.458    0.044    408.74    10    0.537005   0.05
0.48    0.04    408.74    10    0.43303   0.05
0.556    0.036    408.74    10    0.328042   0.05
0.606    0.036    408.74    10    0.22308   0.05
0.608    0.035    408.74    10    0.118057   0.05
0.683    0.037    408.74    10    0.0139622   0.05
0.668    0.039    408.74    10    -0.0909802   0.05
0.7    0.039    408.74    10    -0.195946   0.05
0.635    0.042    408.74    10    -0.301039   0.05
0.647    0.044    408.74    10    -0.404982   0.05
0.661    0.045    408.74    10    -0.509943   0.05
0.634    0.051    408.74    10    -0.61401   0.05
0.594    0.063    408.74    10    -0.718005   0.05
0.497    0.088    408.74    10    -0.824027   0.05
0.41    0.137    408.74    10    -0.925011   0.05
0.73    0.204    430.07    10    0.830984   0.05
0.28    0.078    430.07    10    0.743028   0.05
0.319    0.055    430.07    10    0.641048   0.05
0.431    0.046    430.07    10    0.538035   0.05
0.516    0.042    430.07    10    0.43303   0.05
0.537    0.036    430.07    10    0.328042   0.05
0.645    0.037    430.07    10    0.22308   0.05
0.581    0.036    430.07    10    0.118057   0.05
0.695    0.038    430.07    10    0.0130896   0.05
0.69    0.04    430.07    10    -0.0909802   0.05
0.71    0.043    430.07    10    -0.195946   0.05
0.729    0.046    430.07    10    -0.301039   0.05
0.773    0.045    430.07    10    -0.405939   0.05
0.735    0.048    430.07    10    -0.510993   0.05
0.714    0.051    430.07    10    -0.61401   0.05
0.697    0.064    430.07    10    -0.717032   0.05
0.445    0.098    430.07    10    -0.821945   0.05
-0.088    0.171    430.07    10    -0.924013   0.05
0.249    0.162    451.66    10    0.829038   0.05
0.382    0.069    451.66    10    0.743028   0.05
0.361    0.049    451.66    10    0.641985   0.05
0.338    0.038    451.66    10    0.538035   0.05
0.536    0.035    451.66    10    0.43303   0.05
0.511    0.033    451.66    10    0.328042   0.05
0.541    0.032    451.66    10    0.22308   0.05
0.553    0.033    451.66    10    0.118057   0.05
0.587    0.035    451.66    10    0.0139622   0.05
0.63    0.038    451.66    10    -0.0899374   0.05
0.701    0.04    451.66    10    -0.196973   0.05
0.782    0.04    451.66    10    -0.302037   0.05
0.68    0.041    451.66    10    -0.405939   0.05
0.666    0.043    451.66    10    -0.510993   0.05
0.666    0.046    451.66    10    -0.61401   0.05
0.676    0.058    451.66    10    -0.715936   0.05
0.842    0.09    451.66    10    -0.821945   0.05
0.422    0.16    451.66    10    -0.920027   0.05
0.251    0.169    468.55    10    0.825015   0.05
0.312    0.063    468.55    10    0.741976   0.05
0.341    0.045    468.55    10    0.641048   0.05
0.391    0.036    468.55    10    0.538035   0.05
0.454    0.032    468.55    10    0.43303   0.05
0.512    0.03    468.55    10    0.328042   0.05
0.567    0.03    468.55    10    0.22308   0.05
0.528    0.03    468.55    10    0.118924   0.05
0.641    0.032    468.55    10    0.0139622   0.05
0.668    0.034    468.55    10    -0.0909802   0.05
0.698    0.034    468.55    10    -0.196973   0.05
0.702    0.035    468.55    10    -0.302037   0.05
0.715    0.037    468.55    10    -0.405939   0.05
0.78    0.039    468.55    10    -0.510993   0.05
0.71    0.042    468.55    10    -0.614974   0.05
0.751    0.052    468.55    10    -0.715936   0.05
0.638    0.088    468.55    10    -0.819952   0.05
0.541    0.175    468.55    10    -0.920027   0.05
0.181    0.162    489.87    10    0.820052   0.05
0.194    0.061    489.87    10    0.741976   0.05
0.345    0.041    489.87    10    0.641048   0.05
0.356    0.033    489.87    10    0.537005   0.05
0.454    0.029    489.87    10    0.43303   0.05
0.516    0.028    489.87    10    0.328042   0.05
0.563    0.026    489.87    10    0.223931   0.05
0.582    0.028    489.87    10    0.118924   0.05
0.664    0.03    489.87    10    0.0130896   0.05
0.6    0.03    489.87    10    -0.092023   0.05
0.686    0.031    489.87    10    -0.196973   0.05
0.678    0.031    489.87    10    -0.302037   0.05
0.709    0.034    489.87    10    -0.405939   0.05
0.78    0.035    489.87    10    -0.510993   0.05
0.799    0.04    489.87    10    -0.614974   0.05
0.76    0.051    489.87    10    -0.717032   0.05
0.823    0.075    489.87    10    -0.82095   0.05
0.55    0.181    489.87    10    -0.916991   0.05
0.333    0.215    511.44    10    0.812999   0.05
0.114    0.065    511.44    10    0.741039   0.05
0.259    0.043    511.44    10    0.641048   0.05
0.357    0.033    511.44    10    0.538035   0.05
0.374    0.029    511.44    10    0.43303   0.05
0.453    0.028    511.44    10    0.328042   0.05
0.545    0.027    511.44    10    0.223931   0.05
0.59    0.028    511.44    10    0.118924   0.05
0.573    0.029    511.44    10    0.0130896   0.05
0.641    0.029    511.44    10    -0.092023   0.05
0.684    0.03    511.44    10    -0.196973   0.05
0.716    0.031    511.44    10    -0.302037   0.05
0.705    0.032    511.44    10    -0.407055   0.05
0.785    0.035    511.44    10    -0.510993   0.05
0.725    0.04    511.44    10    -0.614974   0.05
0.756    0.049    511.44    10    -0.717032   0.05
0.616    0.072    511.44    10    -0.819952   0.05
0.66    0.165    511.44    10    -0.91503   0.05
0.256    0.223    528.86    10    0.811982   0.05
0.207    0.068    528.86    10    0.739983   0.05
0.314    0.041    528.86    10    0.641048   0.05
0.41    0.033    528.86    10    0.537005   0.05
0.391    0.029    528.86    10    0.432086   0.05
0.472    0.026    528.86    10    0.328042   0.05
0.519    0.027    528.86    10    0.224951   0.05
0.591    0.027    528.86    10    0.118057   0.05
0.575    0.027    528.86    10    0.0130896   0.05
0.672    0.029    528.86    10    -0.092023   0.05
0.672    0.028    528.86    10    -0.195946   0.05
0.698    0.03    528.86    10    -0.301039   0.05
0.71    0.03    528.86    10    -0.407055   0.05
0.752    0.034    528.86    10    -0.510993   0.05
0.804    0.037    528.86    10    -0.614974   0.05
0.769    0.044    528.86    10    -0.718005   0.05
0.739    0.072    528.86    10    -0.819952   0.05
0.643    0.169    528.86    10    -0.91503   0.05
0.192    0.237    550.86    10    0.810962   0.05
0.26    0.072    550.86    10    0.739983   0.05
0.281    0.045    550.86    10    0.639976   0.05
0.348    0.032    550.86    10    0.537005   0.05
0.398    0.028    550.86    10    0.432086   0.05
0.485    0.027    550.86    10    0.329031   0.05
0.58    0.029    550.86    10    0.223931   0.05
0.586    0.027    550.86    10    0.117017   0.05
0.646    0.028    550.86    10    0.0130896   0.05
0.611    0.027    550.86    10    -0.092023   0.05
0.684    0.028    550.86    10    -0.196973   0.05
0.681    0.029    550.86    10    -0.302037   0.05
0.684    0.029    550.86    10    -0.407055   0.05
0.688    0.032    550.86    10    -0.510993   0.05
0.77    0.034    550.86    10    -0.614974   0.05
0.785    0.046    550.86    10    -0.718005   0.05
0.847    0.068    550.86    10    -0.819952   0.05
0.591    0.177    550.86    10    -0.913971   0.05
0.377    0.283    571.61    10    0.857975   0.05
0.155    0.077    571.61    10    0.737984   0.05
0.229    0.043    571.61    10    0.641048   0.05
0.315    0.03    571.61    10    0.537005   0.05
0.415    0.03    571.61    10    0.432086   0.05
0.485    0.025    571.61    10    0.329031   0.05
0.536    0.025    571.61    10    0.222059   0.05
0.577    0.025    571.61    10    0.118057   0.05
0.605    0.025    571.61    10    0.0130896   0.05
0.689    0.024    571.61    10    -0.092023   0.05
0.693    0.026    571.61    10    -0.196973   0.05
0.762    0.026    571.61    10    -0.301039   0.05
0.758    0.028    571.61    10    -0.407055   0.05
0.745    0.028    571.61    10    -0.510993   0.05
0.729    0.032    571.61    10    -0.614974   0.05
0.712    0.04    571.61    10    -0.718976   0.05
0.692    0.059    571.61    10    -0.821945   0.05
0.423    0.143    571.61    10    -0.911977   0.05
0.012    0.333    589.56    10    0.857975   0.05
0.224    0.075    589.56    10    0.737984   0.05
0.309    0.041    589.56    10    0.639976   0.05
0.374    0.028    589.56    10    0.535974   0.05
0.449    0.026    589.56    10    0.432086   0.05
0.517    0.026    589.56    10    0.33002   0.05
0.58    0.024    589.56    10    0.222059   0.05
0.604    0.023    589.56    10    0.118057   0.05
0.632    0.022    589.56    10    0.0130896   0.05
0.666    0.022    589.56    10    -0.092023   0.05
0.673    0.023    589.56    10    -0.196973   0.05
0.687    0.023    589.56    10    -0.302037   0.05
0.707    0.025    589.56    10    -0.405939   0.05
0.743    0.025    589.56    10    -0.510993   0.05
0.723    0.03    589.56    10    -0.615937   0.05
0.781    0.037    589.56    10    -0.719946   0.05
0.594    0.051    589.56    10    -0.82095   0.05
0.544    0.111    589.56    10    -0.916013   0.05
0.088    0.357    610.7    10    0.804997   0.05
0.201    0.093    610.7    10    0.737041   0.05
0.287    0.041    610.7    10    0.639976   0.05
0.348    0.029    610.7    10    0.534942   0.05
0.454    0.026    610.7    10    0.435074   0.05
0.511    0.027    610.7    10    0.328042   0.05
0.573    0.024    610.7    10    0.222059   0.05
0.617    0.023    610.7    10    0.118057   0.05
0.647    0.022    610.7    10    0.0130896   0.05
0.672    0.022    610.7    10    -0.092023   0.05
0.721    0.023    610.7    10    -0.196973   0.05
0.69    0.023    610.7    10    -0.302037   0.05
0.736    0.024    610.7    10    -0.405939   0.05
0.698    0.025    610.7    10    -0.510993   0.05
0.71    0.029    610.7    10    -0.614974   0.05
0.711    0.037    610.7    10    -0.718976   0.05
0.571    0.048    610.7    10    -0.823037   0.05
0.341    0.104    610.7    10    -0.917962   0.05
-0.084    0.386    632.04    10    0.857975   0.05
0.3    0.099    632.04    10    0.733018   0.05
0.378    0.046    632.04    10    0.639036   0.05
0.462    0.029    632.04    10    0.534942   0.05
0.493    0.028    632.04    10    0.436017   0.05
0.649    0.029    632.04    10    0.327053   0.05
0.631    0.024    632.04    10    0.222059   0.05
0.664    0.024    632.04    10    0.117017   0.05
0.689    0.023    632.04    10    0.0130896   0.05
0.753    0.023    632.04    10    -0.092023   0.05
0.744    0.025    632.04    10    -0.196973   0.05
0.758    0.025    632.04    10    -0.302037   0.05
0.812    0.025    632.04    10    -0.405939   0.05
0.735    0.026    632.04    10    -0.510993   0.05
0.76    0.029    632.04    10    -0.615937   0.05
0.637    0.036    632.04    10    -0.718976   0.05
0.611    0.05    632.04    10    -0.824027   0.05
0.293    0.081    632.04    10    -0.920027   0.05
0.291    0.533    648.96    10    0.857975   0.05
0.454    0.197    648.96    10    0.731949   0.05
0.533    0.076    648.96    10    0.637962   0.05
0.667    0.052    648.96    10    0.534942   0.05
0.617    0.053    648.96    10    0.436017   0.05
0.672    0.046    648.96    10    0.326063   0.05
0.769    0.042    648.96    10    0.222059   0.05
0.762    0.038    648.96    10    0.118057   0.05
0.824    0.035    648.96    10    0.0130896   0.05
0.846    0.037    648.96    10    -0.092023   0.05
0.764    0.039    648.96    10    -0.196973   0.05
0.847    0.041    648.96    10    -0.301039   0.05
0.854    0.042    648.96    10    -0.405939   0.05
0.776    0.043    648.96    10    -0.510993   0.05
0.76    0.047    648.96    10    -0.614974   0.05
0.694    0.062    648.96    10    -0.719946   0.05
0.542    0.069    648.96    10    -0.825015   0.05
0.305    0.125    648.96    10    -0.920982   0.05
