648.96 0.857975 0.291 0.533 18
648.96 0.731949 0.454 0.197 18
648.96 0.637962 0.533 0.076 18
648.96 0.534942 0.667 0.052 18
648.96 0.436017 0.617 0.053 18
648.96 0.326063 0.672 0.046 18
648.96 0.222059 0.769 0.042 18
648.96 0.118057 0.762 0.038 18
648.96 0.0130896 0.824 0.035 18
648.96 -0.092023 0.846 0.037 18
648.96 -0.196973 0.764 0.039 18
648.96 -0.301039 0.847 0.041 18
648.96 -0.405939 0.854 0.042 18
648.96 -0.510993 0.776 0.043 18
648.96 -0.614974 0.76 0.047 18
648.96 -0.719946 0.694 0.062 18
648.96 -0.825015 0.542 0.069 18
648.96 -0.920982 0.305 0.125 18
