610.7 0.804997 0.088 0.357 18
610.7 0.737041 0.201 0.093 18
610.7 0.639976 0.287 0.041 18
610.7 0.534942 0.348 0.029 18
610.7 0.435074 0.454 0.026 18
610.7 0.328042 0.511 0.027 18
610.7 0.222059 0.573 0.024 18
610.7 0.118057 0.617 0.023 18
610.7 0.0130896 0.647 0.022 18
610.7 -0.092023 0.672 0.022 18
610.7 -0.196973 0.721 0.023 18
610.7 -0.302037 0.69 0.023 18
610.7 -0.405939 0.736 0.024 18
610.7 -0.510993 0.698 0.025 18
610.7 -0.614974 0.71 0.029 18
610.7 -0.718976 0.711 0.037 18
610.7 -0.823037 0.571 0.048 18
610.7 -0.917962 0.341 0.104 18
