3.91977e-08    430   -0.95   0.958264
0.759322    430   -0.85   0.958264
0.92285    430   -0.75   0.958264
0.984973    430   -0.65   0.958264
0.929563    430   -0.55   0.958264
0.951638    430   -0.45   0.958264
0.967899    430   -0.35   0.958264
0.934554    430   -0.25   0.958264
0.999167    430   -0.15   0.958264
0.938061    430   -0.05   0.958264
1.09415    430   0.05   0.958264
0.912478    430   0.15   0.958264
1.41533    430   0.25   0.958264
1.32958    430   0.35   0.958264
1.66426    430   0.45   0.958264
0.476214    430   0.55   0.958264
0.411232    430   0.65   0.958264
-0.211575    430   0.75   0.958264
0.11929    430   0.85   0.958264
-0.228348    430   0.95   0.958264
8.87775e-08    450   -0.95   0.958525
1.13817    450   -0.85   0.958525
0.901296    450   -0.75   0.958525
0.93978    450   -0.65   0.958525
0.958206    450   -0.55   0.958525
0.936088    450   -0.45   0.958525
0.998448    450   -0.35   0.958525
0.938477    450   -0.25   0.958525
0.922423    450   -0.15   0.958525
0.99719    450   -0.05   0.958525
0.974784    450   0.05   0.958525
0.894219    450   0.15   0.958525
1.01979    450   0.25   0.958525
1.17084    450   0.35   0.958525
1.11431    450   0.45   0.958525
1.89033    450   0.55   0.958525
-0.397927    450   0.65   0.958525
0.438888    450   0.75   0.958525
-1.81895    450   0.85   0.958525
-0.228348    450   0.95   0.958525
8.20759e-08    470   -0.95   0.945714
1.04953    470   -0.85   0.945714
0.914196    470   -0.75   0.945714
0.939817    470   -0.65   0.945714
0.944188    470   -0.55   0.945714
0.928694    470   -0.45   0.945714
0.954588    470   -0.35   0.945714
0.914968    470   -0.25   0.945714
0.964386    470   -0.15   0.945714
0.965934    470   -0.05   0.945714
0.95777    470   0.05   0.945714
0.974265    470   0.15   0.945714
1.24452    470   0.25   0.945714
0.985597    470   0.35   0.945714
0.855294    470   0.45   0.945714
1.10967    470   0.55   0.945714
2.41033    470   0.65   0.945714
-1.10524    470   0.75   0.945714
-1.81895    470   0.85   0.945714
-0.228348    470   0.95   0.945714
1.42141e-07    490   -0.95   0.928861
1.04241    490   -0.85   0.928861
0.98985    490   -0.75   0.928861
0.929391    490   -0.65   0.928861
0.926533    490   -0.55   0.928861
0.941368    490   -0.45   0.928861
0.899877    490   -0.35   0.928861
0.928676    490   -0.25   0.928861
0.930503    490   -0.15   0.928861
0.943881    490   -0.05   0.928861
0.951494    490   0.05   0.928861
1.0161    490   0.15   0.928861
0.983705    490   0.25   0.928861
0.941334    490   0.35   0.928861
1.05873    490   0.45   0.928861
2.64715    490   0.55   0.928861
-1.51966    490   0.65   0.928861
-0.405661    490   0.75   0.928861
0.0744802    490   0.85   0.928861
-0.228348    490   0.95   0.928861
3.86772e-07    510   -0.95   0.938646
1.07087    510   -0.85   0.938646
0.970621    510   -0.75   0.938646
0.958768    510   -0.65   0.938646
0.930044    510   -0.55   0.938646
0.91311    510   -0.45   0.938646
0.921611    510   -0.35   0.938646
0.95643    510   -0.25   0.938646
0.949639    510   -0.15   0.938646
0.95244    510   -0.05   0.938646
0.914022    510   0.05   0.938646
0.957088    510   0.15   0.938646
1.01659    510   0.25   0.938646
1.05401    510   0.35   0.938646
1.10982    510   0.45   0.938646
0.92157    510   0.55   0.938646
1.85255    510   0.65   0.938646
-0.884878    510   0.75   0.938646
0.123965    510   0.85   0.938646
-0.228348    510   0.95   0.938646
2.79906e-07    530   -0.95   0.929291
1.05514    530   -0.85   0.929291
1.00199    530   -0.75   0.929291
0.921191    530   -0.65   0.929291
0.932448    530   -0.55   0.929291
0.915567    530   -0.45   0.929291
0.917614    530   -0.35   0.929291
0.914902    530   -0.25   0.929291
0.960174    530   -0.15   0.929291
0.938198    530   -0.05   0.929291
0.980903    530   0.05   0.929291
1.02313    530   0.15   0.929291
1.00492    530   0.25   0.929291
0.920059    530   0.35   0.929291
1.00369    530   0.45   0.929291
1.24639    530   0.55   0.929291
0.865146    530   0.65   0.929291
0.271225    530   0.75   0.929291
-0.963085    530   0.85   0.929291
1.48623    530   0.95   0.929291
1.6316e-07    550   -0.95   0.943301
0.948907    550   -0.85   0.943301
1.01414    550   -0.75   0.943301
0.946568    550   -0.65   0.943301
0.904852    550   -0.55   0.943301
0.946687    550   -0.45   0.943301
0.934376    550   -0.35   0.943301
0.948934    550   -0.25   0.943301
0.930904    550   -0.15   0.943301
0.955604    550   -0.05   0.943301
0.990396    550   0.05   0.943301
1.02623    550   0.15   0.943301
0.981477    550   0.25   0.943301
1.03332    550   0.35   0.943301
1.5677    550   0.45   0.943301
1.5527    550   0.55   0.943301
2.38415    550   0.65   0.943301
1.93328    550   0.75   0.943301
0.105339    550   0.85   0.943301
1.48623    550   0.95   0.943301
7.9541e-08    570   -0.95   0.944053
0.959465    570   -0.85   0.944053
0.983206    570   -0.75   0.944053
0.928702    570   -0.65   0.944053
0.950655    570   -0.55   0.944053
0.929615    570   -0.45   0.944053
0.934243    570   -0.35   0.944053
0.92893    570   -0.25   0.944053
0.951032    570   -0.15   0.944053
0.976445    570   -0.05   0.944053
0.992138    570   0.05   0.944053
1.03705    570   0.15   0.944053
1.07902    570   0.25   0.944053
1.05844    570   0.35   0.944053
1.31354    570   0.45   0.944053
1.34934    570   0.55   0.944053
1.2526    570   0.65   0.944053
-0.472105    570   0.75   0.944053
-0.187595    570   0.85   0.944053
1.48623    570   0.95   0.944053
8.47987e-08    590   -0.95   0.950145
0.915255    590   -0.85   0.950145
0.929764    590   -0.75   0.950145
0.904203    590   -0.65   0.950145
0.936041    590   -0.55   0.950145
0.937539    590   -0.45   0.950145
0.94478    590   -0.35   0.950145
0.934441    590   -0.25   0.950145
0.967831    590   -0.15   0.950145
0.966133    590   -0.05   0.950145
0.990271    590   0.05   0.950145
1.02919    590   0.15   0.950145
1.06448    590   0.25   0.950145
1.14873    590   0.35   0.950145
1.33956    590   0.45   0.950145
1.48977    590   0.55   0.950145
2.43585    590   0.65   0.950145
0.717466    590   0.75   0.950145
-0.274017    590   0.85   0.950145
0.0348835    590   0.95   0.950145
5.96288e-08    610   -0.95   0.934215
0.822728    610   -0.85   0.934215
0.893857    610   -0.75   0.934215
0.896104    610   -0.65   0.934215
0.925421    610   -0.55   0.934215
0.925649    610   -0.45   0.934215
0.922274    610   -0.35   0.934215
0.936462    610   -0.25   0.934215
0.938319    610   -0.15   0.934215
0.948369    610   -0.05   0.934215
0.972351    610   0.05   0.934215
1.01319    610   0.15   0.934215
1.04765    610   0.25   0.934215
1.14827    610   0.35   0.934215
1.11895    610   0.45   0.934215
1.37409    610   0.55   0.934215
4.46267    610   0.65   0.934215
1.07759    610   0.75   0.934215
0.527299    610   0.85   0.934215
0.0348835    610   0.95   0.934215
4.75273e-08    630   -0.95   0.905662
0.756509    630   -0.85   0.905662
0.856095    630   -0.75   0.905662
0.818544    630   -0.65   0.905662
0.909678    630   -0.55   0.905662
0.901735    630   -0.45   0.905662
0.871086    630   -0.35   0.905662
0.905121    630   -0.25   0.905662
0.911823    630   -0.15   0.905662
0.938544    630   -0.05   0.905662
0.95261    630   0.05   0.905662
0.967871    630   0.15   0.905662
1.03166    630   0.25   0.905662
1.03819    630   0.35   0.905662
1.07534    630   0.45   0.905662
1.83872    630   0.55   0.905662
2.60694    630   0.65   0.905662
-0.525712    630   0.75   0.905662
0.737803    630   0.85   0.905662
0.0348835    630   0.95   0.905662
3.91977e-08    430   -0.95   0.958264
0.759322    430   -0.85   0.958264
0.92285    430   -0.75   0.958264
0.984973    430   -0.65   0.958264
0.929563    430   -0.55   0.958264
0.951638    430   -0.45   0.958264
0.967899    430   -0.35   0.958264
0.934554    430   -0.25   0.958264
0.999167    430   -0.15   0.958264
0.938061    430   -0.05   0.958264
1.09415    430   0.05   0.958264
0.912478    430   0.15   0.958264
1.41533    430   0.25   0.958264
1.32958    430   0.35   0.958264
1.66426    430   0.45   0.958264
0.476214    430   0.55   0.958264
0.411232    430   0.65   0.958264
-0.211575    430   0.75   0.958264
0.11929    430   0.85   0.958264
-0.228348    430   0.95   0.958264
8.87775e-08    450   -0.95   0.958525
1.13817    450   -0.85   0.958525
0.901296    450   -0.75   0.958525
0.93978    450   -0.65   0.958525
0.958206    450   -0.55   0.958525
0.936088    450   -0.45   0.958525
0.998448    450   -0.35   0.958525
0.938477    450   -0.25   0.958525
0.922423    450   -0.15   0.958525
0.99719    450   -0.05   0.958525
0.974784    450   0.05   0.958525
0.894219    450   0.15   0.958525
1.01979    450   0.25   0.958525
1.17084    450   0.35   0.958525
1.11431    450   0.45   0.958525
1.89033    450   0.55   0.958525
-0.397927    450   0.65   0.958525
0.438888    450   0.75   0.958525
-1.81895    450   0.85   0.958525
-0.228348    450   0.95   0.958525
8.20759e-08    470   -0.95   0.945714
1.04953    470   -0.85   0.945714
0.914196    470   -0.75   0.945714
0.939817    470   -0.65   0.945714
0.944188    470   -0.55   0.945714
0.928694    470   -0.45   0.945714
0.954588    470   -0.35   0.945714
0.914968    470   -0.25   0.945714
0.964386    470   -0.15   0.945714
0.965934    470   -0.05   0.945714
0.95777    470   0.05   0.945714
0.974265    470   0.15   0.945714
1.24452    470   0.25   0.945714
0.985597    470   0.35   0.945714
0.855294    470   0.45   0.945714
1.10967    470   0.55   0.945714
2.41033    470   0.65   0.945714
-1.10524    470   0.75   0.945714
-1.81895    470   0.85   0.945714
-0.228348    470   0.95   0.945714
1.42141e-07    490   -0.95   0.928861
1.04241    490   -0.85   0.928861
0.98985    490   -0.75   0.928861
0.929391    490   -0.65   0.928861
0.926533    490   -0.55   0.928861
0.941368    490   -0.45   0.928861
0.899877    490   -0.35   0.928861
0.928676    490   -0.25   0.928861
0.930503    490   -0.15   0.928861
0.943881    490   -0.05   0.928861
0.951494    490   0.05   0.928861
1.0161    490   0.15   0.928861
0.983705    490   0.25   0.928861
0.941334    490   0.35   0.928861
1.05873    490   0.45   0.928861
2.64715    490   0.55   0.928861
-1.51966    490   0.65   0.928861
-0.405661    490   0.75   0.928861
0.0744802    490   0.85   0.928861
-0.228348    490   0.95   0.928861
3.86772e-07    510   -0.95   0.938646
1.07087    510   -0.85   0.938646
0.970621    510   -0.75   0.938646
0.958768    510   -0.65   0.938646
0.930044    510   -0.55   0.938646
0.91311    510   -0.45   0.938646
0.921611    510   -0.35   0.938646
0.95643    510   -0.25   0.938646
0.949639    510   -0.15   0.938646
0.95244    510   -0.05   0.938646
0.914022    510   0.05   0.938646
0.957088    510   0.15   0.938646
1.01659    510   0.25   0.938646
1.05401    510   0.35   0.938646
1.10982    510   0.45   0.938646
0.92157    510   0.55   0.938646
1.85255    510   0.65   0.938646
-0.884878    510   0.75   0.938646
0.123965    510   0.85   0.938646
-0.228348    510   0.95   0.938646
2.79906e-07    530   -0.95   0.929291
1.05514    530   -0.85   0.929291
1.00199    530   -0.75   0.929291
0.921191    530   -0.65   0.929291
0.932448    530   -0.55   0.929291
0.915567    530   -0.45   0.929291
0.917614    530   -0.35   0.929291
0.914902    530   -0.25   0.929291
0.960174    530   -0.15   0.929291
0.938198    530   -0.05   0.929291
0.980903    530   0.05   0.929291
1.02313    530   0.15   0.929291
1.00492    530   0.25   0.929291
0.920059    530   0.35   0.929291
1.00369    530   0.45   0.929291
1.24639    530   0.55   0.929291
0.865146    530   0.65   0.929291
0.271225    530   0.75   0.929291
-0.963085    530   0.85   0.929291
1.48623    530   0.95   0.929291
1.6316e-07    550   -0.95   0.943301
0.948907    550   -0.85   0.943301
1.01414    550   -0.75   0.943301
0.946568    550   -0.65   0.943301
0.904852    550   -0.55   0.943301
0.946687    550   -0.45   0.943301
0.934376    550   -0.35   0.943301
0.948934    550   -0.25   0.943301
0.930904    550   -0.15   0.943301
0.955604    550   -0.05   0.943301
0.990396    550   0.05   0.943301
1.02623    550   0.15   0.943301
0.981477    550   0.25   0.943301
1.03332    550   0.35   0.943301
1.5677    550   0.45   0.943301
1.5527    550   0.55   0.943301
2.38415    550   0.65   0.943301
1.93328    550   0.75   0.943301
0.105339    550   0.85   0.943301
1.48623    550   0.95   0.943301
7.9541e-08    570   -0.95   0.944053
0.959465    570   -0.85   0.944053
0.983206    570   -0.75   0.944053
0.928702    570   -0.65   0.944053
0.950655    570   -0.55   0.944053
0.929615    570   -0.45   0.944053
0.934243    570   -0.35   0.944053
0.92893    570   -0.25   0.944053
0.951032    570   -0.15   0.944053
0.976445    570   -0.05   0.944053
0.992138    570   0.05   0.944053
1.03705    570   0.15   0.944053
1.07902    570   0.25   0.944053
1.05844    570   0.35   0.944053
1.31354    570   0.45   0.944053
1.34934    570   0.55   0.944053
1.2526    570   0.65   0.944053
-0.472105    570   0.75   0.944053
-0.187595    570   0.85   0.944053
1.48623    570   0.95   0.944053
8.47987e-08    590   -0.95   0.950145
0.915255    590   -0.85   0.950145
0.929764    590   -0.75   0.950145
0.904203    590   -0.65   0.950145
0.936041    590   -0.55   0.950145
0.937539    590   -0.45   0.950145
0.94478    590   -0.35   0.950145
0.934441    590   -0.25   0.950145
0.967831    590   -0.15   0.950145
0.966133    590   -0.05   0.950145
0.990271    590   0.05   0.950145
1.02919    590   0.15   0.950145
1.06448    590   0.25   0.950145
1.14873    590   0.35   0.950145
1.33956    590   0.45   0.950145
1.48977    590   0.55   0.950145
2.43585    590   0.65   0.950145
0.717466    590   0.75   0.950145
-0.274017    590   0.85   0.950145
0.0348835    590   0.95   0.950145
5.96288e-08    610   -0.95   0.934215
0.822728    610   -0.85   0.934215
0.893857    610   -0.75   0.934215
0.896104    610   -0.65   0.934215
0.925421    610   -0.55   0.934215
0.925649    610   -0.45   0.934215
0.922274    610   -0.35   0.934215
0.936462    610   -0.25   0.934215
0.938319    610   -0.15   0.934215
0.948369    610   -0.05   0.934215
0.972351    610   0.05   0.934215
1.01319    610   0.15   0.934215
1.04765    610   0.25   0.934215
1.14827    610   0.35   0.934215
1.11895    610   0.45   0.934215
1.37409    610   0.55   0.934215
4.46267    610   0.65   0.934215
1.07759    610   0.75   0.934215
0.527299    610   0.85   0.934215
0.0348835    610   0.95   0.934215
4.75273e-08    630   -0.95   0.905662
0.756509    630   -0.85   0.905662
0.856095    630   -0.75   0.905662
0.818544    630   -0.65   0.905662
0.909678    630   -0.55   0.905662
0.901735    630   -0.45   0.905662
0.871086    630   -0.35   0.905662
0.905121    630   -0.25   0.905662
0.911823    630   -0.15   0.905662
0.938544    630   -0.05   0.905662
0.95261    630   0.05   0.905662
0.967871    630   0.15   0.905662
1.03166    630   0.25   0.905662
1.03819    630   0.35   0.905662
1.07534    630   0.45   0.905662
1.83872    630   0.55   0.905662
2.60694    630   0.65   0.905662
-0.525712    630   0.75   0.905662
0.737803    630   0.85   0.905662
0.0348835    630   0.95   0.905662
3.91977e-08    430   -0.95   0.958264
0.759322    430   -0.85   0.958264
0.92285    430   -0.75   0.958264
0.984973    430   -0.65   0.958264
0.929563    430   -0.55   0.958264
0.951638    430   -0.45   0.958264
0.967899    430   -0.35   0.958264
0.934554    430   -0.25   0.958264
0.999167    430   -0.15   0.958264
0.938061    430   -0.05   0.958264
1.09415    430   0.05   0.958264
0.912478    430   0.15   0.958264
1.41533    430   0.25   0.958264
1.32958    430   0.35   0.958264
1.66426    430   0.45   0.958264
0.476214    430   0.55   0.958264
0.411232    430   0.65   0.958264
-0.211575    430   0.75   0.958264
0.11929    430   0.85   0.958264
-0.228348    430   0.95   0.958264
8.87775e-08    450   -0.95   0.958525
1.13817    450   -0.85   0.958525
0.901296    450   -0.75   0.958525
0.93978    450   -0.65   0.958525
0.958206    450   -0.55   0.958525
0.936088    450   -0.45   0.958525
0.998448    450   -0.35   0.958525
0.938477    450   -0.25   0.958525
0.922423    450   -0.15   0.958525
0.99719    450   -0.05   0.958525
0.974784    450   0.05   0.958525
0.894219    450   0.15   0.958525
1.01979    450   0.25   0.958525
1.17084    450   0.35   0.958525
1.11431    450   0.45   0.958525
1.89033    450   0.55   0.958525
-0.397927    450   0.65   0.958525
0.438888    450   0.75   0.958525
-1.81895    450   0.85   0.958525
-0.228348    450   0.95   0.958525
8.20759e-08    470   -0.95   0.945714
1.04953    470   -0.85   0.945714
0.914196    470   -0.75   0.945714
0.939817    470   -0.65   0.945714
0.944188    470   -0.55   0.945714
0.928694    470   -0.45   0.945714
0.954588    470   -0.35   0.945714
0.914968    470   -0.25   0.945714
0.964386    470   -0.15   0.945714
0.965934    470   -0.05   0.945714
0.95777    470   0.05   0.945714
0.974265    470   0.15   0.945714
1.24452    470   0.25   0.945714
0.985597    470   0.35   0.945714
0.855294    470   0.45   0.945714
1.10967    470   0.55   0.945714
2.41033    470   0.65   0.945714
-1.10524    470   0.75   0.945714
-1.81895    470   0.85   0.945714
-0.228348    470   0.95   0.945714
1.42141e-07    490   -0.95   0.928861
1.04241    490   -0.85   0.928861
0.98985    490   -0.75   0.928861
0.929391    490   -0.65   0.928861
0.926533    490   -0.55   0.928861
0.941368    490   -0.45   0.928861
0.899877    490   -0.35   0.928861
0.928676    490   -0.25   0.928861
0.930503    490   -0.15   0.928861
0.943881    490   -0.05   0.928861
0.951494    490   0.05   0.928861
1.0161    490   0.15   0.928861
0.983705    490   0.25   0.928861
0.941334    490   0.35   0.928861
1.05873    490   0.45   0.928861
2.64715    490   0.55   0.928861
-1.51966    490   0.65   0.928861
-0.405661    490   0.75   0.928861
0.0744802    490   0.85   0.928861
-0.228348    490   0.95   0.928861
3.86772e-07    510   -0.95   0.938646
1.07087    510   -0.85   0.938646
0.970621    510   -0.75   0.938646
0.958768    510   -0.65   0.938646
0.930044    510   -0.55   0.938646
0.91311    510   -0.45   0.938646
0.921611    510   -0.35   0.938646
0.95643    510   -0.25   0.938646
0.949639    510   -0.15   0.938646
0.95244    510   -0.05   0.938646
0.914022    510   0.05   0.938646
0.957088    510   0.15   0.938646
1.01659    510   0.25   0.938646
1.05401    510   0.35   0.938646
1.10982    510   0.45   0.938646
0.92157    510   0.55   0.938646
1.85255    510   0.65   0.938646
-0.884878    510   0.75   0.938646
0.123965    510   0.85   0.938646
-0.228348    510   0.95   0.938646
2.79906e-07    530   -0.95   0.929291
1.05514    530   -0.85   0.929291
1.00199    530   -0.75   0.929291
0.921191    530   -0.65   0.929291
0.932448    530   -0.55   0.929291
0.915567    530   -0.45   0.929291
0.917614    530   -0.35   0.929291
0.914902    530   -0.25   0.929291
0.960174    530   -0.15   0.929291
0.938198    530   -0.05   0.929291
0.980903    530   0.05   0.929291
1.02313    530   0.15   0.929291
1.00492    530   0.25   0.929291
0.920059    530   0.35   0.929291
1.00369    530   0.45   0.929291
1.24639    530   0.55   0.929291
0.865146    530   0.65   0.929291
0.271225    530   0.75   0.929291
-0.963085    530   0.85   0.929291
1.48623    530   0.95   0.929291
1.6316e-07    550   -0.95   0.943301
0.948907    550   -0.85   0.943301
1.01414    550   -0.75   0.943301
0.946568    550   -0.65   0.943301
0.904852    550   -0.55   0.943301
0.946687    550   -0.45   0.943301
0.934376    550   -0.35   0.943301
0.948934    550   -0.25   0.943301
0.930904    550   -0.15   0.943301
0.955604    550   -0.05   0.943301
0.990396    550   0.05   0.943301
1.02623    550   0.15   0.943301
0.981477    550   0.25   0.943301
1.03332    550   0.35   0.943301
1.5677    550   0.45   0.943301
1.5527    550   0.55   0.943301
2.38415    550   0.65   0.943301
1.93328    550   0.75   0.943301
0.105339    550   0.85   0.943301
1.48623    550   0.95   0.943301
7.9541e-08    570   -0.95   0.944053
0.959465    570   -0.85   0.944053
0.983206    570   -0.75   0.944053
0.928702    570   -0.65   0.944053
0.950655    570   -0.55   0.944053
0.929615    570   -0.45   0.944053
0.934243    570   -0.35   0.944053
0.92893    570   -0.25   0.944053
0.951032    570   -0.15   0.944053
0.976445    570   -0.05   0.944053
0.992138    570   0.05   0.944053
1.03705    570   0.15   0.944053
1.07902    570   0.25   0.944053
1.05844    570   0.35   0.944053
1.31354    570   0.45   0.944053
1.34934    570   0.55   0.944053
1.2526    570   0.65   0.944053
-0.472105    570   0.75   0.944053
-0.187595    570   0.85   0.944053
1.48623    570   0.95   0.944053
8.47987e-08    590   -0.95   0.950145
0.915255    590   -0.85   0.950145
0.929764    590   -0.75   0.950145
0.904203    590   -0.65   0.950145
0.936041    590   -0.55   0.950145
0.937539    590   -0.45   0.950145
0.94478    590   -0.35   0.950145
0.934441    590   -0.25   0.950145
0.967831    590   -0.15   0.950145
0.966133    590   -0.05   0.950145
0.990271    590   0.05   0.950145
1.02919    590   0.15   0.950145
1.06448    590   0.25   0.950145
1.14873    590   0.35   0.950145
1.33956    590   0.45   0.950145
1.48977    590   0.55   0.950145
2.43585    590   0.65   0.950145
0.717466    590   0.75   0.950145
-0.274017    590   0.85   0.950145
0.0348835    590   0.95   0.950145
5.96288e-08    610   -0.95   0.934215
0.822728    610   -0.85   0.934215
0.893857    610   -0.75   0.934215
0.896104    610   -0.65   0.934215
0.925421    610   -0.55   0.934215
0.925649    610   -0.45   0.934215
0.922274    610   -0.35   0.934215
0.936462    610   -0.25   0.934215
0.938319    610   -0.15   0.934215
0.948369    610   -0.05   0.934215
0.972351    610   0.05   0.934215
1.01319    610   0.15   0.934215
1.04765    610   0.25   0.934215
1.14827    610   0.35   0.934215
1.11895    610   0.45   0.934215
1.37409    610   0.55   0.934215
4.46267    610   0.65   0.934215
1.07759    610   0.75   0.934215
0.527299    610   0.85   0.934215
0.0348835    610   0.95   0.934215
4.75273e-08    630   -0.95   0.905662
0.756509    630   -0.85   0.905662
0.856095    630   -0.75   0.905662
0.818544    630   -0.65   0.905662
0.909678    630   -0.55   0.905662
0.901735    630   -0.45   0.905662
0.871086    630   -0.35   0.905662
0.905121    630   -0.25   0.905662
0.911823    630   -0.15   0.905662
0.938544    630   -0.05   0.905662
0.95261    630   0.05   0.905662
0.967871    630   0.15   0.905662
1.03166    630   0.25   0.905662
1.03819    630   0.35   0.905662
1.07534    630   0.45   0.905662
1.83872    630   0.55   0.905662
2.60694    630   0.65   0.905662
-0.525712    630   0.75   0.905662
0.737803    630   0.85   0.905662
0.0348835    630   0.95   0.905662
3.91977e-08    430   -0.95   0.958264
0.759322    430   -0.85   0.958264
0.92285    430   -0.75   0.958264
0.984973    430   -0.65   0.958264
0.929563    430   -0.55   0.958264
0.951638    430   -0.45   0.958264
0.967899    430   -0.35   0.958264
0.934554    430   -0.25   0.958264
0.999167    430   -0.15   0.958264
0.938061    430   -0.05   0.958264
1.09415    430   0.05   0.958264
0.912478    430   0.15   0.958264
1.41533    430   0.25   0.958264
1.32958    430   0.35   0.958264
1.66426    430   0.45   0.958264
0.476214    430   0.55   0.958264
0.411232    430   0.65   0.958264
-0.211575    430   0.75   0.958264
0.11929    430   0.85   0.958264
-0.228348    430   0.95   0.958264
8.87775e-08    450   -0.95   0.958525
1.13817    450   -0.85   0.958525
0.901296    450   -0.75   0.958525
0.93978    450   -0.65   0.958525
0.958206    450   -0.55   0.958525
0.936088    450   -0.45   0.958525
0.998448    450   -0.35   0.958525
0.938477    450   -0.25   0.958525
0.922423    450   -0.15   0.958525
0.99719    450   -0.05   0.958525
0.974784    450   0.05   0.958525
0.894219    450   0.15   0.958525
1.01979    450   0.25   0.958525
1.17084    450   0.35   0.958525
1.11431    450   0.45   0.958525
1.89033    450   0.55   0.958525
-0.397927    450   0.65   0.958525
0.438888    450   0.75   0.958525
-1.81895    450   0.85   0.958525
-0.228348    450   0.95   0.958525
8.20759e-08    470   -0.95   0.945714
1.04953    470   -0.85   0.945714
0.914196    470   -0.75   0.945714
0.939817    470   -0.65   0.945714
0.944188    470   -0.55   0.945714
0.928694    470   -0.45   0.945714
0.954588    470   -0.35   0.945714
0.914968    470   -0.25   0.945714
0.964386    470   -0.15   0.945714
0.965934    470   -0.05   0.945714
0.95777    470   0.05   0.945714
0.974265    470   0.15   0.945714
1.24452    470   0.25   0.945714
0.985597    470   0.35   0.945714
0.855294    470   0.45   0.945714
1.10967    470   0.55   0.945714
2.41033    470   0.65   0.945714
-1.10524    470   0.75   0.945714
-1.81895    470   0.85   0.945714
-0.228348    470   0.95   0.945714
1.42141e-07    490   -0.95   0.928861
1.04241    490   -0.85   0.928861
0.98985    490   -0.75   0.928861
0.929391    490   -0.65   0.928861
0.926533    490   -0.55   0.928861
0.941368    490   -0.45   0.928861
0.899877    490   -0.35   0.928861
0.928676    490   -0.25   0.928861
0.930503    490   -0.15   0.928861
0.943881    490   -0.05   0.928861
0.951494    490   0.05   0.928861
1.0161    490   0.15   0.928861
0.983705    490   0.25   0.928861
0.941334    490   0.35   0.928861
1.05873    490   0.45   0.928861
2.64715    490   0.55   0.928861
-1.51966    490   0.65   0.928861
-0.405661    490   0.75   0.928861
0.0744802    490   0.85   0.928861
-0.228348    490   0.95   0.928861
3.86772e-07    510   -0.95   0.938646
1.07087    510   -0.85   0.938646
0.970621    510   -0.75   0.938646
0.958768    510   -0.65   0.938646
0.930044    510   -0.55   0.938646
0.91311    510   -0.45   0.938646
0.921611    510   -0.35   0.938646
0.95643    510   -0.25   0.938646
0.949639    510   -0.15   0.938646
0.95244    510   -0.05   0.938646
0.914022    510   0.05   0.938646
0.957088    510   0.15   0.938646
1.01659    510   0.25   0.938646
1.05401    510   0.35   0.938646
1.10982    510   0.45   0.938646
0.92157    510   0.55   0.938646
1.85255    510   0.65   0.938646
-0.884878    510   0.75   0.938646
0.123965    510   0.85   0.938646
-0.228348    510   0.95   0.938646
2.79906e-07    530   -0.95   0.929291
1.05514    530   -0.85   0.929291
1.00199    530   -0.75   0.929291
0.921191    530   -0.65   0.929291
0.932448    530   -0.55   0.929291
0.915567    530   -0.45   0.929291
0.917614    530   -0.35   0.929291
0.914902    530   -0.25   0.929291
0.960174    530   -0.15   0.929291
0.938198    530   -0.05   0.929291
0.980903    530   0.05   0.929291
1.02313    530   0.15   0.929291
1.00492    530   0.25   0.929291
0.920059    530   0.35   0.929291
1.00369    530   0.45   0.929291
1.24639    530   0.55   0.929291
0.865146    530   0.65   0.929291
0.271225    530   0.75   0.929291
-0.963085    530   0.85   0.929291
1.48623    530   0.95   0.929291
1.6316e-07    550   -0.95   0.943301
0.948907    550   -0.85   0.943301
1.01414    550   -0.75   0.943301
0.946568    550   -0.65   0.943301
0.904852    550   -0.55   0.943301
0.946687    550   -0.45   0.943301
0.934376    550   -0.35   0.943301
0.948934    550   -0.25   0.943301
0.930904    550   -0.15   0.943301
0.955604    550   -0.05   0.943301
0.990396    550   0.05   0.943301
1.02623    550   0.15   0.943301
0.981477    550   0.25   0.943301
1.03332    550   0.35   0.943301
1.5677    550   0.45   0.943301
1.5527    550   0.55   0.943301
2.38415    550   0.65   0.943301
1.93328    550   0.75   0.943301
0.105339    550   0.85   0.943301
1.48623    550   0.95   0.943301
7.9541e-08    570   -0.95   0.944053
0.959465    570   -0.85   0.944053
0.983206    570   -0.75   0.944053
0.928702    570   -0.65   0.944053
0.950655    570   -0.55   0.944053
0.929615    570   -0.45   0.944053
0.934243    570   -0.35   0.944053
0.92893    570   -0.25   0.944053
0.951032    570   -0.15   0.944053
0.976445    570   -0.05   0.944053
0.992138    570   0.05   0.944053
1.03705    570   0.15   0.944053
1.07902    570   0.25   0.944053
1.05844    570   0.35   0.944053
1.31354    570   0.45   0.944053
1.34934    570   0.55   0.944053
1.2526    570   0.65   0.944053
-0.472105    570   0.75   0.944053
-0.187595    570   0.85   0.944053
1.48623    570   0.95   0.944053
8.47987e-08    590   -0.95   0.950145
0.915255    590   -0.85   0.950145
0.929764    590   -0.75   0.950145
0.904203    590   -0.65   0.950145
0.936041    590   -0.55   0.950145
0.937539    590   -0.45   0.950145
0.94478    590   -0.35   0.950145
0.934441    590   -0.25   0.950145
0.967831    590   -0.15   0.950145
0.966133    590   -0.05   0.950145
0.990271    590   0.05   0.950145
1.02919    590   0.15   0.950145
1.06448    590   0.25   0.950145
1.14873    590   0.35   0.950145
1.33956    590   0.45   0.950145
1.48977    590   0.55   0.950145
2.43585    590   0.65   0.950145
0.717466    590   0.75   0.950145
-0.274017    590   0.85   0.950145
0.0348835    590   0.95   0.950145
5.96288e-08    610   -0.95   0.934215
0.822728    610   -0.85   0.934215
0.893857    610   -0.75   0.934215
0.896104    610   -0.65   0.934215
0.925421    610   -0.55   0.934215
0.925649    610   -0.45   0.934215
0.922274    610   -0.35   0.934215
0.936462    610   -0.25   0.934215
0.938319    610   -0.15   0.934215
0.948369    610   -0.05   0.934215
0.972351    610   0.05   0.934215
1.01319    610   0.15   0.934215
1.04765    610   0.25   0.934215
1.14827    610   0.35   0.934215
1.11895    610   0.45   0.934215
1.37409    610   0.55   0.934215
4.46267    610   0.65   0.934215
1.07759    610   0.75   0.934215
0.527299    610   0.85   0.934215
0.0348835    610   0.95   0.934215
4.75273e-08    630   -0.95   0.905662
0.756509    630   -0.85   0.905662
0.856095    630   -0.75   0.905662
0.818544    630   -0.65   0.905662
0.909678    630   -0.55   0.905662
0.901735    630   -0.45   0.905662
0.871086    630   -0.35   0.905662
0.905121    630   -0.25   0.905662
0.911823    630   -0.15   0.905662
0.938544    630   -0.05   0.905662
0.95261    630   0.05   0.905662
0.967871    630   0.15   0.905662
1.03166    630   0.25   0.905662
1.03819    630   0.35   0.905662
1.07534    630   0.45   0.905662
1.83872    630   0.55   0.905662
2.60694    630   0.65   0.905662
-0.525712    630   0.75   0.905662
0.737803    630   0.85   0.905662
0.0348835    630   0.95   0.905662
3.91977e-08    430   -0.95   0.958264
0.759322    430   -0.85   0.958264
0.92285    430   -0.75   0.958264
0.984973    430   -0.65   0.958264
0.929563    430   -0.55   0.958264
0.951638    430   -0.45   0.958264
0.967899    430   -0.35   0.958264
0.934554    430   -0.25   0.958264
0.999167    430   -0.15   0.958264
0.938061    430   -0.05   0.958264
1.09415    430   0.05   0.958264
0.912478    430   0.15   0.958264
1.41533    430   0.25   0.958264
1.32958    430   0.35   0.958264
1.66426    430   0.45   0.958264
0.476214    430   0.55   0.958264
0.411232    430   0.65   0.958264
-0.211575    430   0.75   0.958264
0.11929    430   0.85   0.958264
-0.228348    430   0.95   0.958264
8.87775e-08    450   -0.95   0.958525
1.13817    450   -0.85   0.958525
0.901296    450   -0.75   0.958525
0.93978    450   -0.65   0.958525
0.958206    450   -0.55   0.958525
0.936088    450   -0.45   0.958525
0.998448    450   -0.35   0.958525
0.938477    450   -0.25   0.958525
0.922423    450   -0.15   0.958525
0.99719    450   -0.05   0.958525
0.974784    450   0.05   0.958525
0.894219    450   0.15   0.958525
1.01979    450   0.25   0.958525
1.17084    450   0.35   0.958525
1.11431    450   0.45   0.958525
1.89033    450   0.55   0.958525
-0.397927    450   0.65   0.958525
0.438888    450   0.75   0.958525
-1.81895    450   0.85   0.958525
-0.228348    450   0.95   0.958525
8.20759e-08    470   -0.95   0.945714
1.04953    470   -0.85   0.945714
0.914196    470   -0.75   0.945714
0.939817    470   -0.65   0.945714
0.944188    470   -0.55   0.945714
0.928694    470   -0.45   0.945714
0.954588    470   -0.35   0.945714
0.914968    470   -0.25   0.945714
0.964386    470   -0.15   0.945714
0.965934    470   -0.05   0.945714
0.95777    470   0.05   0.945714
0.974265    470   0.15   0.945714
1.24452    470   0.25   0.945714
0.985597    470   0.35   0.945714
0.855294    470   0.45   0.945714
1.10967    470   0.55   0.945714
2.41033    470   0.65   0.945714
-1.10524    470   0.75   0.945714
-1.81895    470   0.85   0.945714
-0.228348    470   0.95   0.945714
1.42141e-07    490   -0.95   0.928861
1.04241    490   -0.85   0.928861
0.98985    490   -0.75   0.928861
0.929391    490   -0.65   0.928861
0.926533    490   -0.55   0.928861
0.941368    490   -0.45   0.928861
0.899877    490   -0.35   0.928861
0.928676    490   -0.25   0.928861
0.930503    490   -0.15   0.928861
0.943881    490   -0.05   0.928861
0.951494    490   0.05   0.928861
1.0161    490   0.15   0.928861
0.983705    490   0.25   0.928861
0.941334    490   0.35   0.928861
1.05873    490   0.45   0.928861
2.64715    490   0.55   0.928861
-1.51966    490   0.65   0.928861
-0.405661    490   0.75   0.928861
0.0744802    490   0.85   0.928861
-0.228348    490   0.95   0.928861
3.86772e-07    510   -0.95   0.938646
1.07087    510   -0.85   0.938646
0.970621    510   -0.75   0.938646
0.958768    510   -0.65   0.938646
0.930044    510   -0.55   0.938646
0.91311    510   -0.45   0.938646
0.921611    510   -0.35   0.938646
0.95643    510   -0.25   0.938646
0.949639    510   -0.15   0.938646
0.95244    510   -0.05   0.938646
0.914022    510   0.05   0.938646
0.957088    510   0.15   0.938646
1.01659    510   0.25   0.938646
1.05401    510   0.35   0.938646
1.10982    510   0.45   0.938646
0.92157    510   0.55   0.938646
1.85255    510   0.65   0.938646
-0.884878    510   0.75   0.938646
0.123965    510   0.85   0.938646
-0.228348    510   0.95   0.938646
2.79906e-07    530   -0.95   0.929291
1.05514    530   -0.85   0.929291
1.00199    530   -0.75   0.929291
0.921191    530   -0.65   0.929291
0.932448    530   -0.55   0.929291
0.915567    530   -0.45   0.929291
0.917614    530   -0.35   0.929291
0.914902    530   -0.25   0.929291
0.960174    530   -0.15   0.929291
0.938198    530   -0.05   0.929291
0.980903    530   0.05   0.929291
1.02313    530   0.15   0.929291
1.00492    530   0.25   0.929291
0.920059    530   0.35   0.929291
1.00369    530   0.45   0.929291
1.24639    530   0.55   0.929291
0.865146    530   0.65   0.929291
0.271225    530   0.75   0.929291
-0.963085    530   0.85   0.929291
1.48623    530   0.95   0.929291
1.6316e-07    550   -0.95   0.943301
0.948907    550   -0.85   0.943301
1.01414    550   -0.75   0.943301
0.946568    550   -0.65   0.943301
0.904852    550   -0.55   0.943301
0.946687    550   -0.45   0.943301
0.934376    550   -0.35   0.943301
0.948934    550   -0.25   0.943301
0.930904    550   -0.15   0.943301
0.955604    550   -0.05   0.943301
0.990396    550   0.05   0.943301
1.02623    550   0.15   0.943301
0.981477    550   0.25   0.943301
1.03332    550   0.35   0.943301
1.5677    550   0.45   0.943301
1.5527    550   0.55   0.943301
2.38415    550   0.65   0.943301
1.93328    550   0.75   0.943301
0.105339    550   0.85   0.943301
1.48623    550   0.95   0.943301
7.9541e-08    570   -0.95   0.944053
0.959465    570   -0.85   0.944053
0.983206    570   -0.75   0.944053
0.928702    570   -0.65   0.944053
0.950655    570   -0.55   0.944053
0.929615    570   -0.45   0.944053
0.934243    570   -0.35   0.944053
0.92893    570   -0.25   0.944053
0.951032    570   -0.15   0.944053
0.976445    570   -0.05   0.944053
0.992138    570   0.05   0.944053
1.03705    570   0.15   0.944053
1.07902    570   0.25   0.944053
1.05844    570   0.35   0.944053
1.31354    570   0.45   0.944053
1.34934    570   0.55   0.944053
1.2526    570   0.65   0.944053
-0.472105    570   0.75   0.944053
-0.187595    570   0.85   0.944053
1.48623    570   0.95   0.944053
8.47987e-08    590   -0.95   0.950145
0.915255    590   -0.85   0.950145
0.929764    590   -0.75   0.950145
0.904203    590   -0.65   0.950145
0.936041    590   -0.55   0.950145
0.937539    590   -0.45   0.950145
0.94478    590   -0.35   0.950145
0.934441    590   -0.25   0.950145
0.967831    590   -0.15   0.950145
0.966133    590   -0.05   0.950145
0.990271    590   0.05   0.950145
1.02919    590   0.15   0.950145
1.06448    590   0.25   0.950145
1.14873    590   0.35   0.950145
1.33956    590   0.45   0.950145
1.48977    590   0.55   0.950145
2.43585    590   0.65   0.950145
0.717466    590   0.75   0.950145
-0.274017    590   0.85   0.950145
0.0348835    590   0.95   0.950145
5.96288e-08    610   -0.95   0.934215
0.822728    610   -0.85   0.934215
0.893857    610   -0.75   0.934215
0.896104    610   -0.65   0.934215
0.925421    610   -0.55   0.934215
0.925649    610   -0.45   0.934215
0.922274    610   -0.35   0.934215
0.936462    610   -0.25   0.934215
0.938319    610   -0.15   0.934215
0.948369    610   -0.05   0.934215
0.972351    610   0.05   0.934215
1.01319    610   0.15   0.934215
1.04765    610   0.25   0.934215
1.14827    610   0.35   0.934215
1.11895    610   0.45   0.934215
1.37409    610   0.55   0.934215
4.46267    610   0.65   0.934215
1.07759    610   0.75   0.934215
0.527299    610   0.85   0.934215
0.0348835    610   0.95   0.934215
4.75273e-08    630   -0.95   0.905662
0.756509    630   -0.85   0.905662
0.856095    630   -0.75   0.905662
0.818544    630   -0.65   0.905662
0.909678    630   -0.55   0.905662
0.901735    630   -0.45   0.905662
0.871086    630   -0.35   0.905662
0.905121    630   -0.25   0.905662
0.911823    630   -0.15   0.905662
0.938544    630   -0.05   0.905662
0.95261    630   0.05   0.905662
0.967871    630   0.15   0.905662
1.03166    630   0.25   0.905662
1.03819    630   0.35   0.905662
1.07534    630   0.45   0.905662
1.83872    630   0.55   0.905662
2.60694    630   0.65   0.905662
-0.525712    630   0.75   0.905662
0.737803    630   0.85   0.905662
0.0348835    630   0.95   0.905662
