408.74 0.83504 -0.084 0.183 18
408.74 0.739983 0.165 0.123 18
408.74 0.641048 0.429 0.064 18
408.74 0.537005 0.458 0.044 18
408.74 0.43303 0.48 0.04 18
408.74 0.328042 0.556 0.036 18
408.74 0.22308 0.606 0.036 18
408.74 0.118057 0.608 0.035 18
408.74 0.0139622 0.683 0.037 18
408.74 -0.0909802 0.668 0.039 18
408.74 -0.195946 0.7 0.039 18
408.74 -0.301039 0.635 0.042 18
408.74 -0.404982 0.647 0.044 18
408.74 -0.509943 0.661 0.045 18
408.74 -0.61401 0.634 0.051 18
408.74 -0.718005 0.594 0.063 18
408.74 -0.824027 0.497 0.088 18
408.74 -0.925011 0.41 0.137 18
