451.66 0.829038 0.249 0.162 18
451.66 0.743028 0.382 0.069 18
451.66 0.641985 0.361 0.049 18
451.66 0.538035 0.338 0.038 18
451.66 0.43303 0.536 0.035 18
451.66 0.328042 0.511 0.033 18
451.66 0.22308 0.541 0.032 18
451.66 0.118057 0.553 0.033 18
451.66 0.0139622 0.587 0.035 18
451.66 -0.0899374 0.63 0.038 18
451.66 -0.196973 0.701 0.04 18
451.66 -0.302037 0.782 0.04 18
451.66 -0.405939 0.68 0.041 18
451.66 -0.510993 0.666 0.043 18
451.66 -0.61401 0.666 0.046 18
451.66 -0.715936 0.676 0.058 18
451.66 -0.821945 0.842 0.09 18
451.66 -0.920027 0.422 0.16 18
