0.421326  0.151794  430  10  -0.95  0.05  TimeCoinc
0.597072  0.0812516  430  10  -0.85  0.05  TimeCoinc
0.668202  0.0434857  430  10  -0.75  0.05  TimeCoinc
0.655512  0.030436  430  10  -0.65  0.05  TimeCoinc
0.696538  0.0258003  430  10  -0.55  0.05  TimeCoinc
0.683918  0.0243944  430  10  -0.45  0.05  TimeCoinc
0.68193  0.0254423  430  10  -0.35  0.05  TimeCoinc
0.738997  0.0287882  430  10  -0.25  0.05  TimeCoinc
0.656141  0.0361422  430  10  -0.15  0.05  TimeCoinc
0.66799  0.0490121  430  10  -0.05  0.05  TimeCoinc
0.604188  0.0724095  430  10  0.05  0.05  TimeCoinc
0.623929  0.113092  430  10  0.15  0.05  TimeCoinc
0.67419  0.178867  430  10  0.25  0.05  TimeCoinc
0.902052  0.293368  430  10  0.35  0.05  TimeCoinc
0.81237  0.509534  430  10  0.45  0.05  TimeCoinc
0.495372  0.29872  430  10  0.55  0.05  TimeCoinc
-0.950793  1.24725  430  10  0.65  0.05  TimeCoinc
0  0  430  10  0.75  0.05  TimeCoinc
-1.58555e-08  -2.93949e-08  430  10  0.85  0.05  TimeCoinc
-0.00253414  11.7903  430  10  0.95  0.05  TimeCoinc
0.458113  0.14258  450  10  -0.95  0.05  TimeCoinc
0.61299  0.067422  450  10  -0.85  0.05  TimeCoinc
0.77654  0.0350286  450  10  -0.75  0.05  TimeCoinc
0.69117  0.0244622  450  10  -0.65  0.05  TimeCoinc
0.7574  0.0203232  450  10  -0.55  0.05  TimeCoinc
0.730819  0.0185668  450  10  -0.45  0.05  TimeCoinc
0.698883  0.0182527  450  10  -0.35  0.05  TimeCoinc
0.680484  0.0191914  450  10  -0.25  0.05  TimeCoinc
0.682309  0.0220984  450  10  -0.15  0.05  TimeCoinc
0.630895  0.0282558  450  10  -0.05  0.05  TimeCoinc
0.622964  0.0406616  450  10  0.05  0.05  TimeCoinc
0.620864  0.0633372  450  10  0.15  0.05  TimeCoinc
0.512751  0.102646  450  10  0.25  0.05  TimeCoinc
0.201196  0.169921  450  10  0.35  0.05  TimeCoinc
0.313662  0.308196  450  10  0.45  0.05  TimeCoinc
0.3825  0.232657  450  10  0.55  0.05  TimeCoinc
0.202071  0.358095  450  10  0.65  0.05  TimeCoinc
0  0  450  10  0.75  0.05  TimeCoinc
-0.411375  0.845505  450  10  0.85  0.05  TimeCoinc
-0.352678  0.295415  450  10  0.95  0.05  TimeCoinc
0.614128  0.141609  470  10  -0.95  0.05  TimeCoinc
0.692215  0.0627368  470  10  -0.85  0.05  TimeCoinc
0.810724  0.0310723  470  10  -0.75  0.05  TimeCoinc
0.752492  0.0216016  470  10  -0.65  0.05  TimeCoinc
0.755965  0.0177557  470  10  -0.55  0.05  TimeCoinc
0.755811  0.0160677  470  10  -0.45  0.05  TimeCoinc
0.703622  0.0152787  470  10  -0.35  0.05  TimeCoinc
0.687316  0.0152164  470  10  -0.25  0.05  TimeCoinc
0.697049  0.0162468  470  10  -0.15  0.05  TimeCoinc
0.694053  0.0190085  470  10  -0.05  0.05  TimeCoinc
0.646471  0.0252765  470  10  0.05  0.05  TimeCoinc
0.552201  0.0382012  470  10  0.15  0.05  TimeCoinc
0.522813  0.0621946  470  10  0.25  0.05  TimeCoinc
0.468664  0.0975712  470  10  0.35  0.05  TimeCoinc
0.404445  0.185542  470  10  0.45  0.05  TimeCoinc
0.0678591  0.303283  470  10  0.55  0.05  TimeCoinc
-0.16764  0.205322  470  10  0.65  0.05  TimeCoinc
-0.811741  0.56815  470  10  0.75  0.05  TimeCoinc
-0.48049  0.72789  470  10  0.85  0.05  TimeCoinc
-0.106428  0.49976  470  10  0.95  0.05  TimeCoinc
0.532882  0.167805  490  10  -0.95  0.05  TimeCoinc
0.750863  0.0669479  490  10  -0.85  0.05  TimeCoinc
0.793411  0.0333035  490  10  -0.75  0.05  TimeCoinc
0.812696  0.0230025  490  10  -0.65  0.05  TimeCoinc
0.757653  0.0189402  490  10  -0.55  0.05  TimeCoinc
0.740832  0.0168354  490  10  -0.45  0.05  TimeCoinc
0.765345  0.0156721  490  10  -0.35  0.05  TimeCoinc
0.731258  0.0153442  490  10  -0.25  0.05  TimeCoinc
0.693221  0.0156454  490  10  -0.15  0.05  TimeCoinc
0.696298  0.0170168  490  10  -0.05  0.05  TimeCoinc
0.620341  0.0208097  490  10  0.05  0.05  TimeCoinc
0.611215  0.0294623  490  10  0.15  0.05  TimeCoinc
0.592847  0.0483154  490  10  0.25  0.05  TimeCoinc
0.538821  0.0869781  490  10  0.35  0.05  TimeCoinc
0.2657  0.151561  490  10  0.45  0.05  TimeCoinc
-0.221634  0.26628  490  10  0.55  0.05  TimeCoinc
0  0  490  10  0.65  0.05  TimeCoinc
3.95776  481.254  490  10  0.75  0.05  TimeCoinc
-0.00714585  0.0113415  490  10  0.85  0.05  TimeCoinc
-0.024915  -0.0509129  490  10  0.95  0.05  TimeCoinc
0.355483  0.158489  510  10  -0.95  0.05  TimeCoinc
0.813909  0.0582918  510  10  -0.85  0.05  TimeCoinc
0.856319  0.0282343  510  10  -0.75  0.05  TimeCoinc
0.802071  0.0195281  510  10  -0.65  0.05  TimeCoinc
0.785763  0.0158816  510  10  -0.55  0.05  TimeCoinc
0.7641  0.0139381  510  10  -0.45  0.05  TimeCoinc
0.742227  0.0129316  510  10  -0.35  0.05  TimeCoinc
0.717409  0.0124362  510  10  -0.25  0.05  TimeCoinc
0.700287  0.012358  510  10  -0.15  0.05  TimeCoinc
0.673837  0.0129018  510  10  -0.05  0.05  TimeCoinc
0.657618  0.0146754  510  10  0.05  0.05  TimeCoinc
0.64754  0.0191509  510  10  0.15  0.05  TimeCoinc
0.542015  0.0297795  510  10  0.25  0.05  TimeCoinc
0.389938  0.054025  510  10  0.35  0.05  TimeCoinc
0.585913  0.0996952  510  10  0.45  0.05  TimeCoinc
0.315318  0.186527  510  10  0.55  0.05  TimeCoinc
0.523811  0.320541  510  10  0.65  0.05  TimeCoinc
-0.110154  0.534851  510  10  0.75  0.05  TimeCoinc
-0.000552318  -0.00498035  510  10  0.85  0.05  TimeCoinc
0.165167  0.424135  510  10  0.95  0.05  TimeCoinc
1.08236  0.161172  530  10  -0.95  0.05  TimeCoinc
0.841897  0.0641841  530  10  -0.85  0.05  TimeCoinc
0.759506  0.0307657  530  10  -0.75  0.05  TimeCoinc
0.820789  0.0211226  530  10  -0.65  0.05  TimeCoinc
0.8122  0.0169943  530  10  -0.55  0.05  TimeCoinc
0.79713  0.014774  530  10  -0.45  0.05  TimeCoinc
0.751825  0.0136379  530  10  -0.35  0.05  TimeCoinc
0.770285  0.0129179  530  10  -0.25  0.05  TimeCoinc
0.674277  0.0127609  530  10  -0.15  0.05  TimeCoinc
0.68759  0.01287  530  10  -0.05  0.05  TimeCoinc
0.638739  0.0138716  530  10  0.05  0.05  TimeCoinc
0.601396  0.0167017  530  10  0.15  0.05  TimeCoinc
0.566626  0.0236211  530  10  0.25  0.05  TimeCoinc
0.539126  0.0408859  530  10  0.35  0.05  TimeCoinc
0.548794  0.0799689  530  10  0.45  0.05  TimeCoinc
0.445246  0.146331  530  10  0.55  0.05  TimeCoinc
0.176504  0.290976  530  10  0.65  0.05  TimeCoinc
-0.111955  0.117245  530  10  0.75  0.05  TimeCoinc
-0.065702  0.645292  530  10  0.85  0.05  TimeCoinc
4.91041e-05  4.74038  530  10  0.95  0.05  TimeCoinc
0.945344  0.203296  550  10  -0.95  0.05  TimeCoinc
0.788563  0.0746898  550  10  -0.85  0.05  TimeCoinc
0.810186  0.0351325  550  10  -0.75  0.05  TimeCoinc
0.789575  0.0240902  550  10  -0.65  0.05  TimeCoinc
0.81937  0.0189925  550  10  -0.55  0.05  TimeCoinc
0.79474  0.0165992  550  10  -0.45  0.05  TimeCoinc
0.757068  0.0151774  550  10  -0.35  0.05  TimeCoinc
0.75311  0.0142019  550  10  -0.25  0.05  TimeCoinc
0.699904  0.0138892  550  10  -0.15  0.05  TimeCoinc
0.684826  0.0140112  550  10  -0.05  0.05  TimeCoinc
0.652762  0.0147844  550  10  0.05  0.05  TimeCoinc
0.608033  0.0168657  550  10  0.15  0.05  TimeCoinc
0.583297  0.0226608  550  10  0.25  0.05  TimeCoinc
0.477772  0.0369494  550  10  0.35  0.05  TimeCoinc
0.342844  0.0708392  550  10  0.45  0.05  TimeCoinc
-0.0495617  0.136381  550  10  0.55  0.05  TimeCoinc
0.300206  0.259801  550  10  0.65  0.05  TimeCoinc
0.158132  0.270256  550  10  0.75  0.05  TimeCoinc
0.415525  0.394493  550  10  0.85  0.05  TimeCoinc
1.52672  0.363558  550  10  0.95  0.05  TimeCoinc
0.454252  0.184406  570  10  -0.95  0.05  TimeCoinc
0.628003  0.0596573  570  10  -0.85  0.05  TimeCoinc
0.734332  0.029002  570  10  -0.75  0.05  TimeCoinc
0.824879  0.0190382  570  10  -0.65  0.05  TimeCoinc
0.781785  0.0153043  570  10  -0.55  0.05  TimeCoinc
0.808667  0.0129608  570  10  -0.45  0.05  TimeCoinc
0.787113  0.0117431  570  10  -0.35  0.05  TimeCoinc
0.76698  0.0109883  570  10  -0.25  0.05  TimeCoinc
0.737803  0.0107362  570  10  -0.15  0.05  TimeCoinc
0.688538  0.0106465  570  10  -0.05  0.05  TimeCoinc
0.677375  0.0109493  570  10  0.05  0.05  TimeCoinc
0.609348  0.0120701  570  10  0.15  0.05  TimeCoinc
0.550642  0.0148079  570  10  0.25  0.05  TimeCoinc
0.502714  0.0219232  570  10  0.35  0.05  TimeCoinc
0.399701  0.0411909  570  10  0.45  0.05  TimeCoinc
0.343521  0.0846491  570  10  0.55  0.05  TimeCoinc
0.134329  0.182376  570  10  0.65  0.05  TimeCoinc
0.024554  0.157966  570  10  0.75  0.05  TimeCoinc
-2.75762e-05  0.853833  570  10  0.85  0.05  TimeCoinc
0.000585978  5.59628  570  10  0.95  0.05  TimeCoinc
0.389871  0.138633  590  10  -0.95  0.05  TimeCoinc
0.562676  0.0541581  590  10  -0.85  0.05  TimeCoinc
0.72573  0.0260537  590  10  -0.75  0.05  TimeCoinc
0.831186  0.0169713  590  10  -0.65  0.05  TimeCoinc
0.822337  0.0131156  590  10  -0.55  0.05  TimeCoinc
0.796695  0.0111704  590  10  -0.45  0.05  TimeCoinc
0.812784  0.00989556  590  10  -0.35  0.05  TimeCoinc
0.778334  0.00926746  590  10  -0.25  0.05  TimeCoinc
0.753966  0.00887405  590  10  -0.15  0.05  TimeCoinc
0.735731  0.00881734  590  10  -0.05  0.05  TimeCoinc
0.693047  0.00909897  590  10  0.05  0.05  TimeCoinc
0.634433  0.00979276  590  10  0.15  0.05  TimeCoinc
0.592502  0.0114457  590  10  0.25  0.05  TimeCoinc
0.50476  0.0156579  590  10  0.35  0.05  TimeCoinc
0.436687  0.0270457  590  10  0.45  0.05  TimeCoinc
0.24324  0.0581344  590  10  0.55  0.05  TimeCoinc
0.129668  0.12918  590  10  0.65  0.05  TimeCoinc
-0.154288  0.160417  590  10  0.75  0.05  TimeCoinc
0.356531  0.361133  590  10  0.85  0.05  TimeCoinc
-0.114152  0.301372  590  10  0.95  0.05  TimeCoinc
0.285342  0.146439  610  10  -0.95  0.05  TimeCoinc
0.41363  0.0674666  610  10  -0.85  0.05  TimeCoinc
0.708597  0.0298913  610  10  -0.75  0.05  TimeCoinc
0.783857  0.0195217  610  10  -0.65  0.05  TimeCoinc
0.806726  0.0147397  610  10  -0.55  0.05  TimeCoinc
0.826045  0.0121844  610  10  -0.45  0.05  TimeCoinc
0.839949  0.0106676  610  10  -0.35  0.05  TimeCoinc
0.809994  0.0098698  610  10  -0.25  0.05  TimeCoinc
0.797825  0.00940093  610  10  -0.15  0.05  TimeCoinc
0.758842  0.00931798  610  10  -0.05  0.05  TimeCoinc
0.734229  0.00948306  610  10  0.05  0.05  TimeCoinc
0.689831  0.0100911  610  10  0.15  0.05  TimeCoinc
0.634578  0.011415  610  10  0.25  0.05  TimeCoinc
0.547006  0.0148154  610  10  0.35  0.05  TimeCoinc
0.503903  0.023253  610  10  0.45  0.05  TimeCoinc
0.35962  0.050623  610  10  0.55  0.05  TimeCoinc
0.477072  0.106252  610  10  0.65  0.05  TimeCoinc
0.139439  0.242672  610  10  0.75  0.05  TimeCoinc
-0.000747634  4.09114  610  10  0.85  0.05  TimeCoinc
-0.269714  0.272223  610  10  0.95  0.05  TimeCoinc
-0.127565  0.283305  630  10  -0.95  0.05  TimeCoinc
0.493391  0.133452  630  10  -0.85  0.05  TimeCoinc
0.640956  0.0619533  630  10  -0.75  0.05  TimeCoinc
0.818081  0.0384377  630  10  -0.65  0.05  TimeCoinc
0.839959  0.0298317  630  10  -0.55  0.05  TimeCoinc
0.819717  0.0247618  630  10  -0.45  0.05  TimeCoinc
0.8697  0.0212712  630  10  -0.35  0.05  TimeCoinc
0.859416  0.0194955  630  10  -0.25  0.05  TimeCoinc
0.848663  0.0184442  630  10  -0.15  0.05  TimeCoinc
0.835032  0.0181112  630  10  -0.05  0.05  TimeCoinc
0.792661  0.018162  630  10  0.05  0.05  TimeCoinc
0.737245  0.0192178  630  10  0.15  0.05  TimeCoinc
0.667395  0.0215142  630  10  0.25  0.05  TimeCoinc
0.656779  0.0262284  630  10  0.35  0.05  TimeCoinc
0.598361  0.0395716  630  10  0.45  0.05  TimeCoinc
0.362292  0.0787235  630  10  0.55  0.05  TimeCoinc
0.173045  0.176669  630  10  0.65  0.05  TimeCoinc
-0.0265228  0.0441102  630  10  0.75  0.05  TimeCoinc
0.0347653  0.477447  630  10  0.85  0.05  TimeCoinc
0.00927604  -0.0194025  630  10  0.95  0.05  TimeCoinc
