-0.201675  0.231431  430  10  -0.95  0.05  Sig
0.567023  0.0664858  430  10  -0.85  0.05  Sig
0.646372  0.0391167  430  10  -0.75  0.05  Sig
0.682576  0.0272089  430  10  -0.65  0.05  Sig
0.69566  0.0233782  430  10  -0.55  0.05  Sig
0.703925  0.0233615  430  10  -0.45  0.05  Sig
0.717355  0.0250549  430  10  -0.35  0.05  Sig
0.743479  0.0291275  430  10  -0.25  0.05  Sig
0.640972  0.0379815  430  10  -0.15  0.05  Sig
0.700233  0.0570123  430  10  -0.05  0.05  Sig
0.717839  0.100243  430  10  0.05  0.05  Sig
1.25823  0.204999  430  10  0.15  0.05  Sig
0.237199  0.508307  430  10  0.25  0.05  Sig
1.52658  0.804663  430  10  0.35  0.05  Sig
0.882818  1.28924  430  10  0.45  0.05  Sig
-0.000322387  127.832  430  10  0.55  0.05  Sig
-1.26063e-05  7.31782  430  10  0.65  0.05  Sig
0.00016099  51.4454  430  10  0.75  0.05  Sig
0  0  430  10  0.85  0.05  Sig
0  0  430  10  0.95  0.05  Sig
0.397801  0.112129  450  10  -0.95  0.05  Sig
0.617664  0.0556673  450  10  -0.85  0.05  Sig
0.76695  0.0305627  450  10  -0.75  0.05  Sig
0.716123  0.0215569  450  10  -0.65  0.05  Sig
0.733671  0.0190406  450  10  -0.55  0.05  Sig
0.726238  0.017894  450  10  -0.45  0.05  Sig
0.689212  0.0181369  450  10  -0.35  0.05  Sig
0.682491  0.0195378  450  10  -0.25  0.05  Sig
0.680071  0.0228063  450  10  -0.15  0.05  Sig
0.663601  0.0302405  450  10  -0.05  0.05  Sig
0.612634  0.0466181  450  10  0.05  0.05  Sig
0.77971  0.086825  450  10  0.15  0.05  Sig
0.643681  0.193689  450  10  0.25  0.05  Sig
0.403757  0.426546  450  10  0.35  0.05  Sig
0.0858429  1.04143  450  10  0.45  0.05  Sig
2.60349  0.825004  450  10  0.55  0.05  Sig
0.61273  0.650895  450  10  0.65  0.05  Sig
-8.99927e-05  9.22974  450  10  0.75  0.05  Sig
1.74027e-05  20.7878  450  10  0.85  0.05  Sig
0  0  450  10  0.95  0.05  Sig
0.651516  0.103417  470  10  -0.95  0.05  Sig
0.777012  0.0498153  470  10  -0.85  0.05  Sig
0.79736  0.02658  470  10  -0.75  0.05  Sig
0.757287  0.0191077  470  10  -0.65  0.05  Sig
0.736956  0.0168143  470  10  -0.55  0.05  Sig
0.769728  0.0156742  470  10  -0.45  0.05  Sig
0.712282  0.0154009  470  10  -0.35  0.05  Sig
0.70362  0.0154069  470  10  -0.25  0.05  Sig
0.678653  0.0169042  470  10  -0.15  0.05  Sig
0.700082  0.0201685  470  10  -0.05  0.05  Sig
0.651945  0.0271859  470  10  0.05  0.05  Sig
0.61599  0.0456393  470  10  0.15  0.05  Sig
0.589579  0.0867581  470  10  0.25  0.05  Sig
0.7718  0.233354  470  10  0.35  0.05  Sig
-0.853073  0.405296  470  10  0.45  0.05  Sig
0.442998  0.824576  470  10  0.55  0.05  Sig
-1.45633  1.24726  470  10  0.65  0.05  Sig
-1.71019e-06  7.24943  470  10  0.75  0.05  Sig
0  0  470  10  0.85  0.05  Sig
0  0  470  10  0.95  0.05  Sig
0.690389  0.117573  490  10  -0.95  0.05  Sig
0.704459  0.0591075  490  10  -0.85  0.05  Sig
0.783898  0.0282567  490  10  -0.75  0.05  Sig
0.780335  0.0204771  490  10  -0.65  0.05  Sig
0.738704  0.0175371  490  10  -0.55  0.05  Sig
0.750204  0.0164961  490  10  -0.45  0.05  Sig
0.773495  0.0161907  490  10  -0.35  0.05  Sig
0.726461  0.0160662  490  10  -0.25  0.05  Sig
0.692232  0.0164781  490  10  -0.15  0.05  Sig
0.70542  0.0180638  490  10  -0.05  0.05  Sig
0.632366  0.0224666  490  10  0.05  0.05  Sig
0.634202  0.0328163  490  10  0.15  0.05  Sig
0.601884  0.0607147  490  10  0.25  0.05  Sig
0.825793  0.134533  490  10  0.35  0.05  Sig
0.717746  0.351766  490  10  0.45  0.05  Sig
0.55486  1.16348  490  10  0.55  0.05  Sig
-0.873667  0.815495  490  10  0.65  0.05  Sig
0.404431  0.647327  490  10  0.75  0.05  Sig
0  0  490  10  0.85  0.05  Sig
0  0  490  10  0.95  0.05  Sig
0.673845  0.105793  510  10  -0.95  0.05  Sig
0.811689  0.0457837  510  10  -0.85  0.05  Sig
0.813609  0.0235376  510  10  -0.75  0.05  Sig
0.783401  0.0171245  510  10  -0.65  0.05  Sig
0.75174  0.0148614  510  10  -0.55  0.05  Sig
0.76136  0.0139415  510  10  -0.45  0.05  Sig
0.738208  0.0133139  510  10  -0.35  0.05  Sig
0.718399  0.013308  510  10  -0.25  0.05  Sig
0.70046  0.0133212  510  10  -0.15  0.05  Sig
0.660784  0.0141278  510  10  -0.05  0.05  Sig
0.666196  0.0159567  510  10  0.05  0.05  Sig
0.660516  0.0211493  510  10  0.15  0.05  Sig
0.570292  0.0349097  510  10  0.25  0.05  Sig
0.306625  0.0738426  510  10  0.35  0.05  Sig
0.603559  0.186044  510  10  0.45  0.05  Sig
-0.0735762  0.53899  510  10  0.55  0.05  Sig
0.664331  0.766143  510  10  0.65  0.05  Sig
4.65267e-08  1.19737  510  10  0.75  0.05  Sig
0  0  510  10  0.85  0.05  Sig
0  0  510  10  0.95  0.05  Sig
1.05172  0.130057  530  10  -0.95  0.05  Sig
0.81049  0.0499815  530  10  -0.85  0.05  Sig
0.806584  0.0252224  530  10  -0.75  0.05  Sig
0.851071  0.0182048  530  10  -0.65  0.05  Sig
0.827569  0.0158578  530  10  -0.55  0.05  Sig
0.807771  0.0146521  530  10  -0.45  0.05  Sig
0.759975  0.0142141  530  10  -0.35  0.05  Sig
0.770755  0.013918  530  10  -0.25  0.05  Sig
0.671108  0.0142491  530  10  -0.15  0.05  Sig
0.692713  0.0146372  530  10  -0.05  0.05  Sig
0.653024  0.0157257  530  10  0.05  0.05  Sig
0.590465  0.0188199  530  10  0.15  0.05  Sig
0.573066  0.0265256  530  10  0.25  0.05  Sig
0.538642  0.0500812  530  10  0.35  0.05  Sig
0.639062  0.124198  530  10  0.45  0.05  Sig
-0.106084  0.330373  530  10  0.55  0.05  Sig
-0.715563  0.564278  530  10  0.65  0.05  Sig
0.101124  0.43942  530  10  0.75  0.05  Sig
-8.74381e-06  40.1053  530  10  0.85  0.05  Sig
0  0  530  10  0.95  0.05  Sig
0.662616  0.160819  550  10  -0.95  0.05  Sig
0.849041  0.058188  550  10  -0.85  0.05  Sig
0.825081  0.0284047  550  10  -0.75  0.05  Sig
0.808131  0.0203407  550  10  -0.65  0.05  Sig
0.827387  0.0173446  550  10  -0.55  0.05  Sig
0.782567  0.016399  550  10  -0.45  0.05  Sig
0.761454  0.0159432  550  10  -0.35  0.05  Sig
0.755658  0.0154257  550  10  -0.25  0.05  Sig
0.700496  0.0156742  550  10  -0.15  0.05  Sig
0.682545  0.0161334  550  10  -0.05  0.05  Sig
0.63917  0.0170057  550  10  0.05  0.05  Sig
0.598342  0.0193589  550  10  0.15  0.05  Sig
0.591111  0.0260283  550  10  0.25  0.05  Sig
0.556423  0.0433358  550  10  0.35  0.05  Sig
0.460875  0.0955801  550  10  0.45  0.05  Sig
0.399085  0.279993  550  10  0.55  0.05  Sig
0.437225  0.298045  550  10  0.65  0.05  Sig
1.42771  0.496097  550  10  0.75  0.05  Sig
1.29423  0.572697  550  10  0.85  0.05  Sig
0  0  550  10  0.95  0.05  Sig
0.591824  0.103776  570  10  -0.95  0.05  Sig
0.789669  0.0439536  570  10  -0.85  0.05  Sig
0.809817  0.022103  570  10  -0.75  0.05  Sig
0.822995  0.015778  570  10  -0.65  0.05  Sig
0.783732  0.0137936  570  10  -0.55  0.05  Sig
0.814639  0.0126044  570  10  -0.45  0.05  Sig
0.77517  0.0121906  570  10  -0.35  0.05  Sig
0.754467  0.0120363  570  10  -0.25  0.05  Sig
0.742972  0.0122123  570  10  -0.15  0.05  Sig
0.691112  0.0124061  570  10  -0.05  0.05  Sig
0.686916  0.012955  570  10  0.05  0.05  Sig
0.603354  0.0142373  570  10  0.15  0.05  Sig
0.55394  0.0173661  570  10  0.25  0.05  Sig
0.508117  0.0259079  570  10  0.35  0.05  Sig
0.44461  0.0516658  570  10  0.45  0.05  Sig
0.139079  0.143871  570  10  0.55  0.05  Sig
1.84499  0.28101  570  10  0.65  0.05  Sig
0.00258865  4.43168  570  10  0.75  0.05  Sig
-2.18626e-05  0.623174  570  10  0.85  0.05  Sig
0  0  570  10  0.95  0.05  Sig
0.537387  0.0817854  590  10  -0.95  0.05  Sig
0.682908  0.0379101  590  10  -0.85  0.05  Sig
0.784036  0.018967  590  10  -0.75  0.05  Sig
0.828156  0.0133242  590  10  -0.65  0.05  Sig
0.822524  0.0115088  590  10  -0.55  0.05  Sig
0.802519  0.0106538  590  10  -0.45  0.05  Sig
0.810973  0.0101866  590  10  -0.35  0.05  Sig
0.777005  0.0101319  590  10  -0.25  0.05  Sig
0.750241  0.0101733  590  10  -0.15  0.05  Sig
0.725028  0.010398  590  10  -0.05  0.05  Sig
0.677658  0.0109358  590  10  0.05  0.05  Sig
0.640898  0.0117734  590  10  0.15  0.05  Sig
0.598286  0.0136156  590  10  0.25  0.05  Sig
0.49854  0.0186983  590  10  0.35  0.05  Sig
0.409406  0.034097  590  10  0.45  0.05  Sig
0.402012  0.0862296  590  10  0.55  0.05  Sig
0.451033  0.264395  590  10  0.65  0.05  Sig
-0.00107931  12.3899  590  10  0.75  0.05  Sig
-0.000438659  2.82496  590  10  0.85  0.05  Sig
0  0  590  10  0.95  0.05  Sig
0.45372  0.0650985  610  10  -0.95  0.05  Sig
0.680258  0.0397814  610  10  -0.85  0.05  Sig
0.800512  0.0203005  610  10  -0.75  0.05  Sig
0.826477  0.0146199  610  10  -0.65  0.05  Sig
0.865911  0.0122276  610  10  -0.55  0.05  Sig
0.827756  0.0113671  610  10  -0.45  0.05  Sig
0.842332  0.0109141  610  10  -0.35  0.05  Sig
0.800156  0.0107817  610  10  -0.25  0.05  Sig
0.804055  0.0107861  610  10  -0.15  0.05  Sig
0.75728  0.0111241  610  10  -0.05  0.05  Sig
0.727632  0.0115654  610  10  0.05  0.05  Sig
0.687561  0.0125418  610  10  0.15  0.05  Sig
0.65418  0.0140568  610  10  0.25  0.05  Sig
0.556249  0.0180765  610  10  0.35  0.05  Sig
0.512769  0.0283213  610  10  0.45  0.05  Sig
0.368353  0.0694649  610  10  0.55  0.05  Sig
0.748939  0.1809  610  10  0.65  0.05  Sig
-0.981361  0.478405  610  10  0.75  0.05  Sig
0  0  610  10  0.85  0.05  Sig
0  0  610  10  0.95  0.05  Sig
0.3722  0.155815  630  10  -0.95  0.05  Sig
0.562867  0.0768501  630  10  -0.85  0.05  Sig
0.80343  0.0417359  630  10  -0.75  0.05  Sig
0.8326  0.0280852  630  10  -0.65  0.05  Sig
0.882072  0.0241595  630  10  -0.55  0.05  Sig
0.84452  0.0221806  630  10  -0.45  0.05  Sig
0.87237  0.0211223  630  10  -0.35  0.05  Sig
0.854214  0.0212244  630  10  -0.25  0.05  Sig
0.844914  0.0212507  630  10  -0.15  0.05  Sig
0.815015  0.0215795  630  10  -0.05  0.05  Sig
0.791  0.0228361  630  10  0.05  0.05  Sig
0.758934  0.0238833  630  10  0.15  0.05  Sig
0.693936  0.0269729  630  10  0.25  0.05  Sig
0.67043  0.0328921  630  10  0.35  0.05  Sig
0.545303  0.0482441  630  10  0.45  0.05  Sig
0.551279  0.111081  630  10  0.55  0.05  Sig
-0.561753  0.316483  630  10  0.65  0.05  Sig
6.72241e-06  10.3945  630  10  0.75  0.05  Sig
0  0  630  10  0.85  0.05  Sig
0  0  630  10  0.95  0.05  Sig
