-0.0629936  0.539377  430  10  -0.95  0.05  SignalTiming
0.350355  0.215825  430  10  -0.85  0.05  SignalTiming
0.458073  0.13375  430  10  -0.75  0.05  SignalTiming
0.265541  0.105426  430  10  -0.65  0.05  SignalTiming
0.377582  0.0890888  430  10  -0.55  0.05  SignalTiming
0.505198  0.084851  430  10  -0.45  0.05  SignalTiming
0.572418  0.0838276  430  10  -0.35  0.05  SignalTiming
0.589559  0.0860814  430  10  -0.25  0.05  SignalTiming
0.430926  0.0883997  430  10  -0.15  0.05  SignalTiming
0.280741  0.0946604  430  10  -0.05  0.05  SignalTiming
0.352244  0.108046  430  10  0.05  0.05  SignalTiming
0.311282  0.12054  430  10  0.15  0.05  SignalTiming
0.209601  0.135036  430  10  0.25  0.05  SignalTiming
-0.133592  0.16616  430  10  0.35  0.05  SignalTiming
0.395835  0.216591  430  10  0.45  0.05  SignalTiming
0.67105  0.302659  430  10  0.55  0.05  SignalTiming
1.45008  0.45965  430  10  0.65  0.05  SignalTiming
1.97144  1.03835  430  10  0.75  0.05  SignalTiming
1.75565  1.91175  430  10  0.85  0.05  SignalTiming
-0.472173  1.7155  430  10  0.95  0.05  SignalTiming
0.254672  0.427651  450  10  -0.95  0.05  SignalTiming
0.659657  0.175513  450  10  -0.85  0.05  SignalTiming
0.312618  0.109273  450  10  -0.75  0.05  SignalTiming
0.380975  0.0846911  450  10  -0.65  0.05  SignalTiming
0.38031  0.0724703  450  10  -0.55  0.05  SignalTiming
0.452911  0.0670245  450  10  -0.45  0.05  SignalTiming
0.497246  0.0639738  450  10  -0.35  0.05  SignalTiming
0.418168  0.0671156  450  10  -0.25  0.05  SignalTiming
0.38109  0.068683  450  10  -0.15  0.05  SignalTiming
0.463925  0.0722955  450  10  -0.05  0.05  SignalTiming
0.244923  0.0777995  450  10  0.05  0.05  SignalTiming
0.366569  0.089103  450  10  0.15  0.05  SignalTiming
0.441851  0.104408  450  10  0.25  0.05  SignalTiming
0.318554  0.117876  450  10  0.35  0.05  SignalTiming
0.0611727  0.146164  450  10  0.45  0.05  SignalTiming
0.0936343  0.191816  450  10  0.55  0.05  SignalTiming
-0.118891  0.273064  450  10  0.65  0.05  SignalTiming
-0.427613  0.554506  450  10  0.75  0.05  SignalTiming
0.93899  1.89441  450  10  0.85  0.05  SignalTiming
0.0831964  1.1152  450  10  0.95  0.05  SignalTiming
0.293314  0.585019  470  10  -0.95  0.05  SignalTiming
0.516971  0.153632  470  10  -0.85  0.05  SignalTiming
0.434667  0.0896675  470  10  -0.75  0.05  SignalTiming
0.469965  0.0704108  470  10  -0.65  0.05  SignalTiming
0.515255  0.0600126  470  10  -0.55  0.05  SignalTiming
0.444677  0.0555033  470  10  -0.45  0.05  SignalTiming
0.519633  0.0534968  470  10  -0.35  0.05  SignalTiming
0.558468  0.0532064  470  10  -0.25  0.05  SignalTiming
0.516877  0.0556771  470  10  -0.15  0.05  SignalTiming
0.455792  0.0575331  470  10  -0.05  0.05  SignalTiming
0.44884  0.0603703  470  10  0.05  0.05  SignalTiming
0.383041  0.0672347  470  10  0.15  0.05  SignalTiming
0.267405  0.0752094  470  10  0.25  0.05  SignalTiming
0.176878  0.0912808  470  10  0.35  0.05  SignalTiming
0.0969404  0.111171  470  10  0.45  0.05  SignalTiming
0.211525  0.145699  470  10  0.55  0.05  SignalTiming
0.0654309  0.211795  470  10  0.65  0.05  SignalTiming
0.101238  0.36953  470  10  0.75  0.05  SignalTiming
0.776754  1.08089  470  10  0.85  0.05  SignalTiming
0.50297  1.80948  470  10  0.95  0.05  SignalTiming
-0.649387  0.626143  490  10  -0.95  0.05  SignalTiming
0.226507  0.164944  490  10  -0.85  0.05  SignalTiming
0.682787  0.0969144  490  10  -0.75  0.05  SignalTiming
0.432203  0.0741141  490  10  -0.65  0.05  SignalTiming
0.475801  0.0616579  490  10  -0.55  0.05  SignalTiming
0.50183  0.0548888  490  10  -0.45  0.05  SignalTiming
0.548539  0.0537853  490  10  -0.35  0.05  SignalTiming
0.33054  0.0536312  490  10  -0.25  0.05  SignalTiming
0.540362  0.0525939  490  10  -0.15  0.05  SignalTiming
0.386105  0.0549063  490  10  -0.05  0.05  SignalTiming
0.389989  0.0578559  490  10  0.05  0.05  SignalTiming
0.396795  0.0652634  490  10  0.15  0.05  SignalTiming
0.427542  0.0752975  490  10  0.25  0.05  SignalTiming
0.255955  0.0856945  490  10  0.35  0.05  SignalTiming
0.231849  0.107054  490  10  0.45  0.05  SignalTiming
0.165285  0.124373  490  10  0.55  0.05  SignalTiming
-0.112662  0.201529  490  10  0.65  0.05  SignalTiming
-0.361629  0.3073  490  10  0.75  0.05  SignalTiming
-0.112768  1.11093  490  10  0.85  0.05  SignalTiming
-0.235322  0.956759  490  10  0.95  0.05  SignalTiming
0.513775  0.414565  510  10  -0.95  0.05  SignalTiming
0.356214  0.135572  510  10  -0.85  0.05  SignalTiming
0.388671  0.0775408  510  10  -0.75  0.05  SignalTiming
0.521032  0.0572817  510  10  -0.65  0.05  SignalTiming
0.526428  0.0488956  510  10  -0.55  0.05  SignalTiming
0.480308  0.0448797  510  10  -0.45  0.05  SignalTiming
0.563084  0.0434962  510  10  -0.35  0.05  SignalTiming
0.500557  0.0417967  510  10  -0.25  0.05  SignalTiming
0.414306  0.040964  510  10  -0.15  0.05  SignalTiming
0.524784  0.0426584  510  10  -0.05  0.05  SignalTiming
0.448991  0.04511  510  10  0.05  0.05  SignalTiming
0.299382  0.0483228  510  10  0.15  0.05  SignalTiming
0.274048  0.0563235  510  10  0.25  0.05  SignalTiming
0.23872  0.0636169  510  10  0.35  0.05  SignalTiming
0.221258  0.0776111  510  10  0.45  0.05  SignalTiming
0.244432  0.0943844  510  10  0.55  0.05  SignalTiming
-0.0845515  0.147174  510  10  0.65  0.05  SignalTiming
0.0953338  0.251303  510  10  0.75  0.05  SignalTiming
1.70347  0.935194  510  10  0.85  0.05  SignalTiming
0.21978  1.30087  510  10  0.95  0.05  SignalTiming
-0.217497  0.448088  530  10  -0.95  0.05  SignalTiming
0.474898  0.128996  530  10  -0.85  0.05  SignalTiming
0.346723  0.0757591  530  10  -0.75  0.05  SignalTiming
0.521194  0.0610051  530  10  -0.65  0.05  SignalTiming
0.448888  0.0514081  530  10  -0.55  0.05  SignalTiming
0.523073  0.0456352  530  10  -0.45  0.05  SignalTiming
0.499486  0.0432003  530  10  -0.35  0.05  SignalTiming
0.477745  0.0413794  530  10  -0.25  0.05  SignalTiming
0.548724  0.0405007  530  10  -0.15  0.05  SignalTiming
0.4554  0.0416449  530  10  -0.05  0.05  SignalTiming
0.396303  0.0443657  530  10  0.05  0.05  SignalTiming
0.439556  0.0469599  530  10  0.15  0.05  SignalTiming
0.316118  0.0536688  530  10  0.25  0.05  SignalTiming
0.282765  0.0640066  530  10  0.35  0.05  SignalTiming
0.238204  0.0761322  530  10  0.45  0.05  SignalTiming
0.0276412  0.101482  530  10  0.55  0.05  SignalTiming
-0.151139  0.129487  530  10  0.65  0.05  SignalTiming
0.0969701  0.218583  530  10  0.75  0.05  SignalTiming
-0.146434  0.642198  530  10  0.85  0.05  SignalTiming
0.56878  0.863302  530  10  0.95  0.05  SignalTiming
-0.191135  0.647791  550  10  -0.95  0.05  SignalTiming
0.431642  0.140818  550  10  -0.85  0.05  SignalTiming
0.398304  0.0829066  550  10  -0.75  0.05  SignalTiming
0.537767  0.0636466  550  10  -0.65  0.05  SignalTiming
0.463971  0.0554071  550  10  -0.55  0.05  SignalTiming
0.523357  0.0487875  550  10  -0.45  0.05  SignalTiming
0.499285  0.0469824  550  10  -0.35  0.05  SignalTiming
0.417445  0.0444542  550  10  -0.25  0.05  SignalTiming
0.502164  0.0445826  550  10  -0.15  0.05  SignalTiming
0.466398  0.0445329  550  10  -0.05  0.05  SignalTiming
0.408372  0.0470938  550  10  0.05  0.05  SignalTiming
0.294849  0.0497095  550  10  0.15  0.05  SignalTiming
0.278315  0.0568929  550  10  0.25  0.05  SignalTiming
0.162972  0.064249  550  10  0.35  0.05  SignalTiming
0.253063  0.0854595  550  10  0.45  0.05  SignalTiming
0.19849  0.106079  550  10  0.55  0.05  SignalTiming
-0.128725  0.169682  550  10  0.65  0.05  SignalTiming
0.100364  0.239857  550  10  0.75  0.05  SignalTiming
-0.541809  0.682607  550  10  0.85  0.05  SignalTiming
0.672765  1.75188  550  10  0.95  0.05  SignalTiming
2.04363  1.06167  570  10  -0.95  0.05  SignalTiming
0.45262  0.118037  570  10  -0.85  0.05  SignalTiming
0.24719  0.0637578  570  10  -0.75  0.05  SignalTiming
0.394  0.0493537  570  10  -0.65  0.05  SignalTiming
0.38358  0.0434986  570  10  -0.55  0.05  SignalTiming
0.540316  0.0401597  570  10  -0.45  0.05  SignalTiming
0.427396  0.0355484  570  10  -0.35  0.05  SignalTiming
0.46046  0.0341182  570  10  -0.25  0.05  SignalTiming
0.440241  0.0331036  570  10  -0.15  0.05  SignalTiming
0.488778  0.0323232  570  10  -0.05  0.05  SignalTiming
0.365267  0.0341189  570  10  0.05  0.05  SignalTiming
0.427984  0.0359863  570  10  0.15  0.05  SignalTiming
0.344473  0.0414361  570  10  0.25  0.05  SignalTiming
0.262371  0.0474227  570  10  0.35  0.05  SignalTiming
0.219597  0.0585933  570  10  0.45  0.05  SignalTiming
0.114399  0.0765458  570  10  0.55  0.05  SignalTiming
0.00948274  0.105319  570  10  0.65  0.05  SignalTiming
0.204969  0.198801  570  10  0.75  0.05  SignalTiming
0.87084  0.614573  570  10  0.85  0.05  SignalTiming
-1.6748  1.10368  570  10  0.95  0.05  SignalTiming
0.57976  0.41008  590  10  -0.95  0.05  SignalTiming
0.0742336  0.0882106  590  10  -0.85  0.05  SignalTiming
0.357635  0.0522484  590  10  -0.75  0.05  SignalTiming
0.365338  0.0404206  590  10  -0.65  0.05  SignalTiming
0.529246  0.0353606  590  10  -0.55  0.05  SignalTiming
0.506683  0.0324975  590  10  -0.45  0.05  SignalTiming
0.507929  0.0296765  590  10  -0.35  0.05  SignalTiming
0.430767  0.0274106  590  10  -0.25  0.05  SignalTiming
0.467605  0.0276483  590  10  -0.15  0.05  SignalTiming
0.450528  0.0265382  590  10  -0.05  0.05  SignalTiming
0.438072  0.0276082  590  10  0.05  0.05  SignalTiming
0.354114  0.0290957  590  10  0.15  0.05  SignalTiming
0.337453  0.0328254  590  10  0.25  0.05  SignalTiming
0.317496  0.0384782  590  10  0.35  0.05  SignalTiming
0.260997  0.0478735  590  10  0.45  0.05  SignalTiming
0.0954223  0.0628261  590  10  0.55  0.05  SignalTiming
0.0159321  0.0862458  590  10  0.65  0.05  SignalTiming
0.142223  0.16024  590  10  0.75  0.05  SignalTiming
0.0653397  0.341394  590  10  0.85  0.05  SignalTiming
-0.380336  0.74864  590  10  0.95  0.05  SignalTiming
0.765816  0.389648  610  10  -0.95  0.05  SignalTiming
0.303141  0.0883526  610  10  -0.85  0.05  SignalTiming
0.210445  0.0545955  610  10  -0.75  0.05  SignalTiming
0.474162  0.0424882  610  10  -0.65  0.05  SignalTiming
0.474948  0.0376422  610  10  -0.55  0.05  SignalTiming
0.51065  0.0337416  610  10  -0.45  0.05  SignalTiming
0.473595  0.0314502  610  10  -0.35  0.05  SignalTiming
0.502502  0.0295496  610  10  -0.25  0.05  SignalTiming
0.458675  0.028953  610  10  -0.15  0.05  SignalTiming
0.451885  0.0274072  610  10  -0.05  0.05  SignalTiming
0.43015  0.0288391  610  10  0.05  0.05  SignalTiming
0.428842  0.0303982  610  10  0.15  0.05  SignalTiming
0.319408  0.0331573  610  10  0.25  0.05  SignalTiming
0.335097  0.0385258  610  10  0.35  0.05  SignalTiming
0.230863  0.0490574  610  10  0.45  0.05  SignalTiming
0.090191  0.0621914  610  10  0.55  0.05  SignalTiming
0.156381  0.0876723  610  10  0.65  0.05  SignalTiming
0.270679  0.153055  610  10  0.75  0.05  SignalTiming
-0.259245  0.344084  610  10  0.85  0.05  SignalTiming
-0.0715979  0.515679  610  10  0.95  0.05  SignalTiming
0.420938  0.651836  630  10  -0.95  0.05  SignalTiming
0.335288  0.180522  630  10  -0.85  0.05  SignalTiming
0.166045  0.110139  630  10  -0.75  0.05  SignalTiming
0.394575  0.0811222  630  10  -0.65  0.05  SignalTiming
0.581075  0.0754156  630  10  -0.55  0.05  SignalTiming
0.634359  0.0658456  630  10  -0.45  0.05  SignalTiming
0.537236  0.0618419  630  10  -0.35  0.05  SignalTiming
0.450731  0.0580337  630  10  -0.25  0.05  SignalTiming
0.483333  0.0545649  630  10  -0.15  0.05  SignalTiming
0.386807  0.0549436  630  10  -0.05  0.05  SignalTiming
0.41107  0.0550904  630  10  0.05  0.05  SignalTiming
0.46967  0.0559476  630  10  0.15  0.05  SignalTiming
0.38026  0.0618331  630  10  0.25  0.05  SignalTiming
0.436459  0.0707368  630  10  0.35  0.05  SignalTiming
0.416464  0.0910449  630  10  0.45  0.05  SignalTiming
0.192278  0.113683  630  10  0.55  0.05  SignalTiming
0.495381  0.16647  630  10  0.65  0.05  SignalTiming
0.28628  0.232326  630  10  0.75  0.05  SignalTiming
0.298981  0.556076  630  10  0.85  0.05  SignalTiming
-0.211976  0.685134  630  10  0.95  0.05  SignalTiming
