0.319325  0.0704332  430  10  -0.95  0.05  TimeCoinc
0.6509  0.0494927  430  10  -0.85  0.05  TimeCoinc
0.626358  0.0291432  430  10  -0.75  0.05  TimeCoinc
0.645792  0.0208902  430  10  -0.65  0.05  TimeCoinc
0.702795  0.0182689  430  10  -0.55  0.05  TimeCoinc
0.695449  0.0178952  430  10  -0.45  0.05  TimeCoinc
0.687997  0.0189132  430  10  -0.35  0.05  TimeCoinc
0.695286  0.0212578  430  10  -0.25  0.05  TimeCoinc
0.662428  0.0254025  430  10  -0.15  0.05  TimeCoinc
0.644954  0.0319818  430  10  -0.05  0.05  TimeCoinc
0.58895  0.0415462  430  10  0.05  0.05  TimeCoinc
0.610699  0.05696  430  10  0.15  0.05  TimeCoinc
0.394262  0.0790404  430  10  0.25  0.05  TimeCoinc
0.513871  0.117717  430  10  0.35  0.05  TimeCoinc
0.42474  0.198363  430  10  0.45  0.05  TimeCoinc
0.276292  0.158581  430  10  0.55  0.05  TimeCoinc
0.144166  1.05083  430  10  0.65  0.05  TimeCoinc
0.229888  0.763318  430  10  0.75  0.05  TimeCoinc
0.654893  0.686168  430  10  0.85  0.05  TimeCoinc
0.00192966  0.00354099  430  10  0.95  0.05  TimeCoinc
0.190746  0.0644829  450  10  -0.95  0.05  TimeCoinc
0.490871  0.041219  450  10  -0.85  0.05  TimeCoinc
0.713795  0.0227897  450  10  -0.75  0.05  TimeCoinc
0.709754  0.0164744  450  10  -0.65  0.05  TimeCoinc
0.691126  0.0143503  450  10  -0.55  0.05  TimeCoinc
0.713551  0.0137167  450  10  -0.45  0.05  TimeCoinc
0.672075  0.0138573  450  10  -0.35  0.05  TimeCoinc
0.690621  0.0148828  450  10  -0.25  0.05  TimeCoinc
0.689389  0.0169611  450  10  -0.15  0.05  TimeCoinc
0.641028  0.0208568  450  10  -0.05  0.05  TimeCoinc
0.645028  0.0268194  450  10  0.05  0.05  TimeCoinc
0.676104  0.0365616  450  10  0.15  0.05  TimeCoinc
0.543367  0.0518305  450  10  0.25  0.05  TimeCoinc
0.496504  0.0761144  450  10  0.35  0.05  TimeCoinc
0.242219  0.112239  450  10  0.45  0.05  TimeCoinc
0.471126  0.198131  450  10  0.55  0.05  TimeCoinc
-0.249856  0.40286  450  10  0.65  0.05  TimeCoinc
-0.0641852  0.318588  450  10  0.75  0.05  TimeCoinc
0.21104  0.265101  450  10  0.85  0.05  TimeCoinc
0.198549  0.450428  450  10  0.95  0.05  TimeCoinc
0.417232  0.0620959  470  10  -0.95  0.05  TimeCoinc
0.679722  0.0361965  470  10  -0.85  0.05  TimeCoinc
0.73576  0.0195922  470  10  -0.75  0.05  TimeCoinc
0.735301  0.0143699  470  10  -0.65  0.05  TimeCoinc
0.730439  0.0124074  470  10  -0.55  0.05  TimeCoinc
0.730081  0.0117571  470  10  -0.45  0.05  TimeCoinc
0.696864  0.0115961  470  10  -0.35  0.05  TimeCoinc
0.707668  0.0119005  470  10  -0.25  0.05  TimeCoinc
0.662569  0.0129872  470  10  -0.15  0.05  TimeCoinc
0.637278  0.0150967  470  10  -0.05  0.05  TimeCoinc
0.617639  0.018937  470  10  0.05  0.05  TimeCoinc
0.599159  0.0251854  470  10  0.15  0.05  TimeCoinc
0.453069  0.0358887  470  10  0.25  0.05  TimeCoinc
0.474505  0.0528958  470  10  0.35  0.05  TimeCoinc
0.533791  0.0801156  470  10  0.45  0.05  TimeCoinc
0.606106  0.131278  470  10  0.55  0.05  TimeCoinc
-0.202291  0.264589  470  10  0.65  0.05  TimeCoinc
0.0872492  0.135928  470  10  0.75  0.05  TimeCoinc
-0.937764  1.11654  470  10  0.85  0.05  TimeCoinc
-0.715915  0.372581  470  10  0.95  0.05  TimeCoinc
0.686228  0.0709059  490  10  -0.95  0.05  TimeCoinc
0.69398  0.0378412  490  10  -0.85  0.05  TimeCoinc
0.724083  0.0206012  490  10  -0.75  0.05  TimeCoinc
0.764718  0.0150722  490  10  -0.65  0.05  TimeCoinc
0.749141  0.0130352  490  10  -0.55  0.05  TimeCoinc
0.736628  0.0121873  490  10  -0.45  0.05  TimeCoinc
0.735799  0.0118301  490  10  -0.35  0.05  TimeCoinc
0.715308  0.0119118  490  10  -0.25  0.05  TimeCoinc
0.688901  0.0125334  490  10  -0.15  0.05  TimeCoinc
0.656139  0.0139141  490  10  -0.05  0.05  TimeCoinc
0.617025  0.0167507  490  10  0.05  0.05  TimeCoinc
0.55954  0.021847  490  10  0.15  0.05  TimeCoinc
0.566263  0.0309239  490  10  0.25  0.05  TimeCoinc
0.543219  0.0459744  490  10  0.35  0.05  TimeCoinc
0.395286  0.0707854  490  10  0.45  0.05  TimeCoinc
0.106616  0.115612  490  10  0.55  0.05  TimeCoinc
-0.0375426  0.211715  490  10  0.65  0.05  TimeCoinc
0.299345  0.167978  490  10  0.75  0.05  TimeCoinc
-0.530582  0.846413  490  10  0.85  0.05  TimeCoinc
2.72822  -3.02228  490  10  0.95  0.05  TimeCoinc
0.658419  0.0633896  510  10  -0.95  0.05  TimeCoinc
0.684438  0.0316626  510  10  -0.85  0.05  TimeCoinc
0.76364  0.0170152  510  10  -0.75  0.05  TimeCoinc
0.760011  0.0125084  510  10  -0.65  0.05  TimeCoinc
0.755903  0.0108175  510  10  -0.55  0.05  TimeCoinc
0.749457  0.0100388  510  10  -0.45  0.05  TimeCoinc
0.727965  0.00968867  510  10  -0.35  0.05  TimeCoinc
0.692881  0.00963479  510  10  -0.25  0.05  TimeCoinc
0.678519  0.00987067  510  10  -0.15  0.05  TimeCoinc
0.64789  0.0106274  510  10  -0.05  0.05  TimeCoinc
0.653629  0.0122402  510  10  0.05  0.05  TimeCoinc
0.613659  0.0153377  510  10  0.15  0.05  TimeCoinc
0.54277  0.0212538  510  10  0.25  0.05  TimeCoinc
0.46817  0.0316687  510  10  0.35  0.05  TimeCoinc
0.499945  0.0495171  510  10  0.45  0.05  TimeCoinc
0.501005  0.0796542  510  10  0.55  0.05  TimeCoinc
0.334313  0.1486  510  10  0.65  0.05  TimeCoinc
0.216533  0.295141  510  10  0.75  0.05  TimeCoinc
0.387947  0.300771  510  10  0.85  0.05  TimeCoinc
0.0828641  0.647414  510  10  0.95  0.05  TimeCoinc
0.760824  0.0666844  530  10  -0.95  0.05  TimeCoinc
0.709643  0.0339186  530  10  -0.85  0.05  TimeCoinc
0.740506  0.0180392  530  10  -0.75  0.05  TimeCoinc
0.792688  0.0131925  530  10  -0.65  0.05  TimeCoinc
0.765831  0.0114039  530  10  -0.55  0.05  TimeCoinc
0.756669  0.0105477  530  10  -0.45  0.05  TimeCoinc
0.739226  0.010143  530  10  -0.35  0.05  TimeCoinc
0.727386  0.0100167  530  10  -0.25  0.05  TimeCoinc
0.677771  0.0100595  530  10  -0.15  0.05  TimeCoinc
0.668916  0.0106545  530  10  -0.05  0.05  TimeCoinc
0.625725  0.0116795  530  10  0.05  0.05  TimeCoinc
0.570844  0.014061  530  10  0.15  0.05  TimeCoinc
0.559864  0.0187708  530  10  0.25  0.05  TimeCoinc
0.510049  0.0282499  530  10  0.35  0.05  TimeCoinc
0.443226  0.0437832  530  10  0.45  0.05  TimeCoinc
0.321684  0.0702532  530  10  0.55  0.05  TimeCoinc
0.499  0.128596  530  10  0.65  0.05  TimeCoinc
0.213093  0.263696  530  10  0.75  0.05  TimeCoinc
-0.189329  0.349474  530  10  0.85  0.05  TimeCoinc
-0.0157727  0.376611  530  10  0.95  0.05  TimeCoinc
0.679451  0.0788579  550  10  -0.95  0.05  TimeCoinc
0.698769  0.0373533  550  10  -0.85  0.05  TimeCoinc
0.710455  0.0199705  550  10  -0.75  0.05  TimeCoinc
0.781847  0.0145282  550  10  -0.65  0.05  TimeCoinc
0.777168  0.0125387  550  10  -0.55  0.05  TimeCoinc
0.752728  0.0116312  550  10  -0.45  0.05  TimeCoinc
0.735083  0.011188  550  10  -0.35  0.05  TimeCoinc
0.70218  0.0109562  550  10  -0.25  0.05  TimeCoinc
0.702876  0.0110337  550  10  -0.15  0.05  TimeCoinc
0.673901  0.0114758  550  10  -0.05  0.05  TimeCoinc
0.630994  0.012412  550  10  0.05  0.05  TimeCoinc
0.579256  0.0144894  550  10  0.15  0.05  TimeCoinc
0.584991  0.0186992  550  10  0.25  0.05  TimeCoinc
0.50127  0.0270494  550  10  0.35  0.05  TimeCoinc
0.353003  0.0432269  550  10  0.45  0.05  TimeCoinc
0.242477  0.0697198  550  10  0.55  0.05  TimeCoinc
0.244322  0.114291  550  10  0.65  0.05  TimeCoinc
0.0738279  0.248756  550  10  0.75  0.05  TimeCoinc
-0.804591  0.484066  550  10  0.85  0.05  TimeCoinc
-0.517194  0.604997  550  10  0.95  0.05  TimeCoinc
0.544515  0.0584857  570  10  -0.95  0.05  TimeCoinc
0.650096  0.0293091  570  10  -0.85  0.05  TimeCoinc
0.728155  0.0154162  570  10  -0.75  0.05  TimeCoinc
0.787552  0.011261  570  10  -0.65  0.05  TimeCoinc
0.759713  0.00975009  570  10  -0.55  0.05  TimeCoinc
0.760235  0.00895026  570  10  -0.45  0.05  TimeCoinc
0.74615  0.00858425  570  10  -0.35  0.05  TimeCoinc
0.736162  0.00840676  570  10  -0.25  0.05  TimeCoinc
0.696278  0.00846717  570  10  -0.15  0.05  TimeCoinc
0.666669  0.00866568  570  10  -0.05  0.05  TimeCoinc
0.63541  0.00921235  570  10  0.05  0.05  TimeCoinc
0.585846  0.0103921  570  10  0.15  0.05  TimeCoinc
0.544051  0.0127537  570  10  0.25  0.05  TimeCoinc
0.485258  0.0178078  570  10  0.35  0.05  TimeCoinc
0.359711  0.0281443  570  10  0.45  0.05  TimeCoinc
0.290802  0.0472754  570  10  0.55  0.05  TimeCoinc
0.291307  0.0779889  570  10  0.65  0.05  TimeCoinc
-0.069362  0.161072  570  10  0.75  0.05  TimeCoinc
0.346621  0.335908  570  10  0.85  0.05  TimeCoinc
-1.53753e-05  -2.57015e-05  570  10  0.95  0.05  TimeCoinc
0.343795  0.0472694  590  10  -0.95  0.05  TimeCoinc
0.555697  0.0249248  590  10  -0.85  0.05  TimeCoinc
0.730679  0.0131083  590  10  -0.75  0.05  TimeCoinc
0.789288  0.00942035  590  10  -0.65  0.05  TimeCoinc
0.770767  0.00814382  590  10  -0.55  0.05  TimeCoinc
0.768459  0.00751765  590  10  -0.45  0.05  TimeCoinc
0.749656  0.00719603  590  10  -0.35  0.05  TimeCoinc
0.747538  0.00701182  590  10  -0.25  0.05  TimeCoinc
0.713933  0.00706254  590  10  -0.15  0.05  TimeCoinc
0.692426  0.00724094  590  10  -0.05  0.05  TimeCoinc
0.658202  0.00763584  590  10  0.05  0.05  TimeCoinc
0.614909  0.00842333  590  10  0.15  0.05  TimeCoinc
0.561055  0.00995861  590  10  0.25  0.05  TimeCoinc
0.477252  0.0133023  590  10  0.35  0.05  TimeCoinc
0.397425  0.020789  590  10  0.45  0.05  TimeCoinc
0.299591  0.0348965  590  10  0.55  0.05  TimeCoinc
0.109516  0.0623747  590  10  0.65  0.05  TimeCoinc
-0.105481  0.115977  590  10  0.75  0.05  TimeCoinc
0.039393  0.105297  590  10  0.85  0.05  TimeCoinc
-0.0767442  0.148616  590  10  0.95  0.05  TimeCoinc
0.337008  0.0469029  610  10  -0.95  0.05  TimeCoinc
0.53761  0.0264265  610  10  -0.85  0.05  TimeCoinc
0.722034  0.0139849  610  10  -0.75  0.05  TimeCoinc
0.779399  0.0101137  610  10  -0.65  0.05  TimeCoinc
0.77438  0.00871352  610  10  -0.55  0.05  TimeCoinc
0.78746  0.00797528  610  10  -0.45  0.05  TimeCoinc
0.787928  0.00759431  610  10  -0.35  0.05  TimeCoinc
0.763947  0.00745404  610  10  -0.25  0.05  TimeCoinc
0.750908  0.00740684  610  10  -0.15  0.05  TimeCoinc
0.723568  0.00763164  610  10  -0.05  0.05  TimeCoinc
0.698804  0.00801358  610  10  0.05  0.05  TimeCoinc
0.649953  0.00870367  610  10  0.15  0.05  TimeCoinc
0.599973  0.0100372  610  10  0.25  0.05  TimeCoinc
0.513974  0.0130084  610  10  0.35  0.05  TimeCoinc
0.458885  0.0195013  610  10  0.45  0.05  TimeCoinc
0.325611  0.0332487  610  10  0.55  0.05  TimeCoinc
0.145194  0.0584199  610  10  0.65  0.05  TimeCoinc
0.189071  0.110515  610  10  0.75  0.05  TimeCoinc
-0.516253  0.267997  610  10  0.85  0.05  TimeCoinc
0.201107  0.170032  610  10  0.95  0.05  TimeCoinc
0.258908  0.0860352  630  10  -0.95  0.05  TimeCoinc
0.487279  0.0511448  630  10  -0.85  0.05  TimeCoinc
0.663508  0.0276205  630  10  -0.75  0.05  TimeCoinc
0.826695  0.019657  630  10  -0.65  0.05  TimeCoinc
0.786773  0.0168987  630  10  -0.55  0.05  TimeCoinc
0.820999  0.0156422  630  10  -0.45  0.05  TimeCoinc
0.840857  0.0148107  630  10  -0.35  0.05  TimeCoinc
0.808273  0.0144443  630  10  -0.25  0.05  TimeCoinc
0.797097  0.0145614  630  10  -0.15  0.05  TimeCoinc
0.76715  0.0147913  630  10  -0.05  0.05  TimeCoinc
0.74072  0.0154149  630  10  0.05  0.05  TimeCoinc
0.702008  0.016518  630  10  0.15  0.05  TimeCoinc
0.646567  0.0188361  630  10  0.25  0.05  TimeCoinc
0.606795  0.0233278  630  10  0.35  0.05  TimeCoinc
0.542594  0.0342863  630  10  0.45  0.05  TimeCoinc
0.320186  0.0591942  630  10  0.55  0.05  TimeCoinc
0.263653  0.105908  630  10  0.65  0.05  TimeCoinc
0.129523  0.202996  630  10  0.75  0.05  TimeCoinc
0.459874  0.24776  630  10  0.85  0.05  TimeCoinc
0.242188  0.555399  630  10  0.95  0.05  TimeCoinc
