0.318497  0.064817  430  10  -0.95  0.05  TimeCoinc
0.573346  0.0390099  430  10  -0.85  0.05  TimeCoinc
0.560325  0.0255568  430  10  -0.75  0.05  TimeCoinc
0.635156  0.0196825  430  10  -0.65  0.05  TimeCoinc
0.664153  0.0176073  430  10  -0.55  0.05  TimeCoinc
0.666776  0.0171642  430  10  -0.45  0.05  TimeCoinc
0.665696  0.0180383  430  10  -0.35  0.05  TimeCoinc
0.626394  0.0203836  430  10  -0.25  0.05  TimeCoinc
0.618435  0.0247922  430  10  -0.15  0.05  TimeCoinc
0.577276  0.0319352  430  10  -0.05  0.05  TimeCoinc
0.47729  0.0430694  430  10  0.05  0.05  TimeCoinc
0.363349  0.0606228  430  10  0.15  0.05  TimeCoinc
0.30488  0.0833808  430  10  0.25  0.05  TimeCoinc
0.480029  0.121309  430  10  0.35  0.05  TimeCoinc
0.255528  0.179709  430  10  0.45  0.05  TimeCoinc
0.240342  0.128436  430  10  0.55  0.05  TimeCoinc
0.932313  0.486349  430  10  0.65  0.05  TimeCoinc
0.709075  0.952417  430  10  0.75  0.05  TimeCoinc
0  0  430  10  0.85  0.05  TimeCoinc
-0.00667578  46.0515  430  10  0.95  0.05  TimeCoinc
0.170263  0.0575139  450  10  -0.95  0.05  TimeCoinc
0.494499  0.0323338  450  10  -0.85  0.05  TimeCoinc
0.648224  0.0206375  450  10  -0.75  0.05  TimeCoinc
0.636278  0.0158536  450  10  -0.65  0.05  TimeCoinc
0.680841  0.0139188  450  10  -0.55  0.05  TimeCoinc
0.669221  0.013212  450  10  -0.45  0.05  TimeCoinc
0.651181  0.0132368  450  10  -0.35  0.05  TimeCoinc
0.643565  0.014049  450  10  -0.25  0.05  TimeCoinc
0.646634  0.0160721  450  10  -0.15  0.05  TimeCoinc
0.58535  0.0199226  450  10  -0.05  0.05  TimeCoinc
0.561133  0.0266789  450  10  0.05  0.05  TimeCoinc
0.500309  0.0374687  450  10  0.15  0.05  TimeCoinc
0.465043  0.0530781  450  10  0.25  0.05  TimeCoinc
0.186182  0.0754891  450  10  0.35  0.05  TimeCoinc
0.12618  0.110782  450  10  0.45  0.05  TimeCoinc
-0.0300808  0.158524  450  10  0.55  0.05  TimeCoinc
-0.0440734  0.125735  450  10  0.65  0.05  TimeCoinc
1.29481  0.473238  450  10  0.75  0.05  TimeCoinc
0.148641  0.234055  450  10  0.85  0.05  TimeCoinc
1.03994  1.40198  450  10  0.95  0.05  TimeCoinc
0.388447  0.0532603  470  10  -0.95  0.05  TimeCoinc
0.572371  0.0283278  470  10  -0.85  0.05  TimeCoinc
0.665389  0.0178835  470  10  -0.75  0.05  TimeCoinc
0.662821  0.0138654  470  10  -0.65  0.05  TimeCoinc
0.698334  0.0120603  470  10  -0.55  0.05  TimeCoinc
0.704212  0.0113303  470  10  -0.45  0.05  TimeCoinc
0.672206  0.0110782  470  10  -0.35  0.05  TimeCoinc
0.638181  0.011263  470  10  -0.25  0.05  TimeCoinc
0.634623  0.0121187  470  10  -0.15  0.05  TimeCoinc
0.608539  0.0140627  470  10  -0.05  0.05  TimeCoinc
0.566914  0.017895  470  10  0.05  0.05  TimeCoinc
0.449199  0.0246661  470  10  0.15  0.05  TimeCoinc
0.347877  0.0354987  470  10  0.25  0.05  TimeCoinc
0.291473  0.0515298  470  10  0.35  0.05  TimeCoinc
0.111928  0.0671708  470  10  0.45  0.05  TimeCoinc
0.207796  0.109669  470  10  0.55  0.05  TimeCoinc
0.273597  0.165198  470  10  0.65  0.05  TimeCoinc
0.620979  0.356949  470  10  0.75  0.05  TimeCoinc
4.53219  96.4533  470  10  0.85  0.05  TimeCoinc
-0.190172  0.543076  470  10  0.95  0.05  TimeCoinc
0.524456  0.0577323  490  10  -0.95  0.05  TimeCoinc
0.555961  0.0294632  490  10  -0.85  0.05  TimeCoinc
0.644488  0.0187953  490  10  -0.75  0.05  TimeCoinc
0.666425  0.0144513  490  10  -0.65  0.05  TimeCoinc
0.680111  0.0126157  490  10  -0.55  0.05  TimeCoinc
0.689399  0.011716  490  10  -0.45  0.05  TimeCoinc
0.696468  0.0113121  490  10  -0.35  0.05  TimeCoinc
0.668212  0.0112827  490  10  -0.25  0.05  TimeCoinc
0.639156  0.0116935  490  10  -0.15  0.05  TimeCoinc
0.607388  0.0128065  490  10  -0.05  0.05  TimeCoinc
0.538957  0.0153693  490  10  0.05  0.05  TimeCoinc
0.506273  0.0204644  490  10  0.15  0.05  TimeCoinc
0.453344  0.029869  490  10  0.25  0.05  TimeCoinc
0.2572  0.0441164  490  10  0.35  0.05  TimeCoinc
0.143833  0.064425  490  10  0.45  0.05  TimeCoinc
0.0147036  0.0949025  490  10  0.55  0.05  TimeCoinc
0.130558  0.152606  490  10  0.65  0.05  TimeCoinc
0.112088  0.108968  490  10  0.75  0.05  TimeCoinc
0.045678  0.083723  490  10  0.85  0.05  TimeCoinc
0.00139318  18.3013  490  10  0.95  0.05  TimeCoinc
0.36065  0.0440732  510  10  -0.95  0.05  TimeCoinc
0.509722  0.023886  510  10  -0.85  0.05  TimeCoinc
0.639181  0.0152943  510  10  -0.75  0.05  TimeCoinc
0.668892  0.0118898  510  10  -0.65  0.05  TimeCoinc
0.663183  0.0103925  510  10  -0.55  0.05  TimeCoinc
0.67012  0.00959053  510  10  -0.45  0.05  TimeCoinc
0.676264  0.00921261  510  10  -0.35  0.05  TimeCoinc
0.651392  0.00910274  510  10  -0.25  0.05  TimeCoinc
0.62815  0.00919084  510  10  -0.15  0.05  TimeCoinc
0.604884  0.0097601  510  10  -0.05  0.05  TimeCoinc
0.571946  0.0110631  510  10  0.05  0.05  TimeCoinc
0.541966  0.0139663  510  10  0.15  0.05  TimeCoinc
0.426834  0.0197243  510  10  0.25  0.05  TimeCoinc
0.336597  0.0296101  510  10  0.35  0.05  TimeCoinc
0.290244  0.0436623  510  10  0.45  0.05  TimeCoinc
0.182019  0.0647074  510  10  0.55  0.05  TimeCoinc
0.180386  0.108806  510  10  0.65  0.05  TimeCoinc
0.0749463  0.207472  510  10  0.75  0.05  TimeCoinc
0.190468  0.400837  510  10  0.85  0.05  TimeCoinc
0.111375  0.321924  510  10  0.95  0.05  TimeCoinc
0.410998  0.0478101  530  10  -0.95  0.05  TimeCoinc
0.440047  0.0245063  530  10  -0.85  0.05  TimeCoinc
0.576942  0.015888  530  10  -0.75  0.05  TimeCoinc
0.635765  0.0123729  530  10  -0.65  0.05  TimeCoinc
0.668889  0.010771  530  10  -0.55  0.05  TimeCoinc
0.668182  0.00997337  530  10  -0.45  0.05  TimeCoinc
0.648658  0.00958178  530  10  -0.35  0.05  TimeCoinc
0.664035  0.00932667  530  10  -0.25  0.05  TimeCoinc
0.603504  0.00940983  530  10  -0.15  0.05  TimeCoinc
0.618472  0.00965615  530  10  -0.05  0.05  TimeCoinc
0.555742  0.0105428  530  10  0.05  0.05  TimeCoinc
0.524118  0.0124673  530  10  0.15  0.05  TimeCoinc
0.431432  0.016695  530  10  0.25  0.05  TimeCoinc
0.365786  0.0252108  530  10  0.35  0.05  TimeCoinc
0.270389  0.0388698  530  10  0.45  0.05  TimeCoinc
0.180822  0.0562487  530  10  0.55  0.05  TimeCoinc
0.168303  0.0935126  530  10  0.65  0.05  TimeCoinc
0.0567472  0.184772  530  10  0.75  0.05  TimeCoinc
0.00923991  0.0822693  530  10  0.85  0.05  TimeCoinc
0.0196358  0.280114  530  10  0.95  0.05  TimeCoinc
0.289239  0.0515465  550  10  -0.95  0.05  TimeCoinc
0.34055  0.0261717  550  10  -0.85  0.05  TimeCoinc
0.518038  0.0170455  550  10  -0.75  0.05  TimeCoinc
0.570914  0.0135069  550  10  -0.65  0.05  TimeCoinc
0.645955  0.011652  550  10  -0.55  0.05  TimeCoinc
0.625396  0.010869  550  10  -0.45  0.05  TimeCoinc
0.626371  0.0103881  550  10  -0.35  0.05  TimeCoinc
0.637847  0.0101539  550  10  -0.25  0.05  TimeCoinc
0.616082  0.0101591  550  10  -0.15  0.05  TimeCoinc
0.598149  0.0104491  550  10  -0.05  0.05  TimeCoinc
0.562496  0.01114  550  10  0.05  0.05  TimeCoinc
0.527065  0.0127549  550  10  0.15  0.05  TimeCoinc
0.463561  0.0163448  550  10  0.25  0.05  TimeCoinc
0.351023  0.0240207  550  10  0.35  0.05  TimeCoinc
0.17238  0.0373251  550  10  0.45  0.05  TimeCoinc
0.0812456  0.0557266  550  10  0.55  0.05  TimeCoinc
-0.0231011  0.0883848  550  10  0.65  0.05  TimeCoinc
-0.0409962  0.187915  550  10  0.75  0.05  TimeCoinc
0.0848204  0.222244  550  10  0.85  0.05  TimeCoinc
-0.221888  0.159018  550  10  0.95  0.05  TimeCoinc
0.170823  0.0332339  570  10  -0.95  0.05  TimeCoinc
0.294793  0.0191588  570  10  -0.85  0.05  TimeCoinc
0.447486  0.0127989  570  10  -0.75  0.05  TimeCoinc
0.530094  0.0101268  570  10  -0.65  0.05  TimeCoinc
0.565421  0.00893892  570  10  -0.55  0.05  TimeCoinc
0.593003  0.00821758  570  10  -0.45  0.05  TimeCoinc
0.601408  0.00784254  570  10  -0.35  0.05  TimeCoinc
0.603741  0.00769871  570  10  -0.25  0.05  TimeCoinc
0.603416  0.0076833  570  10  -0.15  0.05  TimeCoinc
0.570051  0.00782073  570  10  -0.05  0.05  TimeCoinc
0.561468  0.00821657  570  10  0.05  0.05  TimeCoinc
0.503203  0.00907148  570  10  0.15  0.05  TimeCoinc
0.461897  0.0109508  570  10  0.25  0.05  TimeCoinc
0.363101  0.0151662  570  10  0.35  0.05  TimeCoinc
0.215676  0.0234339  570  10  0.45  0.05  TimeCoinc
0.175719  0.0368772  570  10  0.55  0.05  TimeCoinc
0.0942993  0.0609089  570  10  0.65  0.05  TimeCoinc
0.192246  0.119378  570  10  0.75  0.05  TimeCoinc
-0.0486375  0.363472  570  10  0.85  0.05  TimeCoinc
-0.0128532  0.18128  570  10  0.95  0.05  TimeCoinc
0.119195  0.0284713  590  10  -0.95  0.05  TimeCoinc
0.190802  0.0153451  590  10  -0.85  0.05  TimeCoinc
0.368322  0.0105065  590  10  -0.75  0.05  TimeCoinc
0.483773  0.00834994  590  10  -0.65  0.05  TimeCoinc
0.533984  0.00731508  590  10  -0.55  0.05  TimeCoinc
0.557835  0.00678988  590  10  -0.45  0.05  TimeCoinc
0.568985  0.00646857  590  10  -0.35  0.05  TimeCoinc
0.583942  0.00632362  590  10  -0.25  0.05  TimeCoinc
0.571791  0.00630428  590  10  -0.15  0.05  TimeCoinc
0.562554  0.00643988  590  10  -0.05  0.05  TimeCoinc
0.552796  0.00672843  590  10  0.05  0.05  TimeCoinc
0.516536  0.00734487  590  10  0.15  0.05  TimeCoinc
0.479636  0.00854079  590  10  0.25  0.05  TimeCoinc
0.37633  0.0111786  590  10  0.35  0.05  TimeCoinc
0.279168  0.0167701  590  10  0.45  0.05  TimeCoinc
0.134258  0.0267802  590  10  0.55  0.05  TimeCoinc
0.0666599  0.0453234  590  10  0.65  0.05  TimeCoinc
0.116927  0.0897177  590  10  0.75  0.05  TimeCoinc
0.111067  0.230852  590  10  0.85  0.05  TimeCoinc
-0.0525799  0.207732  590  10  0.95  0.05  TimeCoinc
0.135043  0.0284072  610  10  -0.95  0.05  TimeCoinc
0.133636  0.0154909  610  10  -0.85  0.05  TimeCoinc
0.303412  0.0108249  610  10  -0.75  0.05  TimeCoinc
0.420834  0.00871656  610  10  -0.65  0.05  TimeCoinc
0.486114  0.00765277  610  10  -0.55  0.05  TimeCoinc
0.515685  0.00710208  610  10  -0.45  0.05  TimeCoinc
0.541568  0.00674776  610  10  -0.35  0.05  TimeCoinc
0.546529  0.00661933  610  10  -0.25  0.05  TimeCoinc
0.57752  0.00656753  610  10  -0.15  0.05  TimeCoinc
0.562042  0.00671583  610  10  -0.05  0.05  TimeCoinc
0.564585  0.00697637  610  10  0.05  0.05  TimeCoinc
0.541531  0.00754734  610  10  0.15  0.05  TimeCoinc
0.502591  0.00853728  610  10  0.25  0.05  TimeCoinc
0.414907  0.0108066  610  10  0.35  0.05  TimeCoinc
0.335776  0.0154405  610  10  0.45  0.05  TimeCoinc
0.18098  0.0253774  610  10  0.55  0.05  TimeCoinc
0.182049  0.0427079  610  10  0.65  0.05  TimeCoinc
0.062043  0.0804998  610  10  0.75  0.05  TimeCoinc
-0.0946521  0.182444  610  10  0.85  0.05  TimeCoinc
-0.0702419  0.263597  610  10  0.95  0.05  TimeCoinc
0.0468126  0.0533029  630  10  -0.95  0.05  TimeCoinc
0.0699648  0.0288596  630  10  -0.85  0.05  TimeCoinc
0.273501  0.0204761  630  10  -0.75  0.05  TimeCoinc
0.390491  0.0163229  630  10  -0.65  0.05  TimeCoinc
0.469661  0.0145036  630  10  -0.55  0.05  TimeCoinc
0.500578  0.0134639  630  10  -0.45  0.05  TimeCoinc
0.530156  0.0124778  630  10  -0.35  0.05  TimeCoinc
0.568199  0.0125795  630  10  -0.25  0.05  TimeCoinc
0.578734  0.012517  630  10  -0.15  0.05  TimeCoinc
0.579161  0.0127972  630  10  -0.05  0.05  TimeCoinc
0.569301  0.013241  630  10  0.05  0.05  TimeCoinc
0.571452  0.0141208  630  10  0.15  0.05  TimeCoinc
0.531976  0.0159787  630  10  0.25  0.05  TimeCoinc
0.516538  0.0193101  630  10  0.35  0.05  TimeCoinc
0.436145  0.0269269  630  10  0.45  0.05  TimeCoinc
0.286485  0.0439691  630  10  0.55  0.05  TimeCoinc
0.137159  0.074499  630  10  0.65  0.05  TimeCoinc
0.117871  0.1511  630  10  0.75  0.05  TimeCoinc
-0.227702  0.222782  630  10  0.85  0.05  TimeCoinc
0.270986  0.61763  630  10  0.95  0.05  TimeCoinc
