0.268375  0.152095  430  10  -0.95  0.05  SignalTiming
0.67617  0.158339  430  10  -0.85  0.05  SignalTiming
0.645233  0.068723  430  10  -0.75  0.05  SignalTiming
0.624947  0.0450756  430  10  -0.65  0.05  SignalTiming
0.737945  0.0401718  430  10  -0.55  0.05  SignalTiming
0.69533  0.0408594  430  10  -0.45  0.05  SignalTiming
0.690371  0.0455073  430  10  -0.35  0.05  SignalTiming
0.751157  0.0557063  430  10  -0.25  0.05  SignalTiming
0.765194  0.0784849  430  10  -0.15  0.05  SignalTiming
0.79148  0.136138  430  10  -0.05  0.05  SignalTiming
0.491217  0.279352  430  10  0.05  0.05  SignalTiming
1.43445  0.651271  430  10  0.15  0.05  SignalTiming
0.929413  1.36286  430  10  0.25  0.05  SignalTiming
1.80467  1.30357  430  10  0.35  0.05  SignalTiming
1.75008  1.83187  430  10  0.45  0.05  SignalTiming
2.06352  2.00381  430  10  0.55  0.05  SignalTiming
0.0237163  1.97571  430  10  0.65  0.05  SignalTiming
-1.2188  3.28164  430  10  0.75  0.05  SignalTiming
-0.704421  1.62139  430  10  0.85  0.05  SignalTiming
-0.526562  2.74724  430  10  0.95  0.05  SignalTiming
0.270653  0.144769  450  10  -0.95  0.05  SignalTiming
0.550385  0.12258  450  10  -0.85  0.05  SignalTiming
0.694995  0.0518639  450  10  -0.75  0.05  SignalTiming
0.749836  0.0364751  450  10  -0.65  0.05  SignalTiming
0.769363  0.0327099  450  10  -0.55  0.05  SignalTiming
0.72765  0.0318271  450  10  -0.45  0.05  SignalTiming
0.707327  0.0324874  450  10  -0.35  0.05  SignalTiming
0.700234  0.0359637  450  10  -0.25  0.05  SignalTiming
0.75721  0.043045  450  10  -0.15  0.05  SignalTiming
0.562654  0.0610185  450  10  -0.05  0.05  SignalTiming
0.822407  0.104534  450  10  0.05  0.05  SignalTiming
0.808967  0.234242  450  10  0.15  0.05  SignalTiming
-0.134075  0.678058  450  10  0.25  0.05  SignalTiming
2.03905  1.22775  450  10  0.35  0.05  SignalTiming
1.71204  1.39534  450  10  0.45  0.05  SignalTiming
1.10376  1.13796  450  10  0.55  0.05  SignalTiming
-3.2436  4.70838  450  10  0.65  0.05  SignalTiming
1.80602  2.28472  450  10  0.75  0.05  SignalTiming
-2.19465  4.39916  450  10  0.85  0.05  SignalTiming
-1.37152  3.65182  450  10  0.95  0.05  SignalTiming
0.535913  0.139049  470  10  -0.95  0.05  SignalTiming
0.842137  0.105924  470  10  -0.85  0.05  SignalTiming
0.804725  0.0447312  470  10  -0.75  0.05  SignalTiming
0.706503  0.0327795  470  10  -0.65  0.05  SignalTiming
0.756793  0.0293701  470  10  -0.55  0.05  SignalTiming
0.74955  0.0284312  470  10  -0.45  0.05  SignalTiming
0.721546  0.0288  470  10  -0.35  0.05  SignalTiming
0.726086  0.029126  470  10  -0.25  0.05  SignalTiming
0.669171  0.0318188  470  10  -0.15  0.05  SignalTiming
0.757093  0.0387122  470  10  -0.05  0.05  SignalTiming
0.684048  0.0562191  470  10  0.05  0.05  SignalTiming
0.66129  0.0994686  470  10  0.15  0.05  SignalTiming
0.759214  0.261032  470  10  0.25  0.05  SignalTiming
0.347628  0.628588  470  10  0.35  0.05  SignalTiming
0.550921  1.61218  470  10  0.45  0.05  SignalTiming
-0.647702  0.911886  470  10  0.55  0.05  SignalTiming
-0.277019  1.11273  470  10  0.65  0.05  SignalTiming
0.540046  1.7926  470  10  0.75  0.05  SignalTiming
2.92565  3.16068  470  10  0.85  0.05  SignalTiming
-1.17056  1.41052  470  10  0.95  0.05  SignalTiming
0.929237  0.169155  490  10  -0.95  0.05  SignalTiming
0.741173  0.105269  490  10  -0.85  0.05  SignalTiming
0.730686  0.0477332  490  10  -0.75  0.05  SignalTiming
0.777001  0.0355115  490  10  -0.65  0.05  SignalTiming
0.72777  0.0320245  490  10  -0.55  0.05  SignalTiming
0.739675  0.0309495  490  10  -0.45  0.05  SignalTiming
0.744034  0.0301053  490  10  -0.35  0.05  SignalTiming
0.693144  0.0308721  490  10  -0.25  0.05  SignalTiming
0.721459  0.0317712  490  10  -0.15  0.05  SignalTiming
0.678359  0.035286  490  10  -0.05  0.05  SignalTiming
0.651377  0.0445186  490  10  0.05  0.05  SignalTiming
0.642222  0.0667676  490  10  0.15  0.05  SignalTiming
0.467971  0.133597  490  10  0.25  0.05  SignalTiming
0.689211  0.389501  490  10  0.35  0.05  SignalTiming
-0.368925  1.23183  490  10  0.45  0.05  SignalTiming
0.254959  1.74409  490  10  0.55  0.05  SignalTiming
-0.0763359  1.11182  490  10  0.65  0.05  SignalTiming
-0.824358  1.99436  490  10  0.75  0.05  SignalTiming
-0.85894  3.31472  490  10  0.85  0.05  SignalTiming
0.422897  1.25148  490  10  0.95  0.05  SignalTiming
0.841218  0.156568  510  10  -0.95  0.05  SignalTiming
0.857228  0.0870144  510  10  -0.85  0.05  SignalTiming
0.888055  0.0397167  510  10  -0.75  0.05  SignalTiming
0.784521  0.0303025  510  10  -0.65  0.05  SignalTiming
0.773286  0.0270407  510  10  -0.55  0.05  SignalTiming
0.732579  0.026147  510  10  -0.45  0.05  SignalTiming
0.687328  0.0255973  510  10  -0.35  0.05  SignalTiming
0.712608  0.0257114  510  10  -0.25  0.05  SignalTiming
0.713415  0.0260938  510  10  -0.15  0.05  SignalTiming
0.649408  0.0274314  510  10  -0.05  0.05  SignalTiming
0.671834  0.0314857  510  10  0.05  0.05  SignalTiming
0.698015  0.0416567  510  10  0.15  0.05  SignalTiming
0.532813  0.0716101  510  10  0.25  0.05  SignalTiming
0.317306  0.167237  510  10  0.35  0.05  SignalTiming
1.00169  0.566222  510  10  0.45  0.05  SignalTiming
0.14005  0.806247  510  10  0.55  0.05  SignalTiming
-0.819975  0.963052  510  10  0.65  0.05  SignalTiming
-0.131817  2.60686  510  10  0.75  0.05  SignalTiming
1.10595  1.24177  510  10  0.85  0.05  SignalTiming
0.452239  1.27643  510  10  0.95  0.05  SignalTiming
0.914122  0.159475  530  10  -0.95  0.05  SignalTiming
0.655776  0.0970296  530  10  -0.85  0.05  SignalTiming
0.861775  0.0419999  530  10  -0.75  0.05  SignalTiming
0.850099  0.0326702  530  10  -0.65  0.05  SignalTiming
0.788331  0.0294795  530  10  -0.55  0.05  SignalTiming
0.795351  0.0279545  530  10  -0.45  0.05  SignalTiming
0.723986  0.0278533  530  10  -0.35  0.05  SignalTiming
0.752985  0.027522  530  10  -0.25  0.05  SignalTiming
0.68827  0.0281706  530  10  -0.15  0.05  SignalTiming
0.665002  0.0290285  530  10  -0.05  0.05  SignalTiming
0.634297  0.030988  530  10  0.05  0.05  SignalTiming
0.556354  0.0371302  530  10  0.15  0.05  SignalTiming
0.580524  0.0536847  530  10  0.25  0.05  SignalTiming
0.553473  0.107733  530  10  0.35  0.05  SignalTiming
0.433908  0.314843  530  10  0.45  0.05  SignalTiming
0.18089  0.815284  530  10  0.55  0.05  SignalTiming
-0.678216  2.0011  530  10  0.65  0.05  SignalTiming
-1.66335  3.26834  530  10  0.75  0.05  SignalTiming
-0.134449  1.28725  530  10  0.85  0.05  SignalTiming
-2.83415  2.05443  530  10  0.95  0.05  SignalTiming
1.00574  0.195704  550  10  -0.95  0.05  SignalTiming
0.904913  0.107598  550  10  -0.85  0.05  SignalTiming
0.815785  0.047971  550  10  -0.75  0.05  SignalTiming
0.806495  0.0359847  550  10  -0.65  0.05  SignalTiming
0.855706  0.0329928  550  10  -0.55  0.05  SignalTiming
0.728546  0.0314482  550  10  -0.45  0.05  SignalTiming
0.758048  0.0310121  550  10  -0.35  0.05  SignalTiming
0.687086  0.0305986  550  10  -0.25  0.05  SignalTiming
0.697562  0.0311782  550  10  -0.15  0.05  SignalTiming
0.688018  0.0319659  550  10  -0.05  0.05  SignalTiming
0.657324  0.034032  550  10  0.05  0.05  SignalTiming
0.60042  0.0381568  550  10  0.15  0.05  SignalTiming
0.526779  0.0533738  550  10  0.25  0.05  SignalTiming
0.683049  0.092765  550  10  0.35  0.05  SignalTiming
0.3404  0.227001  550  10  0.45  0.05  SignalTiming
-0.488996  0.57681  550  10  0.55  0.05  SignalTiming
-0.342445  2.87047  550  10  0.65  0.05  SignalTiming
-0.57568  1.5436  550  10  0.75  0.05  SignalTiming
-0.214768  1.97088  550  10  0.85  0.05  SignalTiming
0.0126872  1.41814  550  10  0.95  0.05  SignalTiming
0.773046  0.142335  570  10  -0.95  0.05  SignalTiming
0.81874  0.079777  570  10  -0.85  0.05  SignalTiming
0.819723  0.036739  570  10  -0.75  0.05  SignalTiming
0.808473  0.0279611  570  10  -0.65  0.05  SignalTiming
0.767704  0.0258161  570  10  -0.55  0.05  SignalTiming
0.821627  0.0245316  570  10  -0.45  0.05  SignalTiming
0.777897  0.0244973  570  10  -0.35  0.05  SignalTiming
0.780316  0.0242338  570  10  -0.25  0.05  SignalTiming
0.729746  0.0247167  570  10  -0.15  0.05  SignalTiming
0.687028  0.0252175  570  10  -0.05  0.05  SignalTiming
0.644458  0.026091  570  10  0.05  0.05  SignalTiming
0.624167  0.0290882  570  10  0.15  0.05  SignalTiming
0.53633  0.0356795  570  10  0.25  0.05  SignalTiming
0.486124  0.0552566  570  10  0.35  0.05  SignalTiming
0.476103  0.107307  570  10  0.45  0.05  SignalTiming
-0.757329  0.348085  570  10  0.55  0.05  SignalTiming
-0.183354  0.584306  570  10  0.65  0.05  SignalTiming
-0.0961823  0.838715  570  10  0.75  0.05  SignalTiming
2.62832  2.73188  570  10  0.85  0.05  SignalTiming
-0.591864  1.63298  570  10  0.95  0.05  SignalTiming
0.588141  0.118886  590  10  -0.95  0.05  SignalTiming
0.686672  0.0708303  590  10  -0.85  0.05  SignalTiming
0.836984  0.0321985  590  10  -0.75  0.05  SignalTiming
0.853454  0.0240406  590  10  -0.65  0.05  SignalTiming
0.778002  0.0220557  590  10  -0.55  0.05  SignalTiming
0.763255  0.0211128  590  10  -0.45  0.05  SignalTiming
0.812677  0.0204719  590  10  -0.35  0.05  SignalTiming
0.76376  0.0204016  590  10  -0.25  0.05  SignalTiming
0.769057  0.0204807  590  10  -0.15  0.05  SignalTiming
0.728256  0.0214471  590  10  -0.05  0.05  SignalTiming
0.700368  0.0224441  590  10  0.05  0.05  SignalTiming
0.667754  0.0237504  590  10  0.15  0.05  SignalTiming
0.591412  0.0280665  590  10  0.25  0.05  SignalTiming
0.485992  0.0377353  590  10  0.35  0.05  SignalTiming
0.42797  0.0738563  590  10  0.45  0.05  SignalTiming
0.3329  0.174031  590  10  0.55  0.05  SignalTiming
-0.449394  0.48739  590  10  0.65  0.05  SignalTiming
0.380954  0.877184  590  10  0.75  0.05  SignalTiming
-1.00483  2.04536  590  10  0.85  0.05  SignalTiming
2.90494  3.44538  590  10  0.95  0.05  SignalTiming
0.325149  0.101431  610  10  -0.95  0.05  SignalTiming
0.694542  0.071875  610  10  -0.85  0.05  SignalTiming
0.777871  0.0339841  610  10  -0.75  0.05  SignalTiming
0.838139  0.0256691  610  10  -0.65  0.05  SignalTiming
0.831104  0.0232601  610  10  -0.55  0.05  SignalTiming
0.891824  0.0224076  610  10  -0.45  0.05  SignalTiming
0.856135  0.0217894  610  10  -0.35  0.05  SignalTiming
0.803177  0.0219413  610  10  -0.25  0.05  SignalTiming
0.784564  0.022153  610  10  -0.15  0.05  SignalTiming
0.791383  0.0229187  610  10  -0.05  0.05  SignalTiming
0.718353  0.0242139  610  10  0.05  0.05  SignalTiming
0.701337  0.0255998  610  10  0.15  0.05  SignalTiming
0.600409  0.0292173  610  10  0.25  0.05  SignalTiming
0.586435  0.0366407  610  10  0.35  0.05  SignalTiming
0.54996  0.0578518  610  10  0.45  0.05  SignalTiming
0.526019  0.145805  610  10  0.55  0.05  SignalTiming
-0.254522  0.320146  610  10  0.65  0.05  SignalTiming
-0.442066  1.61201  610  10  0.75  0.05  SignalTiming
0.679558  2.01598  610  10  0.85  0.05  SignalTiming
-2.1898  1.27799  610  10  0.95  0.05  SignalTiming
0.220629  0.202174  630  10  -0.95  0.05  SignalTiming
0.867791  0.124771  630  10  -0.85  0.05  SignalTiming
0.739525  0.0688568  630  10  -0.75  0.05  SignalTiming
0.862579  0.0501241  630  10  -0.65  0.05  SignalTiming
0.908282  0.0455583  630  10  -0.55  0.05  SignalTiming
0.868803  0.0454889  630  10  -0.45  0.05  SignalTiming
0.847457  0.0429198  630  10  -0.35  0.05  SignalTiming
0.813211  0.0447464  630  10  -0.25  0.05  SignalTiming
0.865007  0.044251  630  10  -0.15  0.05  SignalTiming
0.822128  0.044693  630  10  -0.05  0.05  SignalTiming
0.875866  0.0465817  630  10  0.05  0.05  SignalTiming
0.76031  0.0488014  630  10  0.15  0.05  SignalTiming
0.682753  0.0558814  630  10  0.25  0.05  SignalTiming
0.810609  0.0670314  630  10  0.35  0.05  SignalTiming
0.576512  0.100856  630  10  0.45  0.05  SignalTiming
0.875402  0.241701  630  10  0.55  0.05  SignalTiming
-0.32101  0.657685  630  10  0.65  0.05  SignalTiming
-0.786862  1.27367  630  10  0.75  0.05  SignalTiming
-0.510617  2.17397  630  10  0.85  0.05  SignalTiming
0.854044  3.51994  630  10  0.95  0.05  SignalTiming
