-0.707768  8.4712   430.00   10  -0.95  0.05
0.621593  0.126798   430.00   10  -0.85  0.05
0.808887  0.0373697   430.00   10  -0.75  0.05
0.746899  0.0297255   430.00   10  -0.65  0.05
0.731343  0.0208357   430.00   10  -0.55  0.05
0.686511  0.0233292   430.00   10  -0.45  0.05
0.731688  0.0229826   430.00   10  -0.35  0.05
0.712429  0.0242664   430.00   10  -0.25  0.05
0.664047  0.0372276   430.00   10  -0.15  0.05
0.637718  0.0398011   430.00   10  -0.05  0.05
0.654414  0.0442833   430.00   10  0.05  0.05
0.654998  0.0659361   430.00   10  0.15  0.05
0.268957  0.220527   430.00   10  0.25  0.05
0.262412  0.182519   430.00   10  0.35  0.05
0.547416  0.230581   430.00   10  0.45  0.05
-1  0.0414968   430.00   10  0.55  0.05
-0.757462  0.848935   430.00   10  0.65  0.05
0.999999  0.00175247   430.00   10  0.75  0.05
-1  0.00267748   430.00   10  0.85  0.05
0.0691897  0.0692191   430.00   10  0.95  0.05
1  6.15506e-07   450.00   10  -0.95  0.05
0.825136  0.0522233   450.00   10  -0.85  0.05
0.806461  0.0247091   450.00   10  -0.75  0.05
0.770051  0.0199474   450.00   10  -0.65  0.05
0.721071  0.0177999   450.00   10  -0.55  0.05
0.725242  0.0168748   450.00   10  -0.45  0.05
0.682569  0.0158969   450.00   10  -0.35  0.05
0.721933  0.0175562   450.00   10  -0.25  0.05
0.73302  0.0187643   450.00   10  -0.15  0.05
0.600633  0.0253165   450.00   10  -0.05  0.05
0.643132  0.0326154   450.00   10  0.05  0.05
0.681943  0.0407781   450.00   10  0.15  0.05
0.585595  0.0559471   450.00   10  0.25  0.05
-0.474156  0.103591   450.00   10  0.35  0.05
0.49933  0.194396   450.00   10  0.45  0.05
-0.0890664  0.248825   450.00   10  0.55  0.05
-0.328384  9.30176   450.00   10  0.65  0.05
1  2.55817e-06   450.00   10  0.75  0.05
-1  0.000169544   450.00   10  0.85  0.05
-0.129649  0.0578597   450.00   10  0.95  0.05
-0.764265  0.240875   470.00   10  -0.95  0.05
0.773376  0.0674421   470.00   10  -0.85  0.05
0.804445  0.0256311   470.00   10  -0.75  0.05
0.775679  0.0171457   470.00   10  -0.65  0.05
0.747058  0.0153644   470.00   10  -0.55  0.05
0.768674  0.0130655   470.00   10  -0.45  0.05
0.719783  0.0136024   470.00   10  -0.35  0.05
0.750924  0.0141288   470.00   10  -0.25  0.05
0.683437  0.0158518   470.00   10  -0.15  0.05
0.684392  0.0173424   470.00   10  -0.05  0.05
0.650152  0.0239343   470.00   10  0.05  0.05
0.607948  0.0286876   470.00   10  0.15  0.05
0.476451  0.0479044   470.00   10  0.25  0.05
0.40829  0.0855006   470.00   10  0.35  0.05
0.306608  0.30705   470.00   10  0.45  0.05
0.216827  0.653414   470.00   10  0.55  0.05
-0.596139  10.7595   470.00   10  0.65  0.05
-1  5.89208e-05   470.00   10  0.75  0.05
-1  0.000392537   470.00   10  0.85  0.05
1  0.00157477   470.00   10  0.95  0.05
-0.687654  0.226959   490.00   10  -0.95  0.05
0.849128  0.0517131   490.00   10  -0.85  0.05
0.821651  0.0263553   490.00   10  -0.75  0.05
0.836319  0.0187669   490.00   10  -0.65  0.05
0.800614  0.0152912   490.00   10  -0.55  0.05
0.77953  0.0136533   490.00   10  -0.45  0.05
0.791667  0.013332   490.00   10  -0.35  0.05
0.759307  0.0135415   490.00   10  -0.25  0.05
0.730905  0.0148557   490.00   10  -0.15  0.05
0.664604  0.0169703   490.00   10  -0.05  0.05
0.664376  0.0200212   490.00   10  0.05  0.05
0.6082  0.0252399   490.00   10  0.15  0.05
0.652057  0.0343642   490.00   10  0.25  0.05
0.473399  0.0552899   490.00   10  0.35  0.05
0.361678  0.13063   490.00   10  0.45  0.05
0.0546545  0.674618   490.00   10  0.55  0.05
-0.486294  1.65562   490.00   10  0.65  0.05
1  9.96499e-06   490.00   10  0.75  0.05
1  3.09113e-05   490.00   10  0.85  0.05
1  0.000548923   490.00   10  0.95  0.05
1  4.86558e-07   510.00   10  -0.95  0.05
0.855523  0.00549526   510.00   10  -0.85  0.05
0.830728  0.0172366   510.00   10  -0.75  0.05
0.794796  0.0152585   510.00   10  -0.65  0.05
0.802348  0.0115475   510.00   10  -0.55  0.05
0.823037  0.0105109   510.00   10  -0.45  0.05
0.773701  0.0106971   510.00   10  -0.35  0.05
0.731642  0.010311   510.00   10  -0.25  0.05
0.722185  0.0110055   510.00   10  -0.15  0.05
0.679666  0.012671   510.00   10  -0.05  0.05
0.686361  0.0143878   510.00   10  0.05  0.05
0.613804  0.0199963   510.00   10  0.15  0.05
0.556053  0.0259439   510.00   10  0.25  0.05
0.407336  0.044149   510.00   10  0.35  0.05
0.56614  0.0723844   510.00   10  0.45  0.05
0.426954  0.167113   510.00   10  0.55  0.05
0.409409  0.266731   510.00   10  0.65  0.05
-1  2.97321e-05   510.00   10  0.75  0.05
-0.548181  0.0264897   510.00   10  0.85  0.05
-0.185274  0.0390066   510.00   10  0.95  0.05
1  1.19125e-06   530.00   10  -0.95  0.05
0.914559  0.00157679   530.00   10  -0.85  0.05
0.851734  0.0154936   530.00   10  -0.75  0.05
0.848947  0.0129108   530.00   10  -0.65  0.05
0.842009  0.0116423   530.00   10  -0.55  0.05
0.809836  0.0112917   530.00   10  -0.45  0.05
0.798238  0.0109277   530.00   10  -0.35  0.05
0.756641  0.0114659   530.00   10  -0.25  0.05
0.702742  0.0119336   530.00   10  -0.15  0.05
0.711072  0.0113626   530.00   10  -0.05  0.05
0.630255  0.0143246   530.00   10  0.05  0.05
0.579397  0.0165619   530.00   10  0.15  0.05
0.550141  0.0249976   530.00   10  0.25  0.05
0.490912  0.0401824   530.00   10  0.35  0.05
0.38887  0.0634845   530.00   10  0.45  0.05
0.249163  0.109387   530.00   10  0.55  0.05
0.154468  9.20043   530.00   10  0.65  0.05
0.757603  0.0351845   530.00   10  0.75  0.05
-1  3.1671e-05   530.00   10  0.85  0.05
1  0.000927608   530.00   10  0.95  0.05
0.999994  0.000236579   550.00   10  -0.95  0.05
0.980802  0.00355539   550.00   10  -0.85  0.05
0.855344  0.0149125   550.00   10  -0.75  0.05
0.860101  0.0128666   550.00   10  -0.65  0.05
0.81268  0.012764   550.00   10  -0.55  0.05
0.804797  0.0124853   550.00   10  -0.45  0.05
0.795711  0.0121884   550.00   10  -0.35  0.05
0.74774  0.0119976   550.00   10  -0.25  0.05
0.730366  0.0130069   550.00   10  -0.15  0.05
0.697315  0.0133511   550.00   10  -0.05  0.05
0.630245  0.0143344   550.00   10  0.05  0.05
0.565557  0.0177159   550.00   10  0.15  0.05
0.597814  0.0239557   550.00   10  0.25  0.05
0.489978  0.0409174   550.00   10  0.35  0.05
0.315654  0.0733057   550.00   10  0.45  0.05
0.384815  0.143516   550.00   10  0.55  0.05
-0.533115  0.160161   550.00   10  0.65  0.05
-0.862069  0.203485   550.00   10  0.75  0.05
-1  6.90164e-05   550.00   10  0.85  0.05
-0.18823  0.0435622   550.00   10  0.95  0.05
0.935189  0.0119447   570.00   10  -0.95  0.05
0.796031  0.0353247   570.00   10  -0.85  0.05
0.829411  0.0141857   570.00   10  -0.75  0.05
0.852076  0.0105202   570.00   10  -0.65  0.05
0.813043  0.00996162   570.00   10  -0.55  0.05
0.822512  0.00884922   570.00   10  -0.45  0.05
0.798028  0.00900545   570.00   10  -0.35  0.05
0.758863  0.00949858   570.00   10  -0.25  0.05
0.738548  0.00883768   570.00   10  -0.15  0.05
0.691701  0.0102799   570.00   10  -0.05  0.05
0.64286  0.0111064   570.00   10  0.05  0.05
0.571767  0.0125805   570.00   10  0.15  0.05
0.54518  0.0161014   570.00   10  0.25  0.05
0.500452  0.0248575   570.00   10  0.35  0.05
0.309148  0.0474922   570.00   10  0.45  0.05
0.0540109  0.0916308   570.00   10  0.55  0.05
0.159575  1.32581   570.00   10  0.65  0.05
0.374065  0.271113   570.00   10  0.75  0.05
1  7.24575e-06   570.00   10  0.85  0.05
-0.00143276  0.0332974   570.00   10  0.95  0.05
0.362359  0.110596   590.00   10  -0.95  0.05
0.820959  0.0117844   590.00   10  -0.85  0.05
0.816167  0.0131494   590.00   10  -0.75  0.05
0.888818  0.00122386   590.00   10  -0.65  0.05
0.852147  0.00679719   590.00   10  -0.55  0.05
0.805319  0.00733697   590.00   10  -0.45  0.05
0.798588  0.00729852   590.00   10  -0.35  0.05
0.785205  0.00716311   590.00   10  -0.25  0.05
0.749803  0.00795823   590.00   10  -0.15  0.05
0.712695  0.00826081   590.00   10  -0.05  0.05
0.675849  0.00919166   590.00   10  0.05  0.05
0.613954  0.0100458   590.00   10  0.15  0.05
0.555071  0.0121073   590.00   10  0.25  0.05
0.430809  0.018034   590.00   10  0.35  0.05
0.335702  0.0350799   590.00   10  0.45  0.05
-0.0773597  50.2438   590.00   10  0.55  0.05
0.27992  0.105352   590.00   10  0.65  0.05
-0.161806  7.76855   590.00   10  0.75  0.05
1  2.14641e-06   590.00   10  0.85  0.05
1  0.000608252   590.00   10  0.95  0.05
0.53781  0.0976593   610.00   10  -0.95  0.05
0.670202  0.0446164   610.00   10  -0.85  0.05
0.827828  0.011466   610.00   10  -0.75  0.05
0.894862  0.000707878   610.00   10  -0.65  0.05
0.84896  0.00703109   610.00   10  -0.55  0.05
0.849207  0.00649044   610.00   10  -0.45  0.05
0.822714  0.00728644   610.00   10  -0.35  0.05
0.800313  0.00757253   610.00   10  -0.25  0.05
0.770302  0.00796261   610.00   10  -0.15  0.05
0.738308  0.00862654   610.00   10  -0.05  0.05
0.701249  0.0087584   610.00   10  0.05  0.05
0.625969  0.0102503   610.00   10  0.15  0.05
0.584052  0.0126077   610.00   10  0.25  0.05
0.511344  0.0171447   610.00   10  0.35  0.05
0.408444  0.0285374   610.00   10  0.45  0.05
0.109391  0.153972   610.00   10  0.55  0.05
-0.0616708  0.384856   610.00   10  0.65  0.05
-0.56426  0.557085   610.00   10  0.75  0.05
-1  0.000248624   610.00   10  0.85  0.05
-1  0.000978987   610.00   10  0.95  0.05
1  2.19969e-06   630.00   10  -0.95  0.05
0.694297  0.080982   630.00   10  -0.85  0.05
0.769641  0.0304054   630.00   10  -0.75  0.05
0.85966  0.0154886   630.00   10  -0.65  0.05
0.895397  0.00662813   630.00   10  -0.55  0.05
0.896108  0.00608374   630.00   10  -0.45  0.05
0.900779  0.00312127   630.00   10  -0.35  0.05
0.844648  0.0117817   630.00   10  -0.25  0.05
0.855359  0.0113622   630.00   10  -0.15  0.05
0.768858  0.015544   630.00   10  -0.05  0.05
0.704884  0.0171697   630.00   10  0.05  0.05
0.66799  0.0182089   630.00   10  0.15  0.05
0.606291  0.0232168   630.00   10  0.25  0.05
0.543823  0.0315827   630.00   10  0.35  0.05
0.453355  0.0515083   630.00   10  0.45  0.05
0.148318  0.236915   630.00   10  0.55  0.05
0.0377031  1.11172   630.00   10  0.65  0.05
-1  6.83024e-07   630.00   10  0.75  0.05
0.17434  0.0353267   630.00   10  0.85  0.05
0.999996  0.00834804   630.00   10  0.95  0.05
