0.0469974  0.226214  430  10  -0.95  0.05  Sig  -40  10
0.491709  0.174342  430  10  -0.95  0.05  Sig  -20  10
0.311529  0.144777  430  10  -0.95  0.05  Sig  0  10
0.206949  0.161271  430  10  -0.95  0.05  Sig  20  10
0.913556  0.23331  430  10  -0.95  0.05  Sig  40  10
0.564637  0.136947  430  10  -0.85  0.05  Sig  -40  10
0.593218  0.0916481  430  10  -0.85  0.05  Sig  -20  10
0.563124  0.0733241  430  10  -0.85  0.05  Sig  0  10
0.659768  0.0926451  430  10  -0.85  0.05  Sig  20  10
0.476736  0.146348  430  10  -0.85  0.05  Sig  40  10
0.415367  0.125246  430  10  -0.75  0.05  Sig  -40  10
0.713588  0.0643725  430  10  -0.75  0.05  Sig  -20  10
0.668443  0.0448715  430  10  -0.75  0.05  Sig  0  10
0.554441  0.0674814  430  10  -0.75  0.05  Sig  20  10
0.023764  0.131649  430  10  -0.75  0.05  Sig  40  10
0.393413  0.113264  430  10  -0.65  0.05  Sig  -40  10
0.693614  0.0494765  430  10  -0.65  0.05  Sig  -20  10
0.64192  0.0308358  430  10  -0.65  0.05  Sig  0  10
0.675641  0.0508521  430  10  -0.65  0.05  Sig  20  10
0.405485  0.111133  430  10  -0.65  0.05  Sig  40  10
0.424518  0.10474  430  10  -0.55  0.05  Sig  -40  10
0.741268  0.0432956  430  10  -0.55  0.05  Sig  -20  10
0.676814  0.0255091  430  10  -0.55  0.05  Sig  0  10
0.600309  0.0447345  430  10  -0.55  0.05  Sig  20  10
0.522841  0.108815  430  10  -0.55  0.05  Sig  40  10
0.328673  0.113784  430  10  -0.45  0.05  Sig  -40  10
0.686488  0.0448819  430  10  -0.45  0.05  Sig  -20  10
0.667325  0.0255109  430  10  -0.45  0.05  Sig  0  10
0.759837  0.0463792  430  10  -0.45  0.05  Sig  20  10
0.352737  0.120546  430  10  -0.45  0.05  Sig  40  10
0.482079  0.126803  430  10  -0.35  0.05  Sig  -40  10
0.759451  0.0467232  430  10  -0.35  0.05  Sig  -20  10
0.667998  0.0263322  430  10  -0.35  0.05  Sig  0  10
0.765676  0.0484483  430  10  -0.35  0.05  Sig  20  10
0.318217  0.13109  430  10  -0.35  0.05  Sig  40  10
0.550178  0.146438  430  10  -0.25  0.05  Sig  -40  10
0.598255  0.0524649  430  10  -0.25  0.05  Sig  -20  10
0.702798  0.0293285  430  10  -0.25  0.05  Sig  0  10
0.553023  0.0540792  430  10  -0.25  0.05  Sig  20  10
0.492437  0.144784  430  10  -0.25  0.05  Sig  40  10
0.415095  0.170544  430  10  -0.15  0.05  Sig  -40  10
0.673599  0.0615512  430  10  -0.15  0.05  Sig  -20  10
0.645685  0.0359663  430  10  -0.15  0.05  Sig  0  10
0.583812  0.0645468  430  10  -0.15  0.05  Sig  20  10
0.257384  0.169788  430  10  -0.15  0.05  Sig  40  10
0.460577  0.205147  430  10  -0.05  0.05  Sig  -40  10
0.640125  0.0790875  430  10  -0.05  0.05  Sig  -20  10
0.62382  0.047501  430  10  -0.05  0.05  Sig  0  10
0.673461  0.0797772  430  10  -0.05  0.05  Sig  20  10
0.313946  0.21867  430  10  -0.05  0.05  Sig  40  10
0.143178  0.266339  430  10  0.05  0.05  Sig  -40  10
0.545082  0.101655  430  10  0.05  0.05  Sig  -20  10
0.540863  0.0674516  430  10  0.05  0.05  Sig  0  10
0.516042  0.104744  430  10  0.05  0.05  Sig  20  10
0.338935  0.261085  430  10  0.05  0.05  Sig  40  10
-0.226188  0.343747  430  10  0.15  0.05  Sig  -40  10
0.0816915  0.144345  430  10  0.15  0.05  Sig  -20  10
0.725107  0.104943  430  10  0.15  0.05  Sig  0  10
0.457709  0.148448  430  10  0.15  0.05  Sig  20  10
0.275364  0.376499  430  10  0.15  0.05  Sig  40  10
0.0682553  0.446211  430  10  0.25  0.05  Sig  -40  10
0.279174  0.226477  430  10  0.25  0.05  Sig  -20  10
0.403152  0.160713  430  10  0.25  0.05  Sig  0  10
0.146296  0.235201  430  10  0.25  0.05  Sig  20  10
0.756187  0.508509  430  10  0.25  0.05  Sig  40  10
0.699563  0.623235  430  10  0.35  0.05  Sig  -40  10
-0.422253  0.347497  430  10  0.35  0.05  Sig  -20  10
0.504781  0.257406  430  10  0.35  0.05  Sig  0  10
0.697327  0.35282  430  10  0.35  0.05  Sig  20  10
0.66808  0.730894  430  10  0.35  0.05  Sig  40  10
-0.972682  0.979223  430  10  0.45  0.05  Sig  -40  10
-0.510539  0.634139  430  10  0.45  0.05  Sig  -20  10
0.744276  0.453133  430  10  0.45  0.05  Sig  0  10
0.711425  0.60908  430  10  0.45  0.05  Sig  20  10
-0.965536  0.821013  430  10  0.45  0.05  Sig  40  10
0.0444471  0.912981  430  10  0.55  0.05  Sig  -40  10
-0.0704461  0.434103  430  10  0.55  0.05  Sig  -20  10
-0.251201  0.403723  430  10  0.55  0.05  Sig  0  10
0.717229  0.503254  430  10  0.55  0.05  Sig  20  10
-0.0991458  1.10306  430  10  0.55  0.05  Sig  40  10
1.69313  1.23215  430  10  0.65  0.05  Sig  -40  10
-0.147009  1.58878  430  10  0.65  0.05  Sig  -20  10
0.283872  1.59063  430  10  0.65  0.05  Sig  0  10
-0.455703  1.39327  430  10  0.65  0.05  Sig  20  10
1.90453  1.43485  430  10  0.65  0.05  Sig  40  10
-1.28483  1.29984  430  10  0.75  0.05  Sig  -40  10
2.92673  2.3916  430  10  0.75  0.05  Sig  -20  10
0.701697  2.03019  430  10  0.75  0.05  Sig  0  10
1.83935  1.72998  430  10  0.75  0.05  Sig  20  10
-3.14555  1.02824  430  10  0.75  0.05  Sig  40  10
-0.689431  1.15349  430  10  0.85  0.05  Sig  -40  10
0.191469  0.881808  430  10  0.85  0.05  Sig  -20  10
0.591889  0.759695  430  10  0.85  0.05  Sig  0  10
0.299044  0.718847  430  10  0.85  0.05  Sig  20  10
-0.777721  1.88253  430  10  0.85  0.05  Sig  40  10
0  0  430  10  0.95  0.05  Sig  -40  10
0  0  430  10  0.95  0.05  Sig  -20  10
0  0  430  10  0.95  0.05  Sig  0  10
0  0  430  10  0.95  0.05  Sig  20  10
0  0  430  10  0.95  0.05  Sig  40  10
0.0158269  0.213856  450  10  -0.95  0.05  Sig  -40  10
0.182006  0.157894  450  10  -0.95  0.05  Sig  -20  10
0.358885  0.13044  450  10  -0.95  0.05  Sig  0  10
0.104344  0.153717  450  10  -0.95  0.05  Sig  20  10
0.0178444  0.205675  450  10  -0.95  0.05  Sig  40  10
0.361714  0.123758  450  10  -0.85  0.05  Sig  -40  10
0.618464  0.0806402  450  10  -0.85  0.05  Sig  -20  10
0.554627  0.0617699  450  10  -0.85  0.05  Sig  0  10
0.549572  0.0835827  450  10  -0.85  0.05  Sig  20  10
0.538444  0.123245  450  10  -0.85  0.05  Sig  40  10
0.341912  0.0970568  450  10  -0.75  0.05  Sig  -40  10
0.650306  0.0515632  450  10  -0.75  0.05  Sig  -20  10
0.707473  0.033965  450  10  -0.75  0.05  Sig  0  10
0.691462  0.0522795  450  10  -0.75  0.05  Sig  20  10
0.476011  0.100752  450  10  -0.75  0.05  Sig  40  10
0.359119  0.085825  450  10  -0.65  0.05  Sig  -40  10
0.651675  0.0392954  450  10  -0.65  0.05  Sig  -20  10
0.67002  0.0239581  450  10  -0.65  0.05  Sig  0  10
0.70818  0.0403944  450  10  -0.65  0.05  Sig  20  10
0.404886  0.0881743  450  10  -0.65  0.05  Sig  40  10
0.588276  0.0861244  450  10  -0.55  0.05  Sig  -40  10
0.671804  0.0363876  450  10  -0.55  0.05  Sig  -20  10
0.721533  0.0210568  450  10  -0.55  0.05  Sig  0  10
0.625995  0.0383362  450  10  -0.55  0.05  Sig  20  10
0.41237  0.0911708  450  10  -0.55  0.05  Sig  40  10
0.470755  0.0902306  450  10  -0.45  0.05  Sig  -40  10
0.611855  0.0352047  450  10  -0.45  0.05  Sig  -20  10
0.711503  0.0192649  450  10  -0.45  0.05  Sig  0  10
0.668281  0.036756  450  10  -0.45  0.05  Sig  20  10
0.361736  0.0936549  450  10  -0.45  0.05  Sig  40  10
0.44065  0.0954188  450  10  -0.35  0.05  Sig  -40  10
0.627694  0.0357437  450  10  -0.35  0.05  Sig  -20  10
0.686039  0.0191024  450  10  -0.35  0.05  Sig  0  10
0.687381  0.037166  450  10  -0.35  0.05  Sig  20  10
0.521107  0.0964892  450  10  -0.35  0.05  Sig  40  10
0.522117  0.106789  450  10  -0.25  0.05  Sig  -40  10
0.645553  0.0380398  450  10  -0.25  0.05  Sig  -20  10
0.670496  0.0201265  450  10  -0.25  0.05  Sig  0  10
0.602608  0.0401165  450  10  -0.25  0.05  Sig  20  10
0.470246  0.110582  450  10  -0.25  0.05  Sig  40  10
0.206803  0.122093  450  10  -0.15  0.05  Sig  -40  10
0.675903  0.042814  450  10  -0.15  0.05  Sig  -20  10
0.658477  0.0228947  450  10  -0.15  0.05  Sig  0  10
0.693782  0.0443627  450  10  -0.15  0.05  Sig  20  10
0.429959  0.122788  450  10  -0.15  0.05  Sig  40  10
0.645649  0.14145  450  10  -0.05  0.05  Sig  -40  10
0.623486  0.0517972  450  10  -0.05  0.05  Sig  -20  10
0.612356  0.0289879  450  10  -0.05  0.05  Sig  0  10
0.558074  0.054062  450  10  -0.05  0.05  Sig  20  10
0.327895  0.150011  450  10  -0.05  0.05  Sig  40  10
0.383231  0.179915  450  10  0.05  0.05  Sig  -40  10
0.529928  0.0652355  450  10  0.05  0.05  Sig  -20  10
0.599561  0.0403975  450  10  0.05  0.05  Sig  0  10
0.553864  0.0693794  450  10  0.05  0.05  Sig  20  10
0.392135  0.176776  450  10  0.05  0.05  Sig  40  10
0.343846  0.220735  450  10  0.15  0.05  Sig  -40  10
0.578113  0.0961652  450  10  0.15  0.05  Sig  -20  10
0.512971  0.0613555  450  10  0.15  0.05  Sig  0  10
0.48486  0.0972241  450  10  0.15  0.05  Sig  20  10
0.457742  0.242666  450  10  0.15  0.05  Sig  40  10
0.268969  0.264162  450  10  0.25  0.05  Sig  -40  10
0.609689  0.137361  450  10  0.25  0.05  Sig  -20  10
0.40057  0.0934155  450  10  0.25  0.05  Sig  0  10
0.680061  0.143508  450  10  0.25  0.05  Sig  20  10
0.391461  0.342632  450  10  0.25  0.05  Sig  40  10
0.336284  0.314317  450  10  0.35  0.05  Sig  -40  10
0.334696  0.193657  450  10  0.35  0.05  Sig  -20  10
0.243162  0.148048  450  10  0.35  0.05  Sig  0  10
-0.0254473  0.19856  450  10  0.35  0.05  Sig  20  10
-0.465972  0.417586  450  10  0.35  0.05  Sig  40  10
-0.269423  0.525762  450  10  0.45  0.05  Sig  -40  10
-0.116441  0.311206  450  10  0.45  0.05  Sig  -20  10
0.0797838  0.261967  450  10  0.45  0.05  Sig  0  10
0.216124  0.290797  450  10  0.45  0.05  Sig  20  10
-0.1366  0.566582  450  10  0.45  0.05  Sig  40  10
0.606721  0.781279  450  10  0.55  0.05  Sig  -40  10
-0.618131  0.494044  450  10  0.55  0.05  Sig  -20  10
0.734132  0.409175  450  10  0.55  0.05  Sig  0  10
0.0177164  0.478933  450  10  0.55  0.05  Sig  20  10
0.439728  0.588872  450  10  0.55  0.05  Sig  40  10
1.04424  0.821094  450  10  0.65  0.05  Sig  -40  10
-0.0765194  0.483318  450  10  0.65  0.05  Sig  -20  10
0.596204  0.433841  450  10  0.65  0.05  Sig  0  10
0.213429  0.41027  450  10  0.65  0.05  Sig  20  10
-0.347528  0.609383  450  10  0.65  0.05  Sig  40  10
-2.97901  1.1816  450  10  0.75  0.05  Sig  -40  10
-0.545283  1.74955  450  10  0.75  0.05  Sig  -20  10
0.301945  1.30761  450  10  0.75  0.05  Sig  0  10
-0.456839  1.57141  450  10  0.75  0.05  Sig  20  10
-2.49604  1.47451  450  10  0.75  0.05  Sig  40  10
0.474175  1.33473  450  10  0.85  0.05  Sig  -40  10
0.807745  0.789378  450  10  0.85  0.05  Sig  -20  10
1.7041  1.01526  450  10  0.85  0.05  Sig  0  10
0.680225  0.935108  450  10  0.85  0.05  Sig  20  10
-0.923645  0.946625  450  10  0.85  0.05  Sig  40  10
0  0  450  10  0.95  0.05  Sig  -40  10
0  0  450  10  0.95  0.05  Sig  -20  10
0  0  450  10  0.95  0.05  Sig  0  10
0  0  450  10  0.95  0.05  Sig  20  10
0  0  450  10  0.95  0.05  Sig  40  10
0.379899  0.154913  470  10  -0.95  0.05  Sig  -40  10
0.386382  0.125007  470  10  -0.95  0.05  Sig  -20  10
0.356294  0.106452  470  10  -0.95  0.05  Sig  0  10
0.433984  0.123458  470  10  -0.95  0.05  Sig  20  10
0.131153  0.156828  470  10  -0.95  0.05  Sig  40  10
0.393861  0.096098  470  10  -0.85  0.05  Sig  -40  10
0.626355  0.0674298  470  10  -0.85  0.05  Sig  -20  10
0.699339  0.053382  470  10  -0.85  0.05  Sig  0  10
0.493542  0.0689001  470  10  -0.85  0.05  Sig  20  10
0.302966  0.102194  470  10  -0.85  0.05  Sig  40  10
0.316715  0.0844666  470  10  -0.75  0.05  Sig  -40  10
0.70346  0.0450185  470  10  -0.75  0.05  Sig  -20  10
0.750215  0.0296023  470  10  -0.75  0.05  Sig  0  10
0.693911  0.0461692  470  10  -0.75  0.05  Sig  20  10
0.392556  0.0835321  470  10  -0.75  0.05  Sig  40  10
0.429431  0.0747574  470  10  -0.65  0.05  Sig  -40  10
0.65289  0.0344351  470  10  -0.65  0.05  Sig  -20  10
0.718748  0.0207095  470  10  -0.65  0.05  Sig  0  10
0.683489  0.0360059  470  10  -0.65  0.05  Sig  20  10
0.400126  0.0779294  470  10  -0.65  0.05  Sig  40  10
0.603058  0.0763912  470  10  -0.55  0.05  Sig  -40  10
0.670547  0.0324152  470  10  -0.55  0.05  Sig  -20  10
0.721793  0.0179769  470  10  -0.55  0.05  Sig  0  10
0.710712  0.0336566  470  10  -0.55  0.05  Sig  20  10
0.554301  0.0783838  470  10  -0.55  0.05  Sig  40  10
0.457858  0.0750658  470  10  -0.45  0.05  Sig  -40  10
0.743367  0.0303405  470  10  -0.45  0.05  Sig  -20  10
0.729273  0.0162516  470  10  -0.45  0.05  Sig  0  10
0.666279  0.031451  470  10  -0.45  0.05  Sig  20  10
0.446457  0.0748572  470  10  -0.45  0.05  Sig  40  10
0.50309  0.0773081  470  10  -0.35  0.05  Sig  -40  10
0.666351  0.0299167  470  10  -0.35  0.05  Sig  -20  10
0.703189  0.0156227  470  10  -0.35  0.05  Sig  0  10
0.665405  0.0313194  470  10  -0.35  0.05  Sig  20  10
0.410658  0.0826975  470  10  -0.35  0.05  Sig  40  10
0.34374  0.081059  470  10  -0.25  0.05  Sig  -40  10
0.651367  0.0296194  470  10  -0.25  0.05  Sig  -20  10
0.663045  0.0152149  470  10  -0.25  0.05  Sig  0  10
0.63615  0.0312954  470  10  -0.25  0.05  Sig  20  10
0.410691  0.0823591  470  10  -0.25  0.05  Sig  40  10
0.610538  0.0937976  470  10  -0.15  0.05  Sig  -40  10
0.596952  0.0334886  470  10  -0.15  0.05  Sig  -20  10
0.671142  0.0167842  470  10  -0.15  0.05  Sig  0  10
0.60365  0.034586  470  10  -0.15  0.05  Sig  20  10
0.326513  0.093367  470  10  -0.15  0.05  Sig  40  10
0.110247  0.105753  470  10  -0.05  0.05  Sig  -40  10
0.563753  0.0384326  470  10  -0.05  0.05  Sig  -20  10
0.663623  0.019675  470  10  -0.05  0.05  Sig  0  10
0.626558  0.0399833  470  10  -0.05  0.05  Sig  20  10
0.275319  0.105952  470  10  -0.05  0.05  Sig  40  10
0.0362283  0.120557  470  10  0.05  0.05  Sig  -40  10
0.518915  0.0448435  470  10  0.05  0.05  Sig  -20  10
0.644004  0.0250159  470  10  0.05  0.05  Sig  0  10
0.609237  0.0472986  470  10  0.05  0.05  Sig  20  10
0.293164  0.127787  470  10  0.05  0.05  Sig  40  10
0.3768  0.152557  470  10  0.15  0.05  Sig  -40  10
0.448823  0.0635463  470  10  0.15  0.05  Sig  -20  10
0.500805  0.0380149  470  10  0.15  0.05  Sig  0  10
0.342723  0.0664693  470  10  0.15  0.05  Sig  20  10
0.420591  0.174167  470  10  0.15  0.05  Sig  40  10
0.0366004  0.174396  470  10  0.25  0.05  Sig  -40  10
0.404469  0.0816665  470  10  0.25  0.05  Sig  -20  10
0.381247  0.0562504  470  10  0.25  0.05  Sig  0  10
0.365549  0.0876176  470  10  0.25  0.05  Sig  20  10
0.180656  0.173255  470  10  0.25  0.05  Sig  40  10
0.176327  0.258863  470  10  0.35  0.05  Sig  -40  10
0.28089  0.14538  470  10  0.35  0.05  Sig  -20  10
0.425544  0.0990494  470  10  0.35  0.05  Sig  0  10
0.298145  0.133573  470  10  0.35  0.05  Sig  20  10
0.408399  0.298713  470  10  0.35  0.05  Sig  40  10
-0.0851767  0.353647  470  10  0.45  0.05  Sig  -40  10
0.229913  0.203007  470  10  0.45  0.05  Sig  -20  10
0.0749995  0.152314  470  10  0.45  0.05  Sig  0  10
0.351451  0.187268  470  10  0.45  0.05  Sig  20  10
-0.0711367  0.288688  470  10  0.45  0.05  Sig  40  10
1.32977  0.536707  470  10  0.55  0.05  Sig  -40  10
0.731789  0.37385  470  10  0.55  0.05  Sig  -20  10
-0.140471  0.29508  470  10  0.55  0.05  Sig  0  10
0.723361  0.342891  470  10  0.55  0.05  Sig  20  10
0.916169  0.582367  470  10  0.55  0.05  Sig  40  10
0.513834  0.603239  470  10  0.65  0.05  Sig  -40  10
-0.763466  0.547447  470  10  0.65  0.05  Sig  -20  10
0.519168  0.387111  470  10  0.65  0.05  Sig  0  10
0.553866  0.561474  470  10  0.65  0.05  Sig  20  10
0.530488  0.625857  470  10  0.65  0.05  Sig  40  10
-0.227812  0.984916  470  10  0.75  0.05  Sig  -40  10
-1.17251  1.07437  470  10  0.75  0.05  Sig  -20  10
1.3933  0.823108  470  10  0.75  0.05  Sig  0  10
0.326632  0.916139  470  10  0.75  0.05  Sig  20  10
0.461687  0.871039  470  10  0.75  0.05  Sig  40  10
0.0172574  0.0199911  470  10  0.85  0.05  Sig  -40  10
-0.0249522  0.0213533  470  10  0.85  0.05  Sig  -20  10
0.0114354  0.0125302  470  10  0.85  0.05  Sig  0  10
-0.035991  0.0181344  470  10  0.85  0.05  Sig  20  10
-0.009231  0.0139452  470  10  0.85  0.05  Sig  40  10
-0.476464  0.645402  470  10  0.95  0.05  Sig  -40  10
0.892121  0.851335  470  10  0.95  0.05  Sig  -20  10
-0.792021  1.05732  470  10  0.95  0.05  Sig  0  10
-2.04486  0.925461  470  10  0.95  0.05  Sig  20  10
0.49199  1.06345  470  10  0.95  0.05  Sig  40  10
0.406915  0.187157  490  10  -0.95  0.05  Sig  -40  10
0.737734  0.149194  490  10  -0.95  0.05  Sig  -20  10
0.509128  0.12683  490  10  -0.95  0.05  Sig  0  10
0.326332  0.152777  490  10  -0.95  0.05  Sig  20  10
0.675943  0.18697  490  10  -0.95  0.05  Sig  40  10
0.600832  0.130995  490  10  -0.85  0.05  Sig  -40  10
0.781128  0.0883004  490  10  -0.85  0.05  Sig  -20  10
0.676371  0.065095  490  10  -0.85  0.05  Sig  0  10
0.520613  0.0928177  490  10  -0.85  0.05  Sig  20  10
0.602515  0.132558  490  10  -0.85  0.05  Sig  40  10
0.390642  0.091314  490  10  -0.75  0.05  Sig  -40  10
0.672705  0.047397  490  10  -0.75  0.05  Sig  -20  10
0.743099  0.0306978  490  10  -0.75  0.05  Sig  0  10
0.595303  0.0489785  490  10  -0.75  0.05  Sig  20  10
0.543439  0.0879446  490  10  -0.75  0.05  Sig  40  10
0.434063  0.0751255  490  10  -0.65  0.05  Sig  -40  10
0.644854  0.0373045  490  10  -0.65  0.05  Sig  -20  10
0.746411  0.0216697  490  10  -0.65  0.05  Sig  0  10
0.705301  0.0382433  490  10  -0.65  0.05  Sig  20  10
0.311541  0.0760727  490  10  -0.65  0.05  Sig  40  10
0.43823  0.071644  490  10  -0.55  0.05  Sig  -40  10
0.724161  0.03234  490  10  -0.55  0.05  Sig  -20  10
0.721274  0.0179448  490  10  -0.55  0.05  Sig  0  10
0.6902  0.0335131  490  10  -0.55  0.05  Sig  20  10
0.423883  0.0747124  490  10  -0.55  0.05  Sig  40  10
0.49774  0.0715568  490  10  -0.45  0.05  Sig  -40  10
0.694373  0.0309698  490  10  -0.45  0.05  Sig  -20  10
0.724593  0.0165384  490  10  -0.45  0.05  Sig  0  10
0.661615  0.0323817  490  10  -0.45  0.05  Sig  20  10
0.600552  0.0739757  490  10  -0.45  0.05  Sig  40  10
0.454397  0.0777811  490  10  -0.35  0.05  Sig  -40  10
0.666562  0.0314533  490  10  -0.35  0.05  Sig  -20  10
0.740768  0.0160729  490  10  -0.35  0.05  Sig  0  10
0.740228  0.032862  490  10  -0.35  0.05  Sig  20  10
0.374638  0.080007  490  10  -0.35  0.05  Sig  40  10
0.11342  0.0813564  490  10  -0.25  0.05  Sig  -40  10
0.669987  0.0311864  490  10  -0.25  0.05  Sig  -20  10
0.725745  0.0155499  490  10  -0.25  0.05  Sig  0  10
0.636377  0.0321822  490  10  -0.25  0.05  Sig  20  10
0.325483  0.0815688  490  10  -0.25  0.05  Sig  40  10
0.279375  0.0835533  490  10  -0.15  0.05  Sig  -40  10
0.599302  0.0318339  490  10  -0.15  0.05  Sig  -20  10
0.678005  0.0157661  490  10  -0.15  0.05  Sig  0  10
0.635474  0.0331771  490  10  -0.15  0.05  Sig  20  10
0.421612  0.0875084  490  10  -0.15  0.05  Sig  40  10
0.0975544  0.0947273  490  10  -0.05  0.05  Sig  -40  10
0.520633  0.0346057  490  10  -0.05  0.05  Sig  -20  10
0.671461  0.0171679  490  10  -0.05  0.05  Sig  0  10
0.588607  0.036159  490  10  -0.05  0.05  Sig  20  10
0.190154  0.0985704  490  10  -0.05  0.05  Sig  40  10
0.253974  0.112162  490  10  0.05  0.05  Sig  -40  10
0.502432  0.0411746  490  10  0.05  0.05  Sig  -20  10
0.594207  0.0212569  490  10  0.05  0.05  Sig  0  10
0.567858  0.0439866  490  10  0.05  0.05  Sig  20  10
0.0790361  0.109147  490  10  0.05  0.05  Sig  40  10
-0.0108212  0.136288  490  10  0.15  0.05  Sig  -40  10
0.548219  0.0530117  490  10  0.15  0.05  Sig  -20  10
0.597004  0.0293996  490  10  0.15  0.05  Sig  0  10
0.435947  0.0553628  490  10  0.15  0.05  Sig  20  10
0.277536  0.139794  490  10  0.15  0.05  Sig  40  10
0.271092  0.190902  490  10  0.25  0.05  Sig  -40  10
0.534293  0.0759218  490  10  0.25  0.05  Sig  -20  10
0.529455  0.0478976  490  10  0.25  0.05  Sig  0  10
0.481468  0.0790754  490  10  0.25  0.05  Sig  20  10
-0.12136  0.175577  490  10  0.25  0.05  Sig  40  10
0.0416283  0.246321  490  10  0.35  0.05  Sig  -40  10
0.0797992  0.106706  490  10  0.35  0.05  Sig  -20  10
0.440701  0.0793176  490  10  0.35  0.05  Sig  0  10
0.178983  0.114294  490  10  0.35  0.05  Sig  20  10
-0.0363944  0.222531  490  10  0.35  0.05  Sig  40  10
0.532027  0.333971  490  10  0.45  0.05  Sig  -40  10
0.0765522  0.188294  490  10  0.45  0.05  Sig  -20  10
0.283427  0.143697  490  10  0.45  0.05  Sig  0  10
0.377245  0.178386  490  10  0.45  0.05  Sig  20  10
0.295166  0.318686  490  10  0.45  0.05  Sig  40  10
0.777263  0.432955  490  10  0.55  0.05  Sig  -40  10
-0.4566  0.297738  490  10  0.55  0.05  Sig  -20  10
-0.19683  0.252615  490  10  0.55  0.05  Sig  0  10
0.066432  0.336391  490  10  0.55  0.05  Sig  20  10
0.671773  0.475615  490  10  0.55  0.05  Sig  40  10
0.284357  0.533924  490  10  0.65  0.05  Sig  -40  10
-0.718438  0.361257  490  10  0.65  0.05  Sig  -20  10
-0.234232  0.323197  490  10  0.65  0.05  Sig  0  10
0.358251  0.366544  490  10  0.65  0.05  Sig  20  10
-0.689711  0.588619  490  10  0.65  0.05  Sig  40  10
-0.397694  0.402102  490  10  0.75  0.05  Sig  -40  10
0.0137213  0.367024  490  10  0.75  0.05  Sig  -20  10
-0.408707  0.365265  490  10  0.75  0.05  Sig  0  10
0.597406  0.345825  490  10  0.75  0.05  Sig  20  10
0.90976  0.510463  490  10  0.75  0.05  Sig  40  10
0.150454  0.236599  490  10  0.85  0.05  Sig  -40  10
-0.189185  0.418863  490  10  0.85  0.05  Sig  -20  10
-0.160226  0.258534  490  10  0.85  0.05  Sig  0  10
-0.0552936  0.307554  490  10  0.85  0.05  Sig  20  10
0.0717028  0.305371  490  10  0.85  0.05  Sig  40  10
0  0  490  10  0.95  0.05  Sig  -40  10
0  0  490  10  0.95  0.05  Sig  -20  10
0  0  490  10  0.95  0.05  Sig  0  10
0  0  490  10  0.95  0.05  Sig  20  10
0  0  490  10  0.95  0.05  Sig  40  10
0.157075  0.130416  510  10  -0.95  0.05  Sig  -40  10
0.254374  0.110175  510  10  -0.95  0.05  Sig  -20  10
0.600323  0.106007  510  10  -0.95  0.05  Sig  0  10
0.395961  0.108428  510  10  -0.95  0.05  Sig  20  10
0.509845  0.138542  510  10  -0.95  0.05  Sig  40  10
0.372262  0.0889929  510  10  -0.85  0.05  Sig  -40  10
0.63136  0.0638387  510  10  -0.85  0.05  Sig  -20  10
0.72076  0.0475118  510  10  -0.85  0.05  Sig  0  10
0.362725  0.0653304  510  10  -0.85  0.05  Sig  20  10
0.422646  0.0899479  510  10  -0.85  0.05  Sig  40  10
0.366809  0.0661127  510  10  -0.75  0.05  Sig  -40  10
0.694479  0.0384411  510  10  -0.75  0.05  Sig  -20  10
0.745636  0.0248866  510  10  -0.75  0.05  Sig  0  10
0.615885  0.03956  510  10  -0.75  0.05  Sig  20  10
0.311979  0.066077  510  10  -0.75  0.05  Sig  40  10
0.34376  0.0613224  510  10  -0.65  0.05  Sig  -40  10
0.654559  0.0308162  510  10  -0.65  0.05  Sig  -20  10
0.764564  0.0178524  510  10  -0.65  0.05  Sig  0  10
0.609844  0.0316744  510  10  -0.65  0.05  Sig  20  10
0.410797  0.0613147  510  10  -0.65  0.05  Sig  40  10
0.247378  0.0584983  510  10  -0.55  0.05  Sig  -40  10
0.640202  0.0278233  510  10  -0.55  0.05  Sig  -20  10
0.749435  0.0150603  510  10  -0.55  0.05  Sig  0  10
0.617193  0.0287799  510  10  -0.55  0.05  Sig  20  10
0.302312  0.0611226  510  10  -0.55  0.05  Sig  40  10
0.213796  0.0593541  510  10  -0.45  0.05  Sig  -40  10
0.654212  0.026842  510  10  -0.45  0.05  Sig  -20  10
0.755922  0.013822  510  10  -0.45  0.05  Sig  0  10
0.667246  0.0272253  510  10  -0.45  0.05  Sig  20  10
0.207859  0.0628123  510  10  -0.45  0.05  Sig  40  10
0.309153  0.0603677  510  10  -0.35  0.05  Sig  -40  10
0.717905  0.0249735  510  10  -0.35  0.05  Sig  -20  10
0.715895  0.0126815  510  10  -0.35  0.05  Sig  0  10
0.682046  0.0262232  510  10  -0.35  0.05  Sig  20  10
0.421037  0.0611352  510  10  -0.35  0.05  Sig  40  10
0.210984  0.0655235  510  10  -0.25  0.05  Sig  -40  10
0.626537  0.0255039  510  10  -0.25  0.05  Sig  -20  10
0.699598  0.0126435  510  10  -0.25  0.05  Sig  0  10
0.667065  0.026482  510  10  -0.25  0.05  Sig  20  10
0.357426  0.0641379  510  10  -0.25  0.05  Sig  40  10
0.287548  0.0661107  510  10  -0.15  0.05  Sig  -40  10
0.589394  0.0257006  510  10  -0.15  0.05  Sig  -20  10
0.674887  0.0124822  510  10  -0.15  0.05  Sig  0  10
0.613862  0.0267389  510  10  -0.15  0.05  Sig  20  10
0.294043  0.0683838  510  10  -0.15  0.05  Sig  40  10
0.209022  0.0738528  510  10  -0.05  0.05  Sig  -40  10
0.591518  0.0276284  510  10  -0.05  0.05  Sig  -20  10
0.66636  0.0134117  510  10  -0.05  0.05  Sig  0  10
0.594487  0.0297068  510  10  -0.05  0.05  Sig  20  10
0.125428  0.0775159  510  10  -0.05  0.05  Sig  40  10
0.0970677  0.0827661  510  10  0.05  0.05  Sig  -40  10
0.548754  0.0301105  510  10  0.05  0.05  Sig  -20  10
0.629666  0.014836  510  10  0.05  0.05  Sig  0  10
0.531315  0.0320267  510  10  0.05  0.05  Sig  20  10
0.183252  0.0863085  510  10  0.05  0.05  Sig  40  10
0.128587  0.105325  510  10  0.15  0.05  Sig  -40  10
0.542012  0.0379284  510  10  0.15  0.05  Sig  -20  10
0.620251  0.0197298  510  10  0.15  0.05  Sig  0  10
0.473291  0.0405422  510  10  0.15  0.05  Sig  20  10
0.341026  0.107528  510  10  0.15  0.05  Sig  40  10
0.18242  0.129038  510  10  0.25  0.05  Sig  -40  10
0.361809  0.0521581  510  10  0.25  0.05  Sig  -20  10
0.505068  0.0302349  510  10  0.25  0.05  Sig  0  10
0.421036  0.0546504  510  10  0.25  0.05  Sig  20  10
0.0217445  0.133917  510  10  0.25  0.05  Sig  40  10
0.031067  0.153694  510  10  0.35  0.05  Sig  -40  10
0.319731  0.0750858  510  10  0.35  0.05  Sig  -20  10
0.356416  0.0539837  510  10  0.35  0.05  Sig  0  10
0.358562  0.0829026  510  10  0.35  0.05  Sig  20  10
-0.159698  0.171036  510  10  0.35  0.05  Sig  40  10
0.0454433  0.202485  510  10  0.45  0.05  Sig  -40  10
0.232282  0.123336  510  10  0.45  0.05  Sig  -20  10
0.406851  0.093678  510  10  0.45  0.05  Sig  0  10
0.2775  0.12785  510  10  0.45  0.05  Sig  20  10
0.525878  0.216794  510  10  0.45  0.05  Sig  40  10
-0.378783  0.302917  510  10  0.55  0.05  Sig  -40  10
0.0831339  0.201387  510  10  0.55  0.05  Sig  -20  10
0.276105  0.157312  510  10  0.55  0.05  Sig  0  10
0.156552  0.171142  510  10  0.55  0.05  Sig  20  10
-0.178654  0.300439  510  10  0.55  0.05  Sig  40  10
-0.838509  0.397259  510  10  0.65  0.05  Sig  -40  10
0.0487723  0.315617  510  10  0.65  0.05  Sig  -20  10
0.269956  0.241418  510  10  0.65  0.05  Sig  0  10
0.346234  0.312081  510  10  0.65  0.05  Sig  20  10
-0.108902  0.462673  510  10  0.65  0.05  Sig  40  10
1.22244  0.748992  510  10  0.75  0.05  Sig  -40  10
0.253925  0.639591  510  10  0.75  0.05  Sig  -20  10
-1.40609  0.755748  510  10  0.75  0.05  Sig  0  10
1.29215  0.887624  510  10  0.75  0.05  Sig  20  10
-0.698601  1.07962  510  10  0.75  0.05  Sig  40  10
0.212302  0.502794  510  10  0.85  0.05  Sig  -40  10
-0.448754  0.339301  510  10  0.85  0.05  Sig  -20  10
-0.888678  0.658632  510  10  0.85  0.05  Sig  0  10
0.893665  0.567139  510  10  0.85  0.05  Sig  20  10
1.11263  0.558833  510  10  0.85  0.05  Sig  40  10
0  0  510  10  0.95  0.05  Sig  -40  10
0  0  510  10  0.95  0.05  Sig  -20  10
0  0  510  10  0.95  0.05  Sig  0  10
0  0  510  10  0.95  0.05  Sig  20  10
0  0  510  10  0.95  0.05  Sig  40  10
0.166332  0.155276  530  10  -0.95  0.05  Sig  -40  10
0.581987  0.146858  530  10  -0.95  0.05  Sig  -20  10
0.667177  0.117886  530  10  -0.95  0.05  Sig  0  10
0.60552  0.136439  530  10  -0.95  0.05  Sig  20  10
0.371045  0.158773  530  10  -0.95  0.05  Sig  40  10
0.249817  0.0855521  530  10  -0.85  0.05  Sig  -40  10
0.480102  0.0607745  530  10  -0.85  0.05  Sig  -20  10
0.625961  0.0483371  530  10  -0.85  0.05  Sig  0  10
0.451868  0.065365  530  10  -0.85  0.05  Sig  20  10
0.146772  0.0852954  530  10  -0.85  0.05  Sig  40  10
0.272942  0.065811  530  10  -0.75  0.05  Sig  -40  10
0.585402  0.0403393  530  10  -0.75  0.05  Sig  -20  10
0.710432  0.0257721  530  10  -0.75  0.05  Sig  0  10
0.58538  0.0416001  530  10  -0.75  0.05  Sig  20  10
0.238602  0.0674902  530  10  -0.75  0.05  Sig  40  10
0.183782  0.0608535  530  10  -0.65  0.05  Sig  -40  10
0.635377  0.0327501  530  10  -0.65  0.05  Sig  -20  10
0.76999  0.0186237  530  10  -0.65  0.05  Sig  0  10
0.622629  0.0334808  530  10  -0.65  0.05  Sig  20  10
0.178668  0.0627637  530  10  -0.65  0.05  Sig  40  10
0.384418  0.0583138  530  10  -0.55  0.05  Sig  -40  10
0.655828  0.0292586  530  10  -0.55  0.05  Sig  -20  10
0.768473  0.0158895  530  10  -0.55  0.05  Sig  0  10
0.627468  0.0310099  530  10  -0.55  0.05  Sig  20  10
0.319099  0.0607222  530  10  -0.55  0.05  Sig  40  10
0.291265  0.0581151  530  10  -0.45  0.05  Sig  -40  10
0.693071  0.0273983  530  10  -0.45  0.05  Sig  -20  10
0.75708  0.0139731  530  10  -0.45  0.05  Sig  0  10
0.612524  0.028249  530  10  -0.45  0.05  Sig  20  10
0.361612  0.0579554  530  10  -0.45  0.05  Sig  40  10
0.194618  0.0598283  530  10  -0.35  0.05  Sig  -40  10
0.632898  0.0266544  530  10  -0.35  0.05  Sig  -20  10
0.726637  0.013217  530  10  -0.35  0.05  Sig  0  10
0.618708  0.0274843  530  10  -0.35  0.05  Sig  20  10
0.2099  0.0600554  530  10  -0.35  0.05  Sig  40  10
0.246213  0.0602898  530  10  -0.25  0.05  Sig  -40  10
0.616754  0.0257227  530  10  -0.25  0.05  Sig  -20  10
0.751683  0.012776  530  10  -0.25  0.05  Sig  0  10
0.604157  0.0267342  530  10  -0.25  0.05  Sig  20  10
0.25811  0.0599296  530  10  -0.25  0.05  Sig  40  10
0.40767  0.0672474  530  10  -0.15  0.05  Sig  -40  10
0.610855  0.0268616  530  10  -0.15  0.05  Sig  -20  10
0.643275  0.0130486  530  10  -0.15  0.05  Sig  0  10
0.634763  0.0278967  530  10  -0.15  0.05  Sig  20  10
0.202101  0.0644997  530  10  -0.15  0.05  Sig  40  10
0.297008  0.0698673  530  10  -0.05  0.05  Sig  -40  10
0.618351  0.0279662  530  10  -0.05  0.05  Sig  -20  10
0.669614  0.0133928  530  10  -0.05  0.05  Sig  0  10
0.601961  0.0293545  530  10  -0.05  0.05  Sig  20  10
0.282128  0.0754084  530  10  -0.05  0.05  Sig  40  10
0.191977  0.0856838  530  10  0.05  0.05  Sig  -40  10
0.539054  0.0308092  530  10  0.05  0.05  Sig  -20  10
0.616792  0.0146345  530  10  0.05  0.05  Sig  0  10
0.473616  0.0327195  530  10  0.05  0.05  Sig  20  10
0.139744  0.0876345  530  10  0.05  0.05  Sig  40  10
0.192512  0.0904054  530  10  0.15  0.05  Sig  -40  10
0.536461  0.0353271  530  10  0.15  0.05  Sig  -20  10
0.563612  0.0172692  530  10  0.15  0.05  Sig  0  10
0.442842  0.0373647  530  10  0.15  0.05  Sig  20  10
0.248522  0.103975  530  10  0.15  0.05  Sig  40  10
-0.0390891  0.111887  530  10  0.25  0.05  Sig  -40  10
0.32205  0.0446162  530  10  0.25  0.05  Sig  -20  10
0.534836  0.0237519  530  10  0.25  0.05  Sig  0  10
0.459764  0.0476548  530  10  0.25  0.05  Sig  20  10
0.143721  0.112794  530  10  0.25  0.05  Sig  40  10
0.00888996  0.139134  530  10  0.35  0.05  Sig  -40  10
0.346726  0.0643838  530  10  0.35  0.05  Sig  -20  10
0.461147  0.0406013  530  10  0.35  0.05  Sig  0  10
0.28052  0.0701003  530  10  0.35  0.05  Sig  20  10
0.0623285  0.149764  530  10  0.35  0.05  Sig  40  10
-0.0178727  0.1996  530  10  0.45  0.05  Sig  -40  10
0.314119  0.100147  530  10  0.45  0.05  Sig  -20  10
0.380816  0.0790623  530  10  0.45  0.05  Sig  0  10
0.170707  0.106474  530  10  0.45  0.05  Sig  20  10
-0.0418327  0.214376  530  10  0.45  0.05  Sig  40  10
-0.371433  0.269511  530  10  0.55  0.05  Sig  -40  10
0.0857919  0.165662  530  10  0.55  0.05  Sig  -20  10
0.399117  0.143281  530  10  0.55  0.05  Sig  0  10
0.269419  0.157134  530  10  0.55  0.05  Sig  20  10
-0.0409128  0.252833  530  10  0.55  0.05  Sig  40  10
0.0618485  0.403475  530  10  0.65  0.05  Sig  -40  10
-0.303413  0.259596  530  10  0.65  0.05  Sig  -20  10
0.198389  0.21944  530  10  0.65  0.05  Sig  0  10
0.147898  0.275922  530  10  0.65  0.05  Sig  20  10
0.275422  0.415263  530  10  0.65  0.05  Sig  40  10
-1.30848  0.593308  530  10  0.75  0.05  Sig  -40  10
0.503713  0.365742  530  10  0.75  0.05  Sig  -20  10
0.471766  0.590137  530  10  0.75  0.05  Sig  0  10
-0.776068  0.580159  530  10  0.75  0.05  Sig  20  10
-0.255209  0.461025  530  10  0.75  0.05  Sig  40  10
0.607916  0.316401  530  10  0.85  0.05  Sig  -40  10
-0.106401  0.264248  530  10  0.85  0.05  Sig  -20  10
0.154182  0.272501  530  10  0.85  0.05  Sig  0  10
-0.0755776  0.314496  530  10  0.85  0.05  Sig  20  10
-0.119827  0.36826  530  10  0.85  0.05  Sig  40  10
0  0  530  10  0.95  0.05  Sig  -40  10
0  0  530  10  0.95  0.05  Sig  -20  10
0  0  530  10  0.95  0.05  Sig  0  10
0  0  530  10  0.95  0.05  Sig  20  10
0  0  530  10  0.95  0.05  Sig  40  10
0.233506  0.146657  550  10  -0.95  0.05  Sig  -40  10
0.421947  0.133435  550  10  -0.95  0.05  Sig  -20  10
0.301087  0.120101  550  10  -0.95  0.05  Sig  0  10
0.347292  0.13974  550  10  -0.95  0.05  Sig  20  10
0.221432  0.156631  550  10  -0.95  0.05  Sig  40  10
0.165433  0.0901189  550  10  -0.85  0.05  Sig  -40  10
0.425825  0.0708032  550  10  -0.85  0.05  Sig  -20  10
0.558008  0.0532966  550  10  -0.85  0.05  Sig  0  10
0.40037  0.0711226  550  10  -0.85  0.05  Sig  20  10
-0.0161296  0.0912482  550  10  -0.85  0.05  Sig  40  10
0.232933  0.0727367  550  10  -0.75  0.05  Sig  -40  10
0.426758  0.0462735  550  10  -0.75  0.05  Sig  -20  10
0.707181  0.0291549  550  10  -0.75  0.05  Sig  0  10
0.472805  0.0473543  550  10  -0.75  0.05  Sig  20  10
0.133776  0.074267  550  10  -0.75  0.05  Sig  40  10
0.123405  0.0653815  550  10  -0.65  0.05  Sig  -40  10
0.640096  0.0361141  550  10  -0.65  0.05  Sig  -20  10
0.716256  0.0207184  550  10  -0.65  0.05  Sig  0  10
0.476895  0.0369992  550  10  -0.65  0.05  Sig  20  10
0.259404  0.0652667  550  10  -0.65  0.05  Sig  40  10
0.23075  0.0618295  550  10  -0.55  0.05  Sig  -40  10
0.675511  0.0315756  550  10  -0.55  0.05  Sig  -20  10
0.748184  0.0168207  550  10  -0.55  0.05  Sig  0  10
0.603166  0.032326  550  10  -0.55  0.05  Sig  20  10
0.219937  0.0604228  550  10  -0.55  0.05  Sig  40  10
0.198529  0.0603882  550  10  -0.45  0.05  Sig  -40  10
0.611528  0.0298712  550  10  -0.45  0.05  Sig  -20  10
0.72965  0.0154335  550  10  -0.45  0.05  Sig  0  10
0.618568  0.0309457  550  10  -0.45  0.05  Sig  20  10
0.187566  0.0612152  550  10  -0.45  0.05  Sig  40  10
0.195088  0.0643801  550  10  -0.35  0.05  Sig  -40  10
0.618809  0.0294385  550  10  -0.35  0.05  Sig  -20  10
0.725436  0.014776  550  10  -0.35  0.05  Sig  0  10
0.554073  0.030409  550  10  -0.35  0.05  Sig  20  10
0.166871  0.0640663  550  10  -0.35  0.05  Sig  40  10
0.252855  0.0642611  550  10  -0.25  0.05  Sig  -40  10
0.612215  0.0283904  550  10  -0.25  0.05  Sig  -20  10
0.718171  0.0138794  550  10  -0.25  0.05  Sig  0  10
0.59067  0.0296256  550  10  -0.25  0.05  Sig  20  10
0.141502  0.0664535  550  10  -0.25  0.05  Sig  40  10
0.171955  0.071702  550  10  -0.15  0.05  Sig  -40  10
0.587851  0.0296142  550  10  -0.15  0.05  Sig  -20  10
0.665497  0.0141354  550  10  -0.15  0.05  Sig  0  10
0.58721  0.0312362  550  10  -0.15  0.05  Sig  20  10
0.302194  0.0748493  550  10  -0.15  0.05  Sig  40  10
0.292403  0.0771922  550  10  -0.05  0.05  Sig  -40  10
0.539567  0.0312255  550  10  -0.05  0.05  Sig  -20  10
0.65908  0.014459  550  10  -0.05  0.05  Sig  0  10
0.554535  0.0315079  550  10  -0.05  0.05  Sig  20  10
0.255021  0.078958  550  10  -0.05  0.05  Sig  40  10
0.0764642  0.0871658  550  10  0.05  0.05  Sig  -40  10
0.517127  0.0320482  550  10  0.05  0.05  Sig  -20  10
0.616698  0.0152117  550  10  0.05  0.05  Sig  0  10
0.494377  0.0339898  550  10  0.05  0.05  Sig  20  10
0.265877  0.0859007  550  10  0.05  0.05  Sig  40  10
0.23239  0.095308  550  10  0.15  0.05  Sig  -40  10
0.441734  0.0372473  550  10  0.15  0.05  Sig  -20  10
0.578512  0.0174691  550  10  0.15  0.05  Sig  0  10
0.486104  0.0387281  550  10  0.15  0.05  Sig  20  10
0.295514  0.100217  550  10  0.15  0.05  Sig  40  10
-0.00153415  0.119084  550  10  0.25  0.05  Sig  -40  10
0.43313  0.0453909  550  10  0.25  0.05  Sig  -20  10
0.563615  0.0236201  550  10  0.25  0.05  Sig  0  10
0.374754  0.0490323  550  10  0.25  0.05  Sig  20  10
0.0255908  0.115813  550  10  0.25  0.05  Sig  40  10
0.0357121  0.149374  550  10  0.35  0.05  Sig  -40  10
0.462065  0.0660441  550  10  0.35  0.05  Sig  -20  10
0.436996  0.0373706  550  10  0.35  0.05  Sig  0  10
0.319603  0.0663009  550  10  0.35  0.05  Sig  20  10
-0.142445  0.174676  550  10  0.35  0.05  Sig  40  10
-0.0793866  0.181715  550  10  0.45  0.05  Sig  -40  10
0.166504  0.100829  550  10  0.45  0.05  Sig  -20  10
0.305545  0.072413  550  10  0.45  0.05  Sig  0  10
-0.0241142  0.106197  550  10  0.45  0.05  Sig  20  10
-0.0136552  0.184029  550  10  0.45  0.05  Sig  40  10
0.13197  0.213063  550  10  0.55  0.05  Sig  -40  10
-0.244623  0.159296  550  10  0.55  0.05  Sig  -20  10
-0.127098  0.129751  550  10  0.55  0.05  Sig  0  10
0.281914  0.145867  550  10  0.55  0.05  Sig  20  10
0.344259  0.254263  550  10  0.55  0.05  Sig  40  10
-0.363896  0.315016  550  10  0.65  0.05  Sig  -40  10
0.28493  0.195576  550  10  0.65  0.05  Sig  -20  10
-0.211936  0.183893  550  10  0.65  0.05  Sig  0  10
-0.23455  0.200756  550  10  0.65  0.05  Sig  20  10
-0.409252  0.30302  550  10  0.65  0.05  Sig  40  10
-0.00627836  0.611458  550  10  0.75  0.05  Sig  -40  10
-0.451288  0.442287  550  10  0.75  0.05  Sig  -20  10
0.108423  0.563169  550  10  0.75  0.05  Sig  0  10
-0.106025  0.522624  550  10  0.75  0.05  Sig  20  10
0.554062  0.643182  550  10  0.75  0.05  Sig  40  10
-7.90467e-06  29.3285  550  10  0.85  0.05  Sig  -40  10
-0.000541026  7.51779  550  10  0.85  0.05  Sig  -20  10
-9.88141e-05  5.40298  550  10  0.85  0.05  Sig  0  10
2.58534e-05  47.2915  550  10  0.85  0.05  Sig  20  10
0.00178691  6.60543  550  10  0.85  0.05  Sig  40  10
0  0  550  10  0.95  0.05  Sig  -40  10
0  0  550  10  0.95  0.05  Sig  -20  10
0  0  550  10  0.95  0.05  Sig  0  10
0  0  550  10  0.95  0.05  Sig  20  10
0  0  550  10  0.95  0.05  Sig  40  10
0.0231031  0.101223  570  10  -0.95  0.05  Sig  -40  10
0.212056  0.0903285  570  10  -0.95  0.05  Sig  -20  10
0.30765  0.0783631  570  10  -0.95  0.05  Sig  0  10
0.128313  0.0980136  570  10  -0.95  0.05  Sig  20  10
0.181647  0.10519  570  10  -0.95  0.05  Sig  40  10
0.0353441  0.061376  570  10  -0.85  0.05  Sig  -40  10
0.308849  0.0490583  570  10  -0.85  0.05  Sig  -20  10
0.457058  0.0384944  570  10  -0.85  0.05  Sig  0  10
0.283208  0.0484318  570  10  -0.85  0.05  Sig  20  10
0.155652  0.0607966  570  10  -0.85  0.05  Sig  40  10
0.149787  0.0508492  570  10  -0.75  0.05  Sig  -40  10
0.382628  0.0342676  570  10  -0.75  0.05  Sig  -20  10
0.627401  0.021747  570  10  -0.75  0.05  Sig  0  10
0.431964  0.034656  570  10  -0.75  0.05  Sig  20  10
0.0447814  0.0515704  570  10  -0.75  0.05  Sig  40  10
0.143734  0.0465498  570  10  -0.65  0.05  Sig  -40  10
0.547886  0.0276172  570  10  -0.65  0.05  Sig  -20  10
0.693739  0.0156954  570  10  -0.65  0.05  Sig  0  10
0.468452  0.0288844  570  10  -0.65  0.05  Sig  20  10
0.0607028  0.0471029  570  10  -0.65  0.05  Sig  40  10
0.182554  0.0451716  570  10  -0.55  0.05  Sig  -40  10
0.518889  0.024877  570  10  -0.55  0.05  Sig  -20  10
0.697498  0.0132243  570  10  -0.55  0.05  Sig  0  10
0.507464  0.0258472  570  10  -0.55  0.05  Sig  20  10
0.143655  0.0446386  570  10  -0.55  0.05  Sig  40  10
0.0547491  0.0439822  570  10  -0.45  0.05  Sig  -40  10
0.542109  0.0230268  570  10  -0.45  0.05  Sig  -20  10
0.728024  0.011641  570  10  -0.45  0.05  Sig  0  10
0.518508  0.0238269  570  10  -0.45  0.05  Sig  20  10
0.136513  0.0441612  570  10  -0.45  0.05  Sig  40  10
0.123293  0.0436463  570  10  -0.35  0.05  Sig  -40  10
0.561619  0.0220065  570  10  -0.35  0.05  Sig  -20  10
0.710013  0.0109272  570  10  -0.35  0.05  Sig  0  10
0.534579  0.0227794  570  10  -0.35  0.05  Sig  20  10
0.187889  0.0449315  570  10  -0.35  0.05  Sig  40  10
0.124498  0.0458574  570  10  -0.25  0.05  Sig  -40  10
0.54692  0.0221769  570  10  -0.25  0.05  Sig  -20  10
0.709502  0.0107226  570  10  -0.25  0.05  Sig  0  10
0.532281  0.022889  570  10  -0.25  0.05  Sig  20  10
0.152941  0.0471374  570  10  -0.25  0.05  Sig  40  10
0.153049  0.0497118  570  10  -0.15  0.05  Sig  -40  10
0.562953  0.022057  570  10  -0.15  0.05  Sig  -20  10
0.689234  0.0107048  570  10  -0.15  0.05  Sig  0  10
0.538323  0.0234501  570  10  -0.15  0.05  Sig  20  10
0.192287  0.0501177  570  10  -0.15  0.05  Sig  40  10
0.105305  0.0549928  570  10  -0.05  0.05  Sig  -40  10
0.535206  0.0229244  570  10  -0.05  0.05  Sig  -20  10
0.644522  0.0107818  570  10  -0.05  0.05  Sig  0  10
0.50567  0.0238375  570  10  -0.05  0.05  Sig  20  10
0.268156  0.0549912  570  10  -0.05  0.05  Sig  40  10
0.132362  0.0624969  570  10  0.05  0.05  Sig  -40  10
0.533149  0.0246656  570  10  0.05  0.05  Sig  -20  10
0.645116  0.0113322  570  10  0.05  0.05  Sig  0  10
0.504849  0.0252265  570  10  0.05  0.05  Sig  20  10
0.103974  0.0620422  570  10  0.05  0.05  Sig  40  10
0.126933  0.0710912  570  10  0.15  0.05  Sig  -40  10
0.469012  0.0266643  570  10  0.15  0.05  Sig  -20  10
0.575643  0.01246  570  10  0.15  0.05  Sig  0  10
0.427066  0.0276898  570  10  0.15  0.05  Sig  20  10
0.185666  0.0705409  570  10  0.15  0.05  Sig  40  10
0.112047  0.0845146  570  10  0.25  0.05  Sig  -40  10
0.457283  0.0318539  570  10  0.25  0.05  Sig  -20  10
0.520599  0.0155944  570  10  0.25  0.05  Sig  0  10
0.40881  0.0343426  570  10  0.25  0.05  Sig  20  10
0.05835  0.0849568  570  10  0.25  0.05  Sig  40  10
0.0787303  0.101895  570  10  0.35  0.05  Sig  -40  10
0.36197  0.0428405  570  10  0.35  0.05  Sig  -20  10
0.439767  0.0227975  570  10  0.35  0.05  Sig  0  10
0.348464  0.0442963  570  10  0.35  0.05  Sig  20  10
-0.0612905  0.108753  570  10  0.35  0.05  Sig  40  10
0.245891  0.113073  570  10  0.45  0.05  Sig  -40  10
0.107744  0.0626627  570  10  0.45  0.05  Sig  -20  10
0.275235  0.041296  570  10  0.45  0.05  Sig  0  10
0.297991  0.0661405  570  10  0.45  0.05  Sig  20  10
0.008593  0.137298  570  10  0.45  0.05  Sig  40  10
0.0717247  0.174444  570  10  0.55  0.05  Sig  -40  10
-0.0292586  0.106415  570  10  0.55  0.05  Sig  -20  10
0.156991  0.0884667  570  10  0.55  0.05  Sig  0  10
0.198728  0.110079  570  10  0.55  0.05  Sig  20  10
0.0458556  0.178752  570  10  0.55  0.05  Sig  40  10
-0.513807  0.316439  570  10  0.65  0.05  Sig  -40  10
0.0148087  0.206555  570  10  0.65  0.05  Sig  -20  10
0.0455849  0.157156  570  10  0.65  0.05  Sig  0  10
-0.0971138  0.187269  570  10  0.65  0.05  Sig  20  10
-0.253045  0.304919  570  10  0.65  0.05  Sig  40  10
0.0231414  0.396677  570  10  0.75  0.05  Sig  -40  10
-0.193394  0.30145  570  10  0.75  0.05  Sig  -20  10
-0.346262  0.247592  570  10  0.75  0.05  Sig  0  10
-0.0153767  0.325548  570  10  0.75  0.05  Sig  20  10
1.16993  0.323108  570  10  0.75  0.05  Sig  40  10
-1.15735  0.393096  570  10  0.85  0.05  Sig  -40  10
0.741585  0.427587  570  10  0.85  0.05  Sig  -20  10
0.756776  0.459549  570  10  0.85  0.05  Sig  0  10
0.73801  0.519481  570  10  0.85  0.05  Sig  20  10
1.62916  0.251607  570  10  0.85  0.05  Sig  40  10
0  0  570  10  0.95  0.05  Sig  -40  10
0  0  570  10  0.95  0.05  Sig  -20  10
0  0  570  10  0.95  0.05  Sig  0  10
0  0  570  10  0.95  0.05  Sig  20  10
0  0  570  10  0.95  0.05  Sig  40  10
0.0417277  0.0910556  590  10  -0.95  0.05  Sig  -40  10
0.177417  0.0819941  590  10  -0.95  0.05  Sig  -20  10
0.176324  0.0768855  590  10  -0.95  0.05  Sig  0  10
0.14565  0.0879213  590  10  -0.95  0.05  Sig  20  10
-0.0377984  0.100048  590  10  -0.95  0.05  Sig  40  10
-0.015161  0.0518092  590  10  -0.85  0.05  Sig  -40  10
0.210727  0.0406723  590  10  -0.85  0.05  Sig  -20  10
0.37415  0.0323614  590  10  -0.85  0.05  Sig  0  10
0.145735  0.0406673  590  10  -0.85  0.05  Sig  20  10
0.0400123  0.0500433  590  10  -0.85  0.05  Sig  40  10
0.0393593  0.0404842  590  10  -0.75  0.05  Sig  -40  10
0.35172  0.0275436  590  10  -0.75  0.05  Sig  -20  10
0.57412  0.0181445  590  10  -0.75  0.05  Sig  0  10
0.344586  0.0286486  590  10  -0.75  0.05  Sig  20  10
-0.0923217  0.0385637  590  10  -0.75  0.05  Sig  40  10
0.0498407  0.0361624  590  10  -0.65  0.05  Sig  -40  10
0.397203  0.0229573  590  10  -0.65  0.05  Sig  -20  10
0.70526  0.0130176  590  10  -0.65  0.05  Sig  0  10
0.420839  0.0235146  590  10  -0.65  0.05  Sig  20  10
0.0157729  0.0375427  590  10  -0.65  0.05  Sig  40  10
0.0321213  0.0352593  590  10  -0.55  0.05  Sig  -40  10
0.470575  0.0205859  590  10  -0.55  0.05  Sig  -20  10
0.717711  0.0109117  590  10  -0.55  0.05  Sig  0  10
0.476966  0.0210554  590  10  -0.55  0.05  Sig  20  10
-0.0258642  0.03626  590  10  -0.55  0.05  Sig  40  10
0.0434807  0.0345187  590  10  -0.45  0.05  Sig  -40  10
0.479504  0.018964  590  10  -0.45  0.05  Sig  -20  10
0.719471  0.00970916  590  10  -0.45  0.05  Sig  0  10
0.447086  0.0195455  590  10  -0.45  0.05  Sig  20  10
0.029846  0.0354337  590  10  -0.45  0.05  Sig  40  10
0.0601969  0.0348164  590  10  -0.35  0.05  Sig  -40  10
0.44436  0.0186209  590  10  -0.35  0.05  Sig  -20  10
0.720505  0.00901153  590  10  -0.35  0.05  Sig  0  10
0.500893  0.0191468  590  10  -0.35  0.05  Sig  20  10
0.0832725  0.0348222  590  10  -0.35  0.05  Sig  40  10
0.0771396  0.0367992  590  10  -0.25  0.05  Sig  -40  10
0.517025  0.0180401  590  10  -0.25  0.05  Sig  -20  10
0.700324  0.00881395  590  10  -0.25  0.05  Sig  0  10
0.497758  0.0188836  590  10  -0.25  0.05  Sig  20  10
0.111907  0.0372563  590  10  -0.25  0.05  Sig  40  10
0.0987627  0.0384038  590  10  -0.15  0.05  Sig  -40  10
0.492327  0.0187106  590  10  -0.15  0.05  Sig  -20  10
0.685978  0.00874788  590  10  -0.15  0.05  Sig  0  10
0.454075  0.0193814  590  10  -0.15  0.05  Sig  20  10
0.0791698  0.0399501  590  10  -0.15  0.05  Sig  40  10
-0.0462578  0.0416831  590  10  -0.05  0.05  Sig  -40  10
0.509466  0.0189063  590  10  -0.05  0.05  Sig  -20  10
0.66374  0.00882545  590  10  -0.05  0.05  Sig  0  10
0.482053  0.0197629  590  10  -0.05  0.05  Sig  20  10
0.0697672  0.0430294  590  10  -0.05  0.05  Sig  40  10
0.0984319  0.0481893  590  10  0.05  0.05  Sig  -40  10
0.510269  0.020025  590  10  0.05  0.05  Sig  -20  10
0.644787  0.00929832  590  10  0.05  0.05  Sig  0  10
0.471508  0.0208747  590  10  0.05  0.05  Sig  20  10
0.0234357  0.0478809  590  10  0.05  0.05  Sig  40  10
0.166896  0.0544429  590  10  0.15  0.05  Sig  -40  10
0.442826  0.0216596  590  10  0.15  0.05  Sig  -20  10
0.597273  0.0100547  590  10  0.15  0.05  Sig  0  10
0.413673  0.0227936  590  10  0.15  0.05  Sig  20  10
0.0978296  0.0564636  590  10  0.15  0.05  Sig  40  10
0.266799  0.0644451  590  10  0.25  0.05  Sig  -40  10
0.471028  0.0246097  590  10  0.25  0.05  Sig  -20  10
0.544632  0.0117464  590  10  0.25  0.05  Sig  0  10
0.410077  0.0261317  590  10  0.25  0.05  Sig  20  10
0.145052  0.0656336  590  10  0.25  0.05  Sig  40  10
0.151697  0.0799068  590  10  0.35  0.05  Sig  -40  10
0.339841  0.0325939  590  10  0.35  0.05  Sig  -20  10
0.457989  0.0159968  590  10  0.35  0.05  Sig  0  10
0.286321  0.0349023  590  10  0.35  0.05  Sig  20  10
0.0550026  0.0813721  590  10  0.35  0.05  Sig  40  10
0.129406  0.112367  590  10  0.45  0.05  Sig  -40  10
0.338858  0.0490716  590  10  0.45  0.05  Sig  -20  10
0.337332  0.0285515  590  10  0.45  0.05  Sig  0  10
0.23302  0.0481311  590  10  0.45  0.05  Sig  20  10
0.0582635  0.110243  590  10  0.45  0.05  Sig  40  10
0.0650756  0.117819  590  10  0.55  0.05  Sig  -40  10
0.238056  0.0750014  590  10  0.55  0.05  Sig  -20  10
0.180586  0.0561032  590  10  0.55  0.05  Sig  0  10
0.146681  0.0794161  590  10  0.55  0.05  Sig  20  10
-0.023624  0.139268  590  10  0.55  0.05  Sig  40  10
0.06619  0.211959  590  10  0.65  0.05  Sig  -40  10
-0.14353  0.144769  590  10  0.65  0.05  Sig  -20  10
-0.0293835  0.126764  590  10  0.65  0.05  Sig  0  10
-0.0495315  0.15358  590  10  0.65  0.05  Sig  20  10
0.351603  0.2119  590  10  0.65  0.05  Sig  40  10
0.232123  0.310626  590  10  0.75  0.05  Sig  -40  10
-0.181371  0.265928  590  10  0.75  0.05  Sig  -20  10
0.103232  0.238211  590  10  0.75  0.05  Sig  0  10
0.231568  0.256868  590  10  0.75  0.05  Sig  20  10
0.254692  0.276022  590  10  0.75  0.05  Sig  40  10
-0.489023  0.607946  590  10  0.85  0.05  Sig  -40  10
1.03654  0.535132  590  10  0.85  0.05  Sig  -20  10
-0.387263  0.482646  590  10  0.85  0.05  Sig  0  10
-0.49263  0.50482  590  10  0.85  0.05  Sig  20  10
-1.47892  0.252169  590  10  0.85  0.05  Sig  40  10
0  0  590  10  0.95  0.05  Sig  -40  10
0  0  590  10  0.95  0.05  Sig  -20  10
0  0  590  10  0.95  0.05  Sig  0  10
0  0  590  10  0.95  0.05  Sig  20  10
0  0  590  10  0.95  0.05  Sig  40  10
0.0767316  0.0767672  610  10  -0.95  0.05  Sig  -40  10
0.180793  0.0721769  610  10  -0.95  0.05  Sig  -20  10
0.22913  0.0580531  610  10  -0.95  0.05  Sig  0  10
0.166952  0.0699544  610  10  -0.95  0.05  Sig  20  10
0.0588008  0.0770006  610  10  -0.95  0.05  Sig  40  10
-0.148316  0.0469177  610  10  -0.85  0.05  Sig  -40  10
0.132746  0.0409192  610  10  -0.85  0.05  Sig  -20  10
0.377064  0.0324198  610  10  -0.85  0.05  Sig  0  10
0.153926  0.0406954  610  10  -0.85  0.05  Sig  20  10
-0.126899  0.0479205  610  10  -0.85  0.05  Sig  40  10
-0.0618563  0.0413079  610  10  -0.75  0.05  Sig  -40  10
0.234107  0.0301665  610  10  -0.75  0.05  Sig  -20  10
0.55041  0.0191959  610  10  -0.75  0.05  Sig  0  10
0.282903  0.030168  610  10  -0.75  0.05  Sig  20  10
-0.10862  0.0405075  610  10  -0.75  0.05  Sig  40  10
-0.0675325  0.0377996  610  10  -0.65  0.05  Sig  -40  10
0.345564  0.0246442  610  10  -0.65  0.05  Sig  -20  10
0.637648  0.0142486  610  10  -0.65  0.05  Sig  0  10
0.327131  0.0252503  610  10  -0.65  0.05  Sig  20  10
-0.0170546  0.0383905  610  10  -0.65  0.05  Sig  40  10
0.0116348  0.0357539  610  10  -0.55  0.05  Sig  -40  10
0.377992  0.0216996  610  10  -0.55  0.05  Sig  -20  10
0.693626  0.0115479  610  10  -0.55  0.05  Sig  0  10
0.357073  0.0224409  610  10  -0.55  0.05  Sig  20  10
-0.017556  0.0361031  610  10  -0.55  0.05  Sig  40  10
0.018318  0.034979  610  10  -0.45  0.05  Sig  -40  10
0.384482  0.0202025  610  10  -0.45  0.05  Sig  -20  10
0.699007  0.0102329  610  10  -0.45  0.05  Sig  0  10
0.409948  0.0207735  610  10  -0.45  0.05  Sig  20  10
0.0234684  0.0349889  610  10  -0.45  0.05  Sig  40  10
-0.0559721  0.0352273  610  10  -0.35  0.05  Sig  -40  10
0.421429  0.0195854  610  10  -0.35  0.05  Sig  -20  10
0.72186  0.00960353  610  10  -0.35  0.05  Sig  0  10
0.413909  0.0202897  610  10  -0.35  0.05  Sig  20  10
-0.0436405  0.0360418  610  10  -0.35  0.05  Sig  40  10
-0.0190497  0.0376307  610  10  -0.25  0.05  Sig  -40  10
0.395304  0.0194833  610  10  -0.25  0.05  Sig  -20  10
0.706556  0.00927236  610  10  -0.25  0.05  Sig  0  10
0.44381  0.0201432  610  10  -0.25  0.05  Sig  20  10
0.0366609  0.0372267  610  10  -0.25  0.05  Sig  40  10
0.0775801  0.0396579  610  10  -0.15  0.05  Sig  -40  10
0.46812  0.0194093  610  10  -0.15  0.05  Sig  -20  10
0.721098  0.00914175  610  10  -0.15  0.05  Sig  0  10
0.4612  0.0200562  610  10  -0.15  0.05  Sig  20  10
-0.0175922  0.0402882  610  10  -0.15  0.05  Sig  40  10
0.0655519  0.04259  610  10  -0.05  0.05  Sig  -40  10
0.460725  0.0202167  610  10  -0.05  0.05  Sig  -20  10
0.682898  0.00935121  610  10  -0.05  0.05  Sig  0  10
0.457785  0.0213212  610  10  -0.05  0.05  Sig  20  10
0.0289725  0.0436184  610  10  -0.05  0.05  Sig  40  10
0.126912  0.0493472  610  10  0.05  0.05  Sig  -40  10
0.461765  0.0210448  610  10  0.05  0.05  Sig  -20  10
0.667218  0.00966448  610  10  0.05  0.05  Sig  0  10
0.426153  0.0217978  610  10  0.05  0.05  Sig  20  10
0.0250622  0.0502903  610  10  0.05  0.05  Sig  40  10
0.10514  0.0576293  610  10  0.15  0.05  Sig  -40  10
0.468156  0.0231954  610  10  0.15  0.05  Sig  -20  10
0.645596  0.0105303  610  10  0.15  0.05  Sig  0  10
0.452395  0.024524  610  10  0.15  0.05  Sig  20  10
0.146475  0.0589248  610  10  0.15  0.05  Sig  40  10
0.0105172  0.0664858  610  10  0.25  0.05  Sig  -40  10
0.447854  0.0257555  610  10  0.25  0.05  Sig  -20  10
0.59099  0.0118457  610  10  0.25  0.05  Sig  0  10
0.435957  0.0275286  610  10  0.25  0.05  Sig  20  10
0.0305805  0.0685024  610  10  0.25  0.05  Sig  40  10
0.0893813  0.0764396  610  10  0.35  0.05  Sig  -40  10
0.371734  0.0314758  610  10  0.35  0.05  Sig  -20  10
0.499052  0.0151353  610  10  0.35  0.05  Sig  0  10
0.351174  0.0335544  610  10  0.35  0.05  Sig  20  10
0.0320377  0.0791473  610  10  0.35  0.05  Sig  40  10
0.0226765  0.0927038  610  10  0.45  0.05  Sig  -40  10
0.293093  0.042734  610  10  0.45  0.05  Sig  -20  10
0.439477  0.0229947  610  10  0.45  0.05  Sig  0  10
0.256912  0.0449564  610  10  0.45  0.05  Sig  20  10
0.151092  0.0968572  610  10  0.45  0.05  Sig  40  10
0.166346  0.153344  610  10  0.55  0.05  Sig  -40  10
0.181613  0.0702695  610  10  0.55  0.05  Sig  -20  10
0.264254  0.049829  610  10  0.55  0.05  Sig  0  10
0.0117057  0.0763145  610  10  0.55  0.05  Sig  20  10
-0.063944  0.140429  610  10  0.55  0.05  Sig  40  10
0.226301  0.173282  610  10  0.65  0.05  Sig  -40  10
0.025069  0.126064  610  10  0.65  0.05  Sig  -20  10
0.142006  0.103561  610  10  0.65  0.05  Sig  0  10
0.189664  0.127729  610  10  0.65  0.05  Sig  20  10
0.188493  0.216171  610  10  0.65  0.05  Sig  40  10
-0.564274  0.439395  610  10  0.75  0.05  Sig  -40  10
-0.159807  0.235355  610  10  0.75  0.05  Sig  -20  10
0.128413  0.202311  610  10  0.75  0.05  Sig  0  10
0.0566678  0.275202  610  10  0.75  0.05  Sig  20  10
0.12899  0.307861  610  10  0.75  0.05  Sig  40  10
0.703221  0.579626  610  10  0.85  0.05  Sig  -40  10
0.797568  1.05252  610  10  0.85  0.05  Sig  -20  10
0.101477  0.415494  610  10  0.85  0.05  Sig  0  10
0.654236  0.544217  610  10  0.85  0.05  Sig  20  10
-1.34378  0.508859  610  10  0.85  0.05  Sig  40  10
0  0  610  10  0.95  0.05  Sig  -40  10
0  0  610  10  0.95  0.05  Sig  -20  10
0  0  610  10  0.95  0.05  Sig  0  10
0  0  610  10  0.95  0.05  Sig  20  10
0  0  610  10  0.95  0.05  Sig  40  10
0.130101  0.154443  630  10  -0.95  0.05  Sig  -40  10
0.226214  0.155594  630  10  -0.95  0.05  Sig  -20  10
0.27584  0.142117  630  10  -0.95  0.05  Sig  0  10
0.217466  0.170439  630  10  -0.95  0.05  Sig  20  10
-0.477902  0.168492  630  10  -0.95  0.05  Sig  40  10
-0.299982  0.0800419  630  10  -0.85  0.05  Sig  -40  10
0.0731823  0.0752312  630  10  -0.85  0.05  Sig  -20  10
0.290985  0.0577442  630  10  -0.85  0.05  Sig  0  10
0.0465621  0.0723817  630  10  -0.85  0.05  Sig  20  10
-0.0401805  0.0863628  630  10  -0.85  0.05  Sig  40  10
0.0183909  0.0778388  630  10  -0.75  0.05  Sig  -40  10
0.174381  0.0583816  630  10  -0.75  0.05  Sig  -20  10
0.513408  0.0381797  630  10  -0.75  0.05  Sig  0  10
0.229826  0.0596484  630  10  -0.75  0.05  Sig  20  10
-0.0423953  0.0758984  630  10  -0.75  0.05  Sig  40  10
-0.168571  0.0670052  630  10  -0.65  0.05  Sig  -40  10
0.291787  0.0465955  630  10  -0.65  0.05  Sig  -20  10
0.642455  0.0262922  630  10  -0.65  0.05  Sig  0  10
0.279172  0.0456422  630  10  -0.65  0.05  Sig  20  10
-0.0633716  0.0675117  630  10  -0.65  0.05  Sig  40  10
-0.0468006  0.0639834  630  10  -0.55  0.05  Sig  -40  10
0.416994  0.041987  630  10  -0.55  0.05  Sig  -20  10
0.684418  0.0224439  630  10  -0.55  0.05  Sig  0  10
0.362395  0.042798  630  10  -0.55  0.05  Sig  20  10
-0.126829  0.0651337  630  10  -0.55  0.05  Sig  40  10
-0.0451997  0.0627305  630  10  -0.45  0.05  Sig  -40  10
0.361696  0.037549  630  10  -0.45  0.05  Sig  -20  10
0.696497  0.0193289  630  10  -0.45  0.05  Sig  0  10
0.32794  0.038429  630  10  -0.45  0.05  Sig  20  10
0.0149478  0.0639901  630  10  -0.45  0.05  Sig  40  10
0.0306842  0.0636482  630  10  -0.35  0.05  Sig  -40  10
0.403743  0.0357163  630  10  -0.35  0.05  Sig  -20  10
0.733503  0.0177101  630  10  -0.35  0.05  Sig  0  10
0.397094  0.0371902  630  10  -0.35  0.05  Sig  20  10
-0.12355  0.0629012  630  10  -0.35  0.05  Sig  40  10
-0.0497403  0.0712465  630  10  -0.25  0.05  Sig  -40  10
0.425525  0.0374493  630  10  -0.25  0.05  Sig  -20  10
0.750555  0.017707  630  10  -0.25  0.05  Sig  0  10
0.432877  0.0377399  630  10  -0.25  0.05  Sig  20  10
0.0305946  0.0667223  630  10  -0.25  0.05  Sig  40  10
0.12106  0.0715435  630  10  -0.15  0.05  Sig  -40  10
0.468281  0.0378518  630  10  -0.15  0.05  Sig  -20  10
0.739699  0.017688  630  10  -0.15  0.05  Sig  0  10
0.427998  0.0388848  630  10  -0.15  0.05  Sig  20  10
-0.117442  0.0733522  630  10  -0.15  0.05  Sig  40  10
-0.210851  0.0783489  630  10  -0.05  0.05  Sig  -40  10
0.488424  0.0380555  630  10  -0.05  0.05  Sig  -20  10
0.724843  0.017658  630  10  -0.05  0.05  Sig  0  10
0.362703  0.0397469  630  10  -0.05  0.05  Sig  20  10
0.123352  0.0810481  630  10  -0.05  0.05  Sig  40  10
-0.0605093  0.0871018  630  10  0.05  0.05  Sig  -40  10
0.394906  0.041427  630  10  0.05  0.05  Sig  -20  10
0.704448  0.0189676  630  10  0.05  0.05  Sig  0  10
0.494571  0.043012  630  10  0.05  0.05  Sig  20  10
0.199528  0.0901621  630  10  0.05  0.05  Sig  40  10
0.00745597  0.100876  630  10  0.15  0.05  Sig  -40  10
0.489997  0.0459888  630  10  0.15  0.05  Sig  -20  10
0.664104  0.0200295  630  10  0.15  0.05  Sig  0  10
0.453701  0.047041  630  10  0.15  0.05  Sig  20  10
0.139778  0.100291  630  10  0.15  0.05  Sig  40  10
0.213791  0.11856  630  10  0.25  0.05  Sig  -40  10
0.477963  0.047737  630  10  0.25  0.05  Sig  -20  10
0.624697  0.0221217  630  10  0.25  0.05  Sig  0  10
0.423492  0.0524101  630  10  0.25  0.05  Sig  20  10
0.189425  0.123605  630  10  0.25  0.05  Sig  40  10
-0.0562851  0.131202  630  10  0.35  0.05  Sig  -40  10
0.537454  0.0586625  630  10  0.35  0.05  Sig  -20  10
0.602999  0.0271822  630  10  0.35  0.05  Sig  0  10
0.427065  0.0614018  630  10  0.35  0.05  Sig  20  10
0.485674  0.138455  630  10  0.35  0.05  Sig  40  10
0.236043  0.147694  630  10  0.45  0.05  Sig  -40  10
0.432158  0.0706208  630  10  0.45  0.05  Sig  -20  10
0.525533  0.0381358  630  10  0.45  0.05  Sig  0  10
0.35105  0.0732748  630  10  0.45  0.05  Sig  20  10
0.232856  0.166486  630  10  0.45  0.05  Sig  40  10
0.199565  0.246368  630  10  0.55  0.05  Sig  -40  10
0.549755  0.123802  630  10  0.55  0.05  Sig  -20  10
0.324709  0.0826321  630  10  0.55  0.05  Sig  0  10
0.0960571  0.148047  630  10  0.55  0.05  Sig  20  10
-0.0127278  0.273846  630  10  0.55  0.05  Sig  40  10
-0.0317649  0.302204  630  10  0.65  0.05  Sig  -40  10
0.0745167  0.227721  630  10  0.65  0.05  Sig  -20  10
-0.211463  0.184582  630  10  0.65  0.05  Sig  0  10
-0.0782278  0.244504  630  10  0.65  0.05  Sig  20  10
0.708752  0.278246  630  10  0.65  0.05  Sig  40  10
0.878032  0.557513  630  10  0.75  0.05  Sig  -40  10
0.637689  0.39994  630  10  0.75  0.05  Sig  -20  10
-1.19089  0.378737  630  10  0.75  0.05  Sig  0  10
-0.627279  0.443966  630  10  0.75  0.05  Sig  20  10
-0.417727  0.432915  630  10  0.75  0.05  Sig  40  10
-1.2543  0.62313  630  10  0.85  0.05  Sig  -40  10
-1.03754  0.372839  630  10  0.85  0.05  Sig  -20  10
0.256399  0.611815  630  10  0.85  0.05  Sig  0  10
-0.388189  0.251487  630  10  0.85  0.05  Sig  20  10
0.356056  0.415152  630  10  0.85  0.05  Sig  40  10
0  0  630  10  0.95  0.05  Sig  -40  10
0  0  630  10  0.95  0.05  Sig  -20  10
0  0  630  10  0.95  0.05  Sig  0  10
0  0  630  10  0.95  0.05  Sig  20  10
0  0  630  10  0.95  0.05  Sig  40  10
