0.421017  0.137467  430  10  -0.95  0.05  Cut1
0.635082  0.07464  430  10  -0.85  0.05  Cut1
0.685308  0.0406199  430  10  -0.75  0.05  Cut1
0.67817  0.0284986  430  10  -0.65  0.05  Cut1
0.724605  0.0241341  430  10  -0.55  0.05  Cut1
0.712878  0.0227595  430  10  -0.45  0.05  Cut1
0.708938  0.0236001  430  10  -0.35  0.05  Cut1
0.769737  0.0263261  430  10  -0.25  0.05  Cut1
0.693399  0.0322086  430  10  -0.15  0.05  Cut1
0.712378  0.0417105  430  10  -0.05  0.05  Cut1
0.659886  0.0574647  430  10  0.05  0.05  Cut1
0.673975  0.0812593  430  10  0.15  0.05  Cut1
0.698633  0.11304  430  10  0.25  0.05  Cut1
0.843727  0.158315  430  10  0.35  0.05  Cut1
0.502051  0.213028  430  10  0.45  0.05  Cut1
1.07389  0.267407  430  10  0.55  0.05  Cut1
-0.701477  0.38013  430  10  0.65  0.05  Cut1
-0.191686  0.435208  430  10  0.75  0.05  Cut1
0.960265  0.559006  430  10  0.85  0.05  Cut1
-0.674332  0.984577  430  10  0.95  0.05  Cut1
0.500695  0.127375  450  10  -0.95  0.05  Cut1
0.61251  0.0618512  450  10  -0.85  0.05  Cut1
0.784182  0.0326107  450  10  -0.75  0.05  Cut1
0.702664  0.0228286  450  10  -0.65  0.05  Cut1
0.775243  0.0189618  450  10  -0.55  0.05  Cut1
0.750804  0.0173551  450  10  -0.45  0.05  Cut1
0.713691  0.0170665  450  10  -0.35  0.05  Cut1
0.698575  0.0178807  450  10  -0.25  0.05  Cut1
0.701712  0.0203942  450  10  -0.15  0.05  Cut1
0.671444  0.025453  450  10  -0.05  0.05  Cut1
0.674863  0.0349936  450  10  0.05  0.05  Cut1
0.641141  0.0507562  450  10  0.15  0.05  Cut1
0.573211  0.0741941  450  10  0.25  0.05  Cut1
0.365974  0.109329  450  10  0.35  0.05  Cut1
0.399487  0.158949  450  10  0.45  0.05  Cut1
0.219489  0.200191  450  10  0.55  0.05  Cut1
0.271882  0.255838  450  10  0.65  0.05  Cut1
1.36355  0.326586  450  10  0.75  0.05  Cut1
-1.11539  0.46889  450  10  0.85  0.05  Cut1
0.251206  1.13497  450  10  0.95  0.05  Cut1
0.623471  0.123034  470  10  -0.95  0.05  Cut1
0.691863  0.0566174  470  10  -0.85  0.05  Cut1
0.807665  0.0286047  470  10  -0.75  0.05  Cut1
0.758919  0.0199571  470  10  -0.65  0.05  Cut1
0.772459  0.0164413  470  10  -0.55  0.05  Cut1
0.761977  0.0148916  470  10  -0.45  0.05  Cut1
0.718773  0.0141925  470  10  -0.35  0.05  Cut1
0.699776  0.0141641  470  10  -0.25  0.05  Cut1
0.7052  0.0151055  470  10  -0.15  0.05  Cut1
0.704605  0.0175121  470  10  -0.05  0.05  Cut1
0.661174  0.0227694  470  10  0.05  0.05  Cut1
0.599375  0.0327687  470  10  0.15  0.05  Cut1
0.514783  0.049516  470  10  0.25  0.05  Cut1
0.490569  0.0766101  470  10  0.35  0.05  Cut1
0.446482  0.113062  470  10  0.45  0.05  Cut1
-0.0999137  0.16339  470  10  0.55  0.05  Cut1
0.678507  0.210416  470  10  0.65  0.05  Cut1
0.147888  0.291743  470  10  0.75  0.05  Cut1
0.444334  0.38744  470  10  0.85  0.05  Cut1
-0.123467  0.63129  470  10  0.95  0.05  Cut1
0.389473  0.141946  490  10  -0.95  0.05  Cut1
0.724319  0.0601696  490  10  -0.85  0.05  Cut1
0.784926  0.0306294  490  10  -0.75  0.05  Cut1
0.80566  0.02118  490  10  -0.65  0.05  Cut1
0.759121  0.01744  490  10  -0.55  0.05  Cut1
0.749828  0.0155501  490  10  -0.45  0.05  Cut1
0.766174  0.0145199  490  10  -0.35  0.05  Cut1
0.73618  0.0142701  490  10  -0.25  0.05  Cut1
0.701605  0.014579  490  10  -0.15  0.05  Cut1
0.701316  0.0158712  490  10  -0.05  0.05  Cut1
0.641652  0.019186  490  10  0.05  0.05  Cut1
0.621195  0.0264626  490  10  0.15  0.05  Cut1
0.596476  0.040844  490  10  0.25  0.05  Cut1
0.525821  0.0664335  490  10  0.35  0.05  Cut1
0.311196  0.100858  490  10  0.45  0.05  Cut1
-0.075733  0.153569  490  10  0.55  0.05  Cut1
-0.17076  0.220048  490  10  0.65  0.05  Cut1
-0.0155697  0.304116  490  10  0.75  0.05  Cut1
-0.0978175  0.388045  490  10  0.85  0.05  Cut1
-0.28976  0.941537  490  10  0.95  0.05  Cut1
0.384195  0.1293  510  10  -0.95  0.05  Cut1
0.77799  0.0511798  510  10  -0.85  0.05  Cut1
0.842971  0.0257264  510  10  -0.75  0.05  Cut1
0.79207  0.017855  510  10  -0.65  0.05  Cut1
0.787462  0.0145288  510  10  -0.55  0.05  Cut1
0.768069  0.0128136  510  10  -0.45  0.05  Cut1
0.742389  0.0119211  510  10  -0.35  0.05  Cut1
0.717689  0.0115076  510  10  -0.25  0.05  Cut1
0.701653  0.0114784  510  10  -0.15  0.05  Cut1
0.675713  0.0120165  510  10  -0.05  0.05  Cut1
0.664344  0.0136364  510  10  0.05  0.05  Cut1
0.655002  0.0175255  510  10  0.15  0.05  Cut1
0.5608  0.0262624  510  10  0.25  0.05  Cut1
0.428236  0.0437323  510  10  0.35  0.05  Cut1
0.554132  0.0712817  510  10  0.45  0.05  Cut1
0.243122  0.110879  510  10  0.55  0.05  Cut1
0.428737  0.160127  510  10  0.65  0.05  Cut1
-0.640039  0.22078  510  10  0.75  0.05  Cut1
0.381891  0.304104  510  10  0.85  0.05  Cut1
0.351441  0.613173  510  10  0.95  0.05  Cut1
0.8951  0.133282  530  10  -0.95  0.05  Cut1
0.765581  0.0557444  530  10  -0.85  0.05  Cut1
0.751367  0.0279915  530  10  -0.75  0.05  Cut1
0.802891  0.0193149  530  10  -0.65  0.05  Cut1
0.805135  0.0155344  530  10  -0.55  0.05  Cut1
0.790757  0.0135581  530  10  -0.45  0.05  Cut1
0.743062  0.012545  530  10  -0.35  0.05  Cut1
0.761909  0.0119415  530  10  -0.25  0.05  Cut1
0.674792  0.0118384  530  10  -0.15  0.05  Cut1
0.686201  0.0120094  530  10  -0.05  0.05  Cut1
0.640035  0.0129667  530  10  0.05  0.05  Cut1
0.604556  0.0155693  530  10  0.15  0.05  Cut1
0.571263  0.0215269  530  10  0.25  0.05  Cut1
0.535396  0.0352492  530  10  0.35  0.05  Cut1
0.462878  0.0622791  530  10  0.45  0.05  Cut1
0.283875  0.0997003  530  10  0.55  0.05  Cut1
0.202319  0.15238  530  10  0.65  0.05  Cut1
-0.363368  0.270429  530  10  0.75  0.05  Cut1
0.698608  0.34354  530  10  0.85  0.05  Cut1
-0.373296  0.691921  530  10  0.95  0.05  Cut1
0.737876  0.155139  550  10  -0.95  0.05  Cut1
0.673831  0.0633782  550  10  -0.85  0.05  Cut1
0.791169  0.0318291  550  10  -0.75  0.05  Cut1
0.770763  0.0219907  550  10  -0.65  0.05  Cut1
0.796819  0.0173845  550  10  -0.55  0.05  Cut1
0.782294  0.0151624  550  10  -0.45  0.05  Cut1
0.743724  0.0139245  550  10  -0.35  0.05  Cut1
0.740386  0.0130894  550  10  -0.25  0.05  Cut1
0.691646  0.0128374  550  10  -0.15  0.05  Cut1
0.681606  0.0129879  550  10  -0.05  0.05  Cut1
0.645385  0.0137618  550  10  0.05  0.05  Cut1
0.60252  0.015733  550  10  0.15  0.05  Cut1
0.579052  0.0208532  550  10  0.25  0.05  Cut1
0.487303  0.0328519  550  10  0.35  0.05  Cut1
0.323832  0.0582146  550  10  0.45  0.05  Cut1
-0.0386574  0.0996383  550  10  0.55  0.05  Cut1
0.263016  0.161347  550  10  0.65  0.05  Cut1
-0.108777  0.249618  550  10  0.75  0.05  Cut1
0.238223  0.396386  550  10  0.85  0.05  Cut1
-2.03921  7.13643  550  10  0.95  0.05  Cut1
0.391267  0.130747  570  10  -0.95  0.05  Cut1
0.53867  0.0506579  570  10  -0.85  0.05  Cut1
0.708751  0.0263071  570  10  -0.75  0.05  Cut1
0.792406  0.0174728  570  10  -0.65  0.05  Cut1
0.763732  0.0140222  570  10  -0.55  0.05  Cut1
0.782768  0.0119415  570  10  -0.45  0.05  Cut1
0.767613  0.0108622  570  10  -0.35  0.05  Cut1
0.750136  0.0101937  570  10  -0.25  0.05  Cut1
0.724717  0.00996783  570  10  -0.15  0.05  Cut1
0.680463  0.00993491  570  10  -0.05  0.05  Cut1
0.668829  0.0102701  570  10  0.05  0.05  Cut1
0.607571  0.0113685  570  10  0.15  0.05  Cut1
0.544827  0.0139181  570  10  0.25  0.05  Cut1
0.491048  0.0202424  570  10  0.35  0.05  Cut1
0.386949  0.0361398  570  10  0.45  0.05  Cut1
0.31684  0.0666306  570  10  0.55  0.05  Cut1
0.104966  0.119172  570  10  0.65  0.05  Cut1
-0.216073  0.185264  570  10  0.75  0.05  Cut1
-0.17303  0.288734  570  10  0.85  0.05  Cut1
0  0  570  10  0.95  0.05  Cut1
0.322104  0.105867  590  10  -0.95  0.05  Cut1
0.492699  0.0450626  590  10  -0.85  0.05  Cut1
0.678618  0.0235259  590  10  -0.75  0.05  Cut1
0.788723  0.0155447  590  10  -0.65  0.05  Cut1
0.785289  0.0120793  590  10  -0.55  0.05  Cut1
0.7684  0.0103147  590  10  -0.45  0.05  Cut1
0.782478  0.00918764  590  10  -0.35  0.05  Cut1
0.758329  0.00860514  590  10  -0.25  0.05  Cut1
0.732156  0.00827404  590  10  -0.15  0.05  Cut1
0.715695  0.00824647  590  10  -0.05  0.05  Cut1
0.679663  0.00853405  590  10  0.05  0.05  Cut1
0.622702  0.00923115  590  10  0.15  0.05  Cut1
0.582428  0.0107995  590  10  0.25  0.05  Cut1
0.492461  0.0146867  590  10  0.35  0.05  Cut1
0.412356  0.0246908  590  10  0.45  0.05  Cut1
0.234025  0.0488181  590  10  0.55  0.05  Cut1
0.133621  0.090888  590  10  0.65  0.05  Cut1
0.0317617  0.155236  590  10  0.75  0.05  Cut1
0.655578  0.255358  590  10  0.85  0.05  Cut1
0  0  590  10  0.95  0.05  Cut1
0.226981  0.111917  610  10  -0.95  0.05  Cut1
0.344648  0.0529036  610  10  -0.85  0.05  Cut1
0.648032  0.0268105  610  10  -0.75  0.05  Cut1
0.733792  0.0177457  610  10  -0.65  0.05  Cut1
0.763051  0.0135116  610  10  -0.55  0.05  Cut1
0.7906  0.011231  610  10  -0.45  0.05  Cut1
0.804092  0.0099142  610  10  -0.35  0.05  Cut1
0.778208  0.00918946  610  10  -0.25  0.05  Cut1
0.769164  0.00876601  610  10  -0.15  0.05  Cut1
0.736986  0.00871177  610  10  -0.05  0.05  Cut1
0.714307  0.00889585  610  10  0.05  0.05  Cut1
0.669768  0.00951371  610  10  0.15  0.05  Cut1
0.620803  0.0108076  610  10  0.25  0.05  Cut1
0.534444  0.0139891  610  10  0.35  0.05  Cut1
0.484919  0.0217106  610  10  0.45  0.05  Cut1
0.305174  0.0438193  610  10  0.55  0.05  Cut1
0.393691  0.0817936  610  10  0.65  0.05  Cut1
0.0514516  0.147805  610  10  0.75  0.05  Cut1
0.113487  0.290101  610  10  0.85  0.05  Cut1
1.02489  0.889888  610  10  0.95  0.05  Cut1
-0.121596  0.216439  630  10  -0.95  0.05  Cut1
0.36525  0.104804  630  10  -0.85  0.05  Cut1
0.570451  0.0552016  630  10  -0.75  0.05  Cut1
0.774245  0.0348447  630  10  -0.65  0.05  Cut1
0.79776  0.0272968  630  10  -0.55  0.05  Cut1
0.786873  0.0228113  630  10  -0.45  0.05  Cut1
0.839031  0.0197572  630  10  -0.35  0.05  Cut1
0.830821  0.0181247  630  10  -0.25  0.05  Cut1
0.824971  0.0172387  630  10  -0.15  0.05  Cut1
0.810057  0.0169531  630  10  -0.05  0.05  Cut1
0.77098  0.0170691  630  10  0.05  0.05  Cut1
0.722676  0.0181077  630  10  0.15  0.05  Cut1
0.649972  0.0203832  630  10  0.25  0.05  Cut1
0.632716  0.0249966  630  10  0.35  0.05  Cut1
0.557647  0.0373432  630  10  0.45  0.05  Cut1
0.331197  0.0711811  630  10  0.55  0.05  Cut1
0.150748  0.143231  630  10  0.65  0.05  Cut1
-0.714461  0.253361  630  10  0.75  0.05  Cut1
-0.738524  0.788416  630  10  0.85  0.05  Cut1
0  0  630  10  0.95  0.05  Cut1
