0.268909  1.44168  430  10  -0.95  0.05  SignalTiming
0.941609  0.375916  430  10  -0.85  0.05  SignalTiming
0.468502  0.211703  430  10  -0.75  0.05  SignalTiming
0.311752  0.169421  430  10  -0.65  0.05  SignalTiming
0.491381  0.146428  430  10  -0.55  0.05  SignalTiming
0.0634039  0.147968  430  10  -0.45  0.05  SignalTiming
0.0599591  0.148599  430  10  -0.35  0.05  SignalTiming
0.12713  0.147477  430  10  -0.25  0.05  SignalTiming
0.182059  0.163427  430  10  -0.15  0.05  SignalTiming
0.224419  0.168644  430  10  -0.05  0.05  SignalTiming
0.174791  0.185289  430  10  0.05  0.05  SignalTiming
0.274571  0.194608  430  10  0.15  0.05  SignalTiming
0.0719927  0.210149  430  10  0.25  0.05  SignalTiming
-0.338744  0.226082  430  10  0.35  0.05  SignalTiming
0.361989  0.291836  430  10  0.45  0.05  SignalTiming
1.05829  0.308135  430  10  0.55  0.05  SignalTiming
0.0316314  0.399008  430  10  0.65  0.05  SignalTiming
0.287107  0.628107  430  10  0.75  0.05  SignalTiming
-0.542603  1.35735  430  10  0.85  0.05  SignalTiming
-1.55691  1.80094  430  10  0.95  0.05  SignalTiming
1.16442  1.10899  450  10  -0.95  0.05  SignalTiming
0.337852  0.303883  450  10  -0.85  0.05  SignalTiming
0.466559  0.160216  450  10  -0.75  0.05  SignalTiming
0.55947  0.128232  450  10  -0.65  0.05  SignalTiming
0.459916  0.112693  450  10  -0.55  0.05  SignalTiming
0.397088  0.108301  450  10  -0.45  0.05  SignalTiming
0.300263  0.105047  450  10  -0.35  0.05  SignalTiming
0.177015  0.110717  450  10  -0.25  0.05  SignalTiming
0.417099  0.110254  450  10  -0.15  0.05  SignalTiming
0.25046  0.124057  450  10  -0.05  0.05  SignalTiming
0.417496  0.13551  450  10  0.05  0.05  SignalTiming
0.292119  0.139041  450  10  0.15  0.05  SignalTiming
-0.135425  0.151469  450  10  0.25  0.05  SignalTiming
0.269844  0.170591  450  10  0.35  0.05  SignalTiming
0.437823  0.186306  450  10  0.45  0.05  SignalTiming
-0.113546  0.218993  450  10  0.55  0.05  SignalTiming
-0.409472  0.280529  450  10  0.65  0.05  SignalTiming
0.379095  0.437609  450  10  0.75  0.05  SignalTiming
0.22223  1.1679  450  10  0.85  0.05  SignalTiming
1.08792  1.48921  450  10  0.95  0.05  SignalTiming
1.16414  1.03528  470  10  -0.95  0.05  SignalTiming
0.154071  0.248696  470  10  -0.85  0.05  SignalTiming
0.506394  0.133737  470  10  -0.75  0.05  SignalTiming
0.508528  0.11163  470  10  -0.65  0.05  SignalTiming
0.306443  0.0977132  470  10  -0.55  0.05  SignalTiming
0.39061  0.0903338  470  10  -0.45  0.05  SignalTiming
0.550017  0.0861238  470  10  -0.35  0.05  SignalTiming
0.286188  0.084781  470  10  -0.25  0.05  SignalTiming
0.258672  0.0900845  470  10  -0.15  0.05  SignalTiming
0.154109  0.0963153  470  10  -0.05  0.05  SignalTiming
0.224003  0.0948472  470  10  0.05  0.05  SignalTiming
0.231077  0.106119  470  10  0.15  0.05  SignalTiming
0.0932349  0.118527  470  10  0.25  0.05  SignalTiming
0.0957693  0.127546  470  10  0.35  0.05  SignalTiming
-0.52464  0.144527  470  10  0.45  0.05  SignalTiming
0.355841  0.177579  470  10  0.55  0.05  SignalTiming
0.0308648  0.192365  470  10  0.65  0.05  SignalTiming
-0.622193  0.272249  470  10  0.75  0.05  SignalTiming
0.65285  0.538987  470  10  0.85  0.05  SignalTiming
1.03439  0.904575  470  10  0.95  0.05  SignalTiming
-0.098826  0.833501  490  10  -0.95  0.05  SignalTiming
0.243731  0.248202  490  10  -0.85  0.05  SignalTiming
0.560937  0.149876  490  10  -0.75  0.05  SignalTiming
0.395886  0.113747  490  10  -0.65  0.05  SignalTiming
0.30891  0.0983728  490  10  -0.55  0.05  SignalTiming
0.493617  0.0922589  490  10  -0.45  0.05  SignalTiming
0.277625  0.0844795  490  10  -0.35  0.05  SignalTiming
0.303807  0.0839369  490  10  -0.25  0.05  SignalTiming
0.338703  0.0877446  490  10  -0.15  0.05  SignalTiming
0.324845  0.0915306  490  10  -0.05  0.05  SignalTiming
0.25591  0.0970461  490  10  0.05  0.05  SignalTiming
0.119872  0.0974935  490  10  0.15  0.05  SignalTiming
0.127234  0.104603  490  10  0.25  0.05  SignalTiming
0.126246  0.118554  490  10  0.35  0.05  SignalTiming
0.177014  0.140604  490  10  0.45  0.05  SignalTiming
-0.0774522  0.156887  490  10  0.55  0.05  SignalTiming
-0.0905235  0.194587  490  10  0.65  0.05  SignalTiming
0.0901649  0.270971  490  10  0.75  0.05  SignalTiming
0.509783  0.550677  490  10  0.85  0.05  SignalTiming
-0.518711  0.707236  490  10  0.95  0.05  SignalTiming
-0.452018  0.949826  510  10  -0.95  0.05  SignalTiming
-0.229696  0.200512  510  10  -0.85  0.05  SignalTiming
0.316009  0.109485  510  10  -0.75  0.05  SignalTiming
0.523011  0.0865358  510  10  -0.65  0.05  SignalTiming
0.29055  0.0755272  510  10  -0.55  0.05  SignalTiming
0.389025  0.068982  510  10  -0.45  0.05  SignalTiming
0.46615  0.0650872  510  10  -0.35  0.05  SignalTiming
0.381081  0.0667151  510  10  -0.25  0.05  SignalTiming
0.362158  0.0651723  510  10  -0.15  0.05  SignalTiming
0.210537  0.0666294  510  10  -0.05  0.05  SignalTiming
0.0669758  0.0709144  510  10  0.05  0.05  SignalTiming
0.262508  0.0714911  510  10  0.15  0.05  SignalTiming
0.0896826  0.0765251  510  10  0.25  0.05  SignalTiming
0.0593568  0.0843008  510  10  0.35  0.05  SignalTiming
-0.0209751  0.0974992  510  10  0.45  0.05  SignalTiming
0.0210471  0.109197  510  10  0.55  0.05  SignalTiming
0.211137  0.130881  510  10  0.65  0.05  SignalTiming
0.131224  0.208311  510  10  0.75  0.05  SignalTiming
-0.154992  0.433381  510  10  0.85  0.05  SignalTiming
1.26333  0.669121  510  10  0.95  0.05  SignalTiming
1.26137  0.8619  530  10  -0.95  0.05  SignalTiming
0.386038  0.229712  530  10  -0.85  0.05  SignalTiming
0.252815  0.104483  530  10  -0.75  0.05  SignalTiming
0.436844  0.0892075  530  10  -0.65  0.05  SignalTiming
0.430353  0.0751958  530  10  -0.55  0.05  SignalTiming
0.394113  0.0724592  530  10  -0.45  0.05  SignalTiming
0.39712  0.0615924  530  10  -0.35  0.05  SignalTiming
0.415208  0.0589614  530  10  -0.25  0.05  SignalTiming
0.318176  0.060264  530  10  -0.15  0.05  SignalTiming
0.159526  0.0633978  530  10  -0.05  0.05  SignalTiming
0.246098  0.0678051  530  10  0.05  0.05  SignalTiming
0.195927  0.0666525  530  10  0.15  0.05  SignalTiming
0.0635139  0.0727765  530  10  0.25  0.05  SignalTiming
-0.00202837  0.0768192  530  10  0.35  0.05  SignalTiming
-0.131782  0.0871342  530  10  0.45  0.05  SignalTiming
0.140837  0.0994108  530  10  0.55  0.05  SignalTiming
0.0570913  0.126091  530  10  0.65  0.05  SignalTiming
-0.296493  0.207368  530  10  0.75  0.05  SignalTiming
-0.306302  0.427985  530  10  0.85  0.05  SignalTiming
1.2347  1.3541  530  10  0.95  0.05  SignalTiming
-0.353359  0.531899  550  10  -0.95  0.05  SignalTiming
0.509201  0.205383  550  10  -0.85  0.05  SignalTiming
0.340422  0.113749  550  10  -0.75  0.05  SignalTiming
0.332683  0.0983592  550  10  -0.65  0.05  SignalTiming
0.367177  0.0782109  550  10  -0.55  0.05  SignalTiming
0.42512  0.0759784  550  10  -0.45  0.05  SignalTiming
0.202532  0.0677582  550  10  -0.35  0.05  SignalTiming
0.427962  0.0636876  550  10  -0.25  0.05  SignalTiming
0.402686  0.0646778  550  10  -0.15  0.05  SignalTiming
0.239466  0.0685696  550  10  -0.05  0.05  SignalTiming
0.156636  0.0703587  550  10  0.05  0.05  SignalTiming
0.0663319  0.070377  550  10  0.15  0.05  SignalTiming
0.102892  0.0764125  550  10  0.25  0.05  SignalTiming
0.0662169  0.0789001  550  10  0.35  0.05  SignalTiming
-0.0354512  0.0936411  550  10  0.45  0.05  SignalTiming
-0.072904  0.110024  550  10  0.55  0.05  SignalTiming
0.0399308  0.137189  550  10  0.65  0.05  SignalTiming
0.121319  0.189853  550  10  0.75  0.05  SignalTiming
-0.935727  0.384007  550  10  0.85  0.05  SignalTiming
-0.250451  1.04081  550  10  0.95  0.05  SignalTiming
0.902475  0.489079  570  10  -0.95  0.05  SignalTiming
0.329861  0.141201  570  10  -0.85  0.05  SignalTiming
0.405628  0.0825866  570  10  -0.75  0.05  SignalTiming
0.448043  0.0708824  570  10  -0.65  0.05  SignalTiming
0.417584  0.0609164  570  10  -0.55  0.05  SignalTiming
0.347401  0.0546453  570  10  -0.45  0.05  SignalTiming
0.435754  0.0525745  570  10  -0.35  0.05  SignalTiming
0.348918  0.0487482  570  10  -0.25  0.05  SignalTiming
0.387023  0.0466925  570  10  -0.15  0.05  SignalTiming
0.327029  0.0479905  570  10  -0.05  0.05  SignalTiming
0.279904  0.0509568  570  10  0.05  0.05  SignalTiming
0.220933  0.0513267  570  10  0.15  0.05  SignalTiming
0.0435818  0.0527424  570  10  0.25  0.05  SignalTiming
0.123761  0.056071  570  10  0.35  0.05  SignalTiming
0.0919027  0.065548  570  10  0.45  0.05  SignalTiming
-0.0721823  0.0730944  570  10  0.55  0.05  SignalTiming
0.00728805  0.0896911  570  10  0.65  0.05  SignalTiming
-0.0798042  0.145775  570  10  0.75  0.05  SignalTiming
0.0366238  0.312431  570  10  0.85  0.05  SignalTiming
-0.0785054  0.703903  570  10  0.95  0.05  SignalTiming
-0.703371  0.493037  590  10  -0.95  0.05  SignalTiming
0.61653  0.122851  590  10  -0.85  0.05  SignalTiming
0.388884  0.068536  590  10  -0.75  0.05  SignalTiming
0.292659  0.0552293  590  10  -0.65  0.05  SignalTiming
0.46402  0.0478895  590  10  -0.55  0.05  SignalTiming
0.496138  0.0431632  590  10  -0.45  0.05  SignalTiming
0.444214  0.0395329  590  10  -0.35  0.05  SignalTiming
0.411827  0.0388763  590  10  -0.25  0.05  SignalTiming
0.376421  0.0379399  590  10  -0.15  0.05  SignalTiming
0.354247  0.0382926  590  10  -0.05  0.05  SignalTiming
0.274984  0.0401282  590  10  0.05  0.05  SignalTiming
0.165401  0.0406283  590  10  0.15  0.05  SignalTiming
0.141638  0.0438803  590  10  0.25  0.05  SignalTiming
-0.0294364  0.0452284  590  10  0.35  0.05  SignalTiming
0.0697887  0.0486654  590  10  0.45  0.05  SignalTiming
-0.14879  0.0570193  590  10  0.55  0.05  SignalTiming
-0.00513798  0.0744931  590  10  0.65  0.05  SignalTiming
0.0606572  0.103678  590  10  0.75  0.05  SignalTiming
-0.63494  0.25579  590  10  0.85  0.05  SignalTiming
0.256046  0.873667  590  10  0.95  0.05  SignalTiming
-0.326011  0.437199  610  10  -0.95  0.05  SignalTiming
0.0163734  0.113062  610  10  -0.85  0.05  SignalTiming
0.333863  0.072517  610  10  -0.75  0.05  SignalTiming
0.335086  0.0580667  610  10  -0.65  0.05  SignalTiming
0.346502  0.0499443  610  10  -0.55  0.05  SignalTiming
0.456532  0.0449684  610  10  -0.45  0.05  SignalTiming
0.435708  0.0422986  610  10  -0.35  0.05  SignalTiming
0.462041  0.0397872  610  10  -0.25  0.05  SignalTiming
0.434517  0.0381851  610  10  -0.15  0.05  SignalTiming
0.33517  0.0385199  610  10  -0.05  0.05  SignalTiming
0.349181  0.0400424  610  10  0.05  0.05  SignalTiming
0.250819  0.0412752  610  10  0.15  0.05  SignalTiming
0.143792  0.0432056  610  10  0.25  0.05  SignalTiming
0.0114944  0.0472144  610  10  0.35  0.05  SignalTiming
0.0794194  0.0494229  610  10  0.45  0.05  SignalTiming
0.00702755  0.057265  610  10  0.55  0.05  SignalTiming
0.0215148  0.0674888  610  10  0.65  0.05  SignalTiming
0.0992862  0.108227  610  10  0.75  0.05  SignalTiming
-0.199427  0.241356  610  10  0.85  0.05  SignalTiming
-0.132021  0.559926  610  10  0.95  0.05  SignalTiming
0.553753  0.868958  630  10  -0.95  0.05  SignalTiming
0.193689  0.212033  630  10  -0.85  0.05  SignalTiming
0.406073  0.129518  630  10  -0.75  0.05  SignalTiming
0.476796  0.10801  630  10  -0.65  0.05  SignalTiming
0.445192  0.0916694  630  10  -0.55  0.05  SignalTiming
0.379755  0.0858345  630  10  -0.45  0.05  SignalTiming
0.482801  0.0785624  630  10  -0.35  0.05  SignalTiming
0.623428  0.0803974  630  10  -0.25  0.05  SignalTiming
0.441964  0.0748065  630  10  -0.15  0.05  SignalTiming
0.363896  0.0732737  630  10  -0.05  0.05  SignalTiming
0.422928  0.0753086  630  10  0.05  0.05  SignalTiming
0.263066  0.0774705  630  10  0.15  0.05  SignalTiming
0.252245  0.0835992  630  10  0.25  0.05  SignalTiming
-0.00761835  0.0892177  630  10  0.35  0.05  SignalTiming
0.139546  0.0915598  630  10  0.45  0.05  SignalTiming
0.176747  0.107614  630  10  0.55  0.05  SignalTiming
0.102328  0.133816  630  10  0.65  0.05  SignalTiming
0.0156091  0.187022  630  10  0.75  0.05  SignalTiming
0.0668166  0.565771  630  10  0.85  0.05  SignalTiming
0.3737  0.822809  630  10  0.95  0.05  SignalTiming
