0.301548  0.090003  430  10  -0.95  0.05  SignalTiming
0.670335  0.0600278  430  10  -0.85  0.05  SignalTiming
0.660779  0.0330938  430  10  -0.75  0.05  SignalTiming
0.654231  0.0229824  430  10  -0.65  0.05  SignalTiming
0.706784  0.0198742  430  10  -0.55  0.05  SignalTiming
0.693541  0.0193634  430  10  -0.45  0.05  SignalTiming
0.67972  0.0205148  430  10  -0.35  0.05  SignalTiming
0.698408  0.0232151  430  10  -0.25  0.05  SignalTiming
0.645538  0.0281923  430  10  -0.15  0.05  SignalTiming
0.676928  0.0360739  430  10  -0.05  0.05  SignalTiming
0.569026  0.0484117  430  10  0.05  0.05  SignalTiming
0.665331  0.0684539  430  10  0.15  0.05  SignalTiming
0.415309  0.0998727  430  10  0.25  0.05  SignalTiming
0.423818  0.156869  430  10  0.35  0.05  SignalTiming
0.319841  0.275329  430  10  0.45  0.05  SignalTiming
1.03357  0.536964  430  10  0.55  0.05  SignalTiming
1.06947  1.2451  430  10  0.65  0.05  SignalTiming
-1.75304  1.5648  430  10  0.75  0.05  SignalTiming
2.3447  1.98692  430  10  0.85  0.05  SignalTiming
-0.695868  2.41643  430  10  0.95  0.05  SignalTiming
0.238236  0.0827311  450  10  -0.95  0.05  SignalTiming
0.508624  0.0501784  450  10  -0.85  0.05  SignalTiming
0.725511  0.0256218  450  10  -0.75  0.05  SignalTiming
0.716125  0.0180724  450  10  -0.65  0.05  SignalTiming
0.705276  0.0155459  450  10  -0.55  0.05  SignalTiming
0.717988  0.0147539  450  10  -0.45  0.05  SignalTiming
0.666234  0.0148614  450  10  -0.35  0.05  SignalTiming
0.699431  0.0160613  450  10  -0.25  0.05  SignalTiming
0.700221  0.0184418  450  10  -0.15  0.05  SignalTiming
0.635486  0.0230032  450  10  -0.05  0.05  SignalTiming
0.63532  0.0302173  450  10  0.05  0.05  SignalTiming
0.673213  0.0427347  450  10  0.15  0.05  SignalTiming
0.569429  0.0621593  450  10  0.25  0.05  SignalTiming
0.473248  0.0958945  450  10  0.35  0.05  SignalTiming
0.466924  0.167889  450  10  0.45  0.05  SignalTiming
0.252284  0.285956  450  10  0.55  0.05  SignalTiming
-1.05748  0.589556  450  10  0.65  0.05  SignalTiming
0.793825  1.04686  450  10  0.75  0.05  SignalTiming
-0.140466  2.39723  450  10  0.85  0.05  SignalTiming
1.19842  1.81126  450  10  0.95  0.05  SignalTiming
0.522078  0.0817575  470  10  -0.95  0.05  SignalTiming
0.6219  0.0439335  470  10  -0.85  0.05  SignalTiming
0.759793  0.0219802  470  10  -0.75  0.05  SignalTiming
0.741953  0.0157662  470  10  -0.65  0.05  SignalTiming
0.731316  0.0134001  470  10  -0.55  0.05  SignalTiming
0.732857  0.012617  470  10  -0.45  0.05  SignalTiming
0.701245  0.0123918  470  10  -0.35  0.05  SignalTiming
0.718386  0.0127074  470  10  -0.25  0.05  SignalTiming
0.668197  0.0139466  470  10  -0.15  0.05  SignalTiming
0.652322  0.0163861  470  10  -0.05  0.05  SignalTiming
0.640864  0.0208653  470  10  0.05  0.05  SignalTiming
0.610306  0.0284533  470  10  0.15  0.05  SignalTiming
0.459051  0.0419917  470  10  0.25  0.05  SignalTiming
0.550225  0.0660327  470  10  0.35  0.05  SignalTiming
0.591142  0.106302  470  10  0.45  0.05  SignalTiming
0.413365  0.183028  470  10  0.55  0.05  SignalTiming
0.165413  0.471303  470  10  0.65  0.05  SignalTiming
-0.291883  0.934414  470  10  0.75  0.05  SignalTiming
-1.24814  1.45399  470  10  0.85  0.05  SignalTiming
-0.496918  1.19544  470  10  0.95  0.05  SignalTiming
0.752069  0.0947512  490  10  -0.95  0.05  SignalTiming
0.692245  0.0460596  490  10  -0.85  0.05  SignalTiming
0.736273  0.0232101  490  10  -0.75  0.05  SignalTiming
0.771258  0.0166122  490  10  -0.65  0.05  SignalTiming
0.757663  0.0141673  490  10  -0.55  0.05  SignalTiming
0.729789  0.0131893  490  10  -0.45  0.05  SignalTiming
0.747102  0.0127047  490  10  -0.35  0.05  SignalTiming
0.70832  0.0127799  490  10  -0.25  0.05  SignalTiming
0.690809  0.0134861  490  10  -0.15  0.05  SignalTiming
0.664067  0.0150181  490  10  -0.05  0.05  SignalTiming
0.639941  0.0183708  490  10  0.05  0.05  SignalTiming
0.578685  0.0242582  490  10  0.15  0.05  SignalTiming
0.572021  0.0360167  490  10  0.25  0.05  SignalTiming
0.564412  0.055694  490  10  0.35  0.05  SignalTiming
0.464143  0.0903471  490  10  0.45  0.05  SignalTiming
0.166481  0.166558  490  10  0.55  0.05  SignalTiming
-0.247556  0.313391  490  10  0.65  0.05  SignalTiming
-0.72992  0.778118  490  10  0.75  0.05  SignalTiming
2.69602  1.83155  490  10  0.85  0.05  SignalTiming
-1.0254  1.07488  490  10  0.95  0.05  SignalTiming
0.752639  0.0909064  510  10  -0.95  0.05  SignalTiming
0.717733  0.0391472  510  10  -0.85  0.05  SignalTiming
0.775071  0.0192071  510  10  -0.75  0.05  SignalTiming
0.762541  0.0138055  510  10  -0.65  0.05  SignalTiming
0.764695  0.0117804  510  10  -0.55  0.05  SignalTiming
0.759054  0.0108568  510  10  -0.45  0.05  SignalTiming
0.733824  0.0104312  510  10  -0.35  0.05  SignalTiming
0.690171  0.0103551  510  10  -0.25  0.05  SignalTiming
0.677942  0.0105982  510  10  -0.15  0.05  SignalTiming
0.657889  0.0114314  510  10  -0.05  0.05  SignalTiming
0.664645  0.0132748  510  10  0.05  0.05  SignalTiming
0.611438  0.0168739  510  10  0.15  0.05  SignalTiming
0.549089  0.0241574  510  10  0.25  0.05  SignalTiming
0.497433  0.037401  510  10  0.35  0.05  SignalTiming
0.433674  0.0616275  510  10  0.45  0.05  SignalTiming
0.46258  0.104008  510  10  0.55  0.05  SignalTiming
0.192653  0.222559  510  10  0.65  0.05  SignalTiming
-0.307274  0.544735  510  10  0.75  0.05  SignalTiming
1.41008  0.730302  510  10  0.85  0.05  SignalTiming
1.03883  0.915516  510  10  0.95  0.05  SignalTiming
0.86029  0.0947885  530  10  -0.95  0.05  SignalTiming
0.734216  0.0414499  530  10  -0.85  0.05  SignalTiming
0.759188  0.0206693  530  10  -0.75  0.05  SignalTiming
0.802114  0.0146716  530  10  -0.65  0.05  SignalTiming
0.770338  0.0125649  530  10  -0.55  0.05  SignalTiming
0.764226  0.0115019  530  10  -0.45  0.05  SignalTiming
0.743559  0.0110216  530  10  -0.35  0.05  SignalTiming
0.727619  0.0108347  530  10  -0.25  0.05  SignalTiming
0.675815  0.0108552  530  10  -0.15  0.05  SignalTiming
0.672779  0.0115262  530  10  -0.05  0.05  SignalTiming
0.623201  0.0126741  530  10  0.05  0.05  SignalTiming
0.574705  0.0154667  530  10  0.15  0.05  SignalTiming
0.556663  0.0209  530  10  0.25  0.05  SignalTiming
0.568768  0.0328006  530  10  0.35  0.05  SignalTiming
0.475344  0.0541551  530  10  0.45  0.05  SignalTiming
0.335048  0.0894291  530  10  0.55  0.05  SignalTiming
0.395887  0.183144  530  10  0.65  0.05  SignalTiming
0.928013  0.468849  530  10  0.75  0.05  SignalTiming
-0.157307  0.680885  530  10  0.85  0.05  SignalTiming
0.0393814  0.771694  530  10  0.95  0.05  SignalTiming
0.609035  0.112492  550  10  -0.95  0.05  SignalTiming
0.774259  0.0465087  550  10  -0.85  0.05  SignalTiming
0.741417  0.0226852  550  10  -0.75  0.05  SignalTiming
0.781349  0.0162736  550  10  -0.65  0.05  SignalTiming
0.799247  0.0138789  550  10  -0.55  0.05  SignalTiming
0.746498  0.012729  550  10  -0.45  0.05  SignalTiming
0.739103  0.012171  550  10  -0.35  0.05  SignalTiming
0.711114  0.0118464  550  10  -0.25  0.05  SignalTiming
0.707377  0.0119159  550  10  -0.15  0.05  SignalTiming
0.670675  0.0123754  550  10  -0.05  0.05  SignalTiming
0.626921  0.0134915  550  10  0.05  0.05  SignalTiming
0.581837  0.0158563  550  10  0.15  0.05  SignalTiming
0.57821  0.0208022  550  10  0.25  0.05  SignalTiming
0.51262  0.0312472  550  10  0.35  0.05  SignalTiming
0.306436  0.0527932  550  10  0.45  0.05  SignalTiming
0.268178  0.0895781  550  10  0.55  0.05  SignalTiming
0.140511  0.173595  550  10  0.65  0.05  SignalTiming
0.122745  0.39901  550  10  0.75  0.05  SignalTiming
1.25689  1.35785  550  10  0.85  0.05  SignalTiming
-0.871782  1.03272  550  10  0.95  0.05  SignalTiming
0.635647  0.0855172  570  10  -0.95  0.05  SignalTiming
0.688613  0.0361331  570  10  -0.85  0.05  SignalTiming
0.739926  0.0176173  570  10  -0.75  0.05  SignalTiming
0.789597  0.0127224  570  10  -0.65  0.05  SignalTiming
0.763053  0.0108592  570  10  -0.55  0.05  SignalTiming
0.76763  0.00991093  570  10  -0.45  0.05  SignalTiming
0.749698  0.00945961  570  10  -0.35  0.05  SignalTiming
0.739022  0.00921775  570  10  -0.25  0.05  SignalTiming
0.706075  0.0092419  570  10  -0.15  0.05  SignalTiming
0.670596  0.00950083  570  10  -0.05  0.05  SignalTiming
0.640334  0.0100488  570  10  0.05  0.05  SignalTiming
0.589749  0.0114824  570  10  0.15  0.05  SignalTiming
0.539009  0.0141781  570  10  0.25  0.05  SignalTiming
0.512454  0.0202073  570  10  0.35  0.05  SignalTiming
0.37357  0.0335045  570  10  0.45  0.05  SignalTiming
0.313041  0.0609829  570  10  0.55  0.05  SignalTiming
0.267364  0.114651  570  10  0.65  0.05  SignalTiming
-0.486544  0.301847  570  10  0.75  0.05  SignalTiming
-0.633812  1.07232  570  10  0.85  0.05  SignalTiming
0.26409  0.855136  570  10  0.95  0.05  SignalTiming
0.366869  0.0643417  590  10  -0.95  0.05  SignalTiming
0.625181  0.0307877  590  10  -0.85  0.05  SignalTiming
0.743737  0.01507  590  10  -0.75  0.05  SignalTiming
0.797498  0.0106515  590  10  -0.65  0.05  SignalTiming
0.774859  0.00911364  590  10  -0.55  0.05  SignalTiming
0.768395  0.00836134  590  10  -0.45  0.05  SignalTiming
0.753191  0.00794672  590  10  -0.35  0.05  SignalTiming
0.749753  0.00771629  590  10  -0.25  0.05  SignalTiming
0.710661  0.00775885  590  10  -0.15  0.05  SignalTiming
0.696281  0.00795477  590  10  -0.05  0.05  SignalTiming
0.661031  0.00838783  590  10  0.05  0.05  SignalTiming
0.613882  0.00926075  590  10  0.15  0.05  SignalTiming
0.565721  0.0110469  590  10  0.25  0.05  SignalTiming
0.490021  0.0149689  590  10  0.35  0.05  SignalTiming
0.380648  0.0244881  590  10  0.45  0.05  SignalTiming
0.29461  0.0448789  590  10  0.55  0.05  SignalTiming
0.142291  0.0891084  590  10  0.65  0.05  SignalTiming
0.327263  0.19523  590  10  0.75  0.05  SignalTiming
-0.42844  0.568648  590  10  0.85  0.05  SignalTiming
0.731577  0.604393  590  10  0.95  0.05  SignalTiming
0.359893  0.0608827  610  10  -0.95  0.05  SignalTiming
0.589381  0.0314687  610  10  -0.85  0.05  SignalTiming
0.726179  0.0159285  610  10  -0.75  0.05  SignalTiming
0.787297  0.0113113  610  10  -0.65  0.05  SignalTiming
0.782779  0.00973572  610  10  -0.55  0.05  SignalTiming
0.786583  0.00882549  610  10  -0.45  0.05  SignalTiming
0.785992  0.00835971  610  10  -0.35  0.05  SignalTiming
0.766609  0.00817979  610  10  -0.25  0.05  SignalTiming
0.754541  0.00814923  610  10  -0.15  0.05  SignalTiming
0.733364  0.00838608  610  10  -0.05  0.05  SignalTiming
0.698822  0.00879098  610  10  0.05  0.05  SignalTiming
0.650226  0.00955453  610  10  0.15  0.05  SignalTiming
0.602489  0.011074  610  10  0.25  0.05  SignalTiming
0.516865  0.0145326  610  10  0.35  0.05  SignalTiming
0.484024  0.0224518  610  10  0.45  0.05  SignalTiming
0.342628  0.0414322  610  10  0.55  0.05  SignalTiming
0.0845233  0.081951  610  10  0.65  0.05  SignalTiming
0.243043  0.179407  610  10  0.75  0.05  SignalTiming
0.26228  0.496433  610  10  0.85  0.05  SignalTiming
1.38098  0.768647  610  10  0.95  0.05  SignalTiming
0.335176  0.112872  630  10  -0.95  0.05  SignalTiming
0.540641  0.0623082  630  10  -0.85  0.05  SignalTiming
0.708099  0.031266  630  10  -0.75  0.05  SignalTiming
0.842227  0.0221052  630  10  -0.65  0.05  SignalTiming
0.796216  0.0187821  630  10  -0.55  0.05  SignalTiming
0.818311  0.0173124  630  10  -0.45  0.05  SignalTiming
0.851007  0.0163255  630  10  -0.35  0.05  SignalTiming
0.816576  0.0159277  630  10  -0.25  0.05  SignalTiming
0.804103  0.0160872  630  10  -0.15  0.05  SignalTiming
0.771514  0.0163693  630  10  -0.05  0.05  SignalTiming
0.746895  0.017023  630  10  0.05  0.05  SignalTiming
0.717451  0.0181488  630  10  0.15  0.05  SignalTiming
0.650021  0.0208787  630  10  0.25  0.05  SignalTiming
0.61376  0.0260777  630  10  0.35  0.05  SignalTiming
0.548663  0.0394224  630  10  0.45  0.05  SignalTiming
0.285035  0.0739872  630  10  0.55  0.05  SignalTiming
0.166862  0.154671  630  10  0.65  0.05  SignalTiming
-0.612693  0.30529  630  10  0.75  0.05  SignalTiming
0.263485  0.626825  630  10  0.85  0.05  SignalTiming
-1.57715  1.0266  630  10  0.95  0.05  SignalTiming
