0.562048  0.289596  430  10  -0.95  0.05  SignalTiming
0.77586  0.137484  430  10  -0.85  0.05  SignalTiming
0.32884  0.0889541  430  10  -0.75  0.05  SignalTiming
0.50936  0.0694178  430  10  -0.65  0.05  SignalTiming
0.623544  0.0613681  430  10  -0.55  0.05  SignalTiming
0.668176  0.0588521  430  10  -0.45  0.05  SignalTiming
0.571505  0.0592978  430  10  -0.35  0.05  SignalTiming
0.611197  0.0604919  430  10  -0.25  0.05  SignalTiming
0.57454  0.0640996  430  10  -0.15  0.05  SignalTiming
0.555417  0.0725353  430  10  -0.05  0.05  SignalTiming
0.536407  0.082504  430  10  0.05  0.05  SignalTiming
0.571382  0.0970975  430  10  0.15  0.05  SignalTiming
0.263569  0.119654  430  10  0.25  0.05  SignalTiming
0.402915  0.165709  430  10  0.35  0.05  SignalTiming
-0.0901235  0.299982  430  10  0.45  0.05  SignalTiming
0.511257  0.594382  430  10  0.55  0.05  SignalTiming
1.36505  1.40263  430  10  0.65  0.05  SignalTiming
1.45298  1.76747  430  10  0.75  0.05  SignalTiming
1.23077  1.0402  430  10  0.85  0.05  SignalTiming
0.59329  2.12472  430  10  0.95  0.05  SignalTiming
-0.0851022  0.266346  450  10  -0.95  0.05  SignalTiming
0.394749  0.113652  450  10  -0.85  0.05  SignalTiming
0.495218  0.069857  450  10  -0.75  0.05  SignalTiming
0.570808  0.0560233  450  10  -0.65  0.05  SignalTiming
0.604598  0.0499329  450  10  -0.55  0.05  SignalTiming
0.625376  0.0473101  450  10  -0.45  0.05  SignalTiming
0.619427  0.0455495  450  10  -0.35  0.05  SignalTiming
0.642542  0.0471184  450  10  -0.25  0.05  SignalTiming
0.701728  0.0482507  450  10  -0.15  0.05  SignalTiming
0.660744  0.0534892  450  10  -0.05  0.05  SignalTiming
0.538238  0.0592993  450  10  0.05  0.05  SignalTiming
0.534344  0.0713489  450  10  0.15  0.05  SignalTiming
0.388414  0.0879483  450  10  0.25  0.05  SignalTiming
0.469662  0.115935  450  10  0.35  0.05  SignalTiming
0.293555  0.165889  450  10  0.45  0.05  SignalTiming
0.451316  0.26151  450  10  0.55  0.05  SignalTiming
-0.927482  0.539412  450  10  0.65  0.05  SignalTiming
0.299933  1.82564  450  10  0.75  0.05  SignalTiming
-0.934487  1.27256  450  10  0.85  0.05  SignalTiming
-3.45524  6.83643  450  10  0.95  0.05  SignalTiming
0.131647  0.229242  470  10  -0.95  0.05  SignalTiming
0.381926  0.102961  470  10  -0.85  0.05  SignalTiming
0.436418  0.05971  470  10  -0.75  0.05  SignalTiming
0.676749  0.0480297  470  10  -0.65  0.05  SignalTiming
0.535209  0.0415539  470  10  -0.55  0.05  SignalTiming
0.637339  0.0394627  470  10  -0.45  0.05  SignalTiming
0.670994  0.0378776  470  10  -0.35  0.05  SignalTiming
0.671508  0.0374257  470  10  -0.25  0.05  SignalTiming
0.573746  0.039566  470  10  -0.15  0.05  SignalTiming
0.402955  0.0424417  470  10  -0.05  0.05  SignalTiming
0.529552  0.0476912  470  10  0.05  0.05  SignalTiming
0.510532  0.0528966  470  10  0.15  0.05  SignalTiming
0.380257  0.0665648  470  10  0.25  0.05  SignalTiming
0.56554  0.0851186  470  10  0.35  0.05  SignalTiming
0.674191  0.120673  470  10  0.45  0.05  SignalTiming
0.533848  0.186368  470  10  0.55  0.05  SignalTiming
-0.165528  0.39441  470  10  0.65  0.05  SignalTiming
0.787746  0.691501  470  10  0.75  0.05  SignalTiming
-0.293835  1.4067  470  10  0.85  0.05  SignalTiming
0.975014  1.49065  470  10  0.95  0.05  SignalTiming
1.11733  0.312018  490  10  -0.95  0.05  SignalTiming
0.650515  0.105595  490  10  -0.85  0.05  SignalTiming
0.51604  0.0652725  490  10  -0.75  0.05  SignalTiming
0.664218  0.0515212  490  10  -0.65  0.05  SignalTiming
0.650199  0.0428889  490  10  -0.55  0.05  SignalTiming
0.725923  0.0389521  490  10  -0.45  0.05  SignalTiming
0.623653  0.0375173  490  10  -0.35  0.05  SignalTiming
0.654353  0.0370786  490  10  -0.25  0.05  SignalTiming
0.669589  0.0382834  490  10  -0.15  0.05  SignalTiming
0.603161  0.0410279  490  10  -0.05  0.05  SignalTiming
0.504779  0.0449846  490  10  0.05  0.05  SignalTiming
0.442419  0.0514884  490  10  0.15  0.05  SignalTiming
0.481061  0.0630554  490  10  0.25  0.05  SignalTiming
0.369053  0.0809598  490  10  0.35  0.05  SignalTiming
0.315648  0.113769  490  10  0.45  0.05  SignalTiming
0.14805  0.162059  490  10  0.55  0.05  SignalTiming
-0.0560039  0.323164  490  10  0.65  0.05  SignalTiming
-0.321509  0.781209  490  10  0.75  0.05  SignalTiming
-0.7585  0.990936  490  10  0.85  0.05  SignalTiming
0.971427  0.840416  490  10  0.95  0.05  SignalTiming
0.345643  0.265926  510  10  -0.95  0.05  SignalTiming
0.685795  0.0897566  510  10  -0.85  0.05  SignalTiming
0.535299  0.052046  510  10  -0.75  0.05  SignalTiming
0.683538  0.0417984  510  10  -0.65  0.05  SignalTiming
0.583989  0.0352362  510  10  -0.55  0.05  SignalTiming
0.63519  0.0314243  510  10  -0.45  0.05  SignalTiming
0.635733  0.0301615  510  10  -0.35  0.05  SignalTiming
0.725469  0.0292431  510  10  -0.25  0.05  SignalTiming
0.607959  0.0297486  510  10  -0.15  0.05  SignalTiming
0.628426  0.0317479  510  10  -0.05  0.05  SignalTiming
0.574794  0.0352877  510  10  0.05  0.05  SignalTiming
0.538991  0.0401846  510  10  0.15  0.05  SignalTiming
0.470786  0.0477388  510  10  0.25  0.05  SignalTiming
0.537606  0.0584327  510  10  0.35  0.05  SignalTiming
0.41948  0.0807461  510  10  0.45  0.05  SignalTiming
0.448171  0.116153  510  10  0.55  0.05  SignalTiming
0.368765  0.227949  510  10  0.65  0.05  SignalTiming
0.263661  0.411977  510  10  0.75  0.05  SignalTiming
-1.06754  0.818129  510  10  0.85  0.05  SignalTiming
-0.785813  1.28397  510  10  0.95  0.05  SignalTiming
0.600569  0.307379  530  10  -0.95  0.05  SignalTiming
0.583919  0.090263  530  10  -0.85  0.05  SignalTiming
0.466159  0.0570494  530  10  -0.75  0.05  SignalTiming
0.609625  0.0440943  530  10  -0.65  0.05  SignalTiming
0.580368  0.0367537  530  10  -0.55  0.05  SignalTiming
0.667167  0.0326231  530  10  -0.45  0.05  SignalTiming
0.669571  0.0299347  530  10  -0.35  0.05  SignalTiming
0.647793  0.0293193  530  10  -0.25  0.05  SignalTiming
0.643515  0.0292306  530  10  -0.15  0.05  SignalTiming
0.688955  0.0318987  530  10  -0.05  0.05  SignalTiming
0.569721  0.0334332  530  10  0.05  0.05  SignalTiming
0.563164  0.0381527  530  10  0.15  0.05  SignalTiming
0.520051  0.0463518  530  10  0.25  0.05  SignalTiming
0.562705  0.0598026  530  10  0.35  0.05  SignalTiming
0.291781  0.0770487  530  10  0.45  0.05  SignalTiming
0.110667  0.108969  530  10  0.55  0.05  SignalTiming
0.409331  0.192835  530  10  0.65  0.05  SignalTiming
-0.0566808  0.419744  530  10  0.75  0.05  SignalTiming
0.449862  0.77069  530  10  0.85  0.05  SignalTiming
0.0293324  0.731402  530  10  0.95  0.05  SignalTiming
0.811869  0.335235  550  10  -0.95  0.05  SignalTiming
0.320071  0.0952868  550  10  -0.85  0.05  SignalTiming
0.448994  0.0613911  550  10  -0.75  0.05  SignalTiming
0.597622  0.0483664  550  10  -0.65  0.05  SignalTiming
0.627661  0.0409735  550  10  -0.55  0.05  SignalTiming
0.655118  0.035626  550  10  -0.45  0.05  SignalTiming
0.696921  0.0339991  550  10  -0.35  0.05  SignalTiming
0.6426  0.0313776  550  10  -0.25  0.05  SignalTiming
0.588771  0.0320977  550  10  -0.15  0.05  SignalTiming
0.619282  0.0324977  550  10  -0.05  0.05  SignalTiming
0.564214  0.035926  550  10  0.05  0.05  SignalTiming
0.537125  0.0404082  550  10  0.15  0.05  SignalTiming
0.557537  0.0466391  550  10  0.25  0.05  SignalTiming
0.417743  0.0576586  550  10  0.35  0.05  SignalTiming
0.276075  0.079807  550  10  0.45  0.05  SignalTiming
0.26436  0.111184  550  10  0.55  0.05  SignalTiming
0.368574  0.168835  550  10  0.65  0.05  SignalTiming
-0.42348  0.381504  550  10  0.75  0.05  SignalTiming
-1.87615  1.16057  550  10  0.85  0.05  SignalTiming
0.471759  0.900124  550  10  0.95  0.05  SignalTiming
0.584507  0.249651  570  10  -0.95  0.05  SignalTiming
0.286458  0.0759613  570  10  -0.85  0.05  SignalTiming
0.466791  0.0495147  570  10  -0.75  0.05  SignalTiming
0.580065  0.0379979  570  10  -0.65  0.05  SignalTiming
0.563485  0.0314712  570  10  -0.55  0.05  SignalTiming
0.670681  0.0275063  570  10  -0.45  0.05  SignalTiming
0.641322  0.0255833  570  10  -0.35  0.05  SignalTiming
0.649414  0.0244682  570  10  -0.25  0.05  SignalTiming
0.625617  0.0237582  570  10  -0.15  0.05  SignalTiming
0.623972  0.0240108  570  10  -0.05  0.05  SignalTiming
0.563514  0.0258643  570  10  0.05  0.05  SignalTiming
0.539772  0.0293364  570  10  0.15  0.05  SignalTiming
0.497896  0.0344522  570  10  0.25  0.05  SignalTiming
0.418617  0.0419715  570  10  0.35  0.05  SignalTiming
0.349391  0.0578245  570  10  0.45  0.05  SignalTiming
0.226875  0.0807034  570  10  0.55  0.05  SignalTiming
0.35626  0.121207  570  10  0.65  0.05  SignalTiming
-0.075248  0.283933  570  10  0.75  0.05  SignalTiming
-0.9957  1.00876  570  10  0.85  0.05  SignalTiming
-1.05981  0.836388  570  10  0.95  0.05  SignalTiming
-0.0780599  0.201608  590  10  -0.95  0.05  SignalTiming
0.390563  0.0667305  590  10  -0.85  0.05  SignalTiming
0.39007  0.0423519  590  10  -0.75  0.05  SignalTiming
0.600702  0.0315633  590  10  -0.65  0.05  SignalTiming
0.598102  0.026631  590  10  -0.55  0.05  SignalTiming
0.63806  0.0233195  590  10  -0.45  0.05  SignalTiming
0.632294  0.0215551  590  10  -0.35  0.05  SignalTiming
0.658343  0.0203031  590  10  -0.25  0.05  SignalTiming
0.651577  0.0201467  590  10  -0.15  0.05  SignalTiming
0.62495  0.0201598  590  10  -0.05  0.05  SignalTiming
0.604661  0.0213218  590  10  0.05  0.05  SignalTiming
0.589784  0.0232513  590  10  0.15  0.05  SignalTiming
0.489479  0.027072  590  10  0.25  0.05  SignalTiming
0.381408  0.0333009  590  10  0.35  0.05  SignalTiming
0.330806  0.0439359  590  10  0.45  0.05  SignalTiming
0.221951  0.0611209  590  10  0.55  0.05  SignalTiming
0.0455328  0.105158  590  10  0.65  0.05  SignalTiming
-0.244893  0.182067  590  10  0.75  0.05  SignalTiming
0.187888  0.463955  590  10  0.85  0.05  SignalTiming
0.481893  1.38556  590  10  0.95  0.05  SignalTiming
0.795314  0.225213  610  10  -0.95  0.05  SignalTiming
0.324157  0.0677347  610  10  -0.85  0.05  SignalTiming
0.523517  0.0434455  610  10  -0.75  0.05  SignalTiming
0.52591  0.0338157  610  10  -0.65  0.05  SignalTiming
0.639698  0.0286545  610  10  -0.55  0.05  SignalTiming
0.626933  0.0249727  610  10  -0.45  0.05  SignalTiming
0.650721  0.0225667  610  10  -0.35  0.05  SignalTiming
0.662477  0.021828  610  10  -0.25  0.05  SignalTiming
0.641911  0.0206136  610  10  -0.15  0.05  SignalTiming
0.614107  0.0211311  610  10  -0.05  0.05  SignalTiming
0.634469  0.0217518  610  10  0.05  0.05  SignalTiming
0.572211  0.023372  610  10  0.15  0.05  SignalTiming
0.549853  0.02709  610  10  0.25  0.05  SignalTiming
0.423862  0.0330738  610  10  0.35  0.05  SignalTiming
0.423158  0.0437351  610  10  0.45  0.05  SignalTiming
0.253334  0.0607583  610  10  0.55  0.05  SignalTiming
-0.0347697  0.100143  610  10  0.65  0.05  SignalTiming
0.332776  0.192667  610  10  0.75  0.05  SignalTiming
-0.11053  0.638793  610  10  0.85  0.05  SignalTiming
0.914341  0.796144  610  10  0.95  0.05  SignalTiming
0.0547696  0.388361  630  10  -0.95  0.05  SignalTiming
0.347894  0.151255  630  10  -0.85  0.05  SignalTiming
0.337692  0.0851646  630  10  -0.75  0.05  SignalTiming
0.713738  0.0697152  630  10  -0.65  0.05  SignalTiming
0.578254  0.055769  630  10  -0.55  0.05  SignalTiming
0.676557  0.049303  630  10  -0.45  0.05  SignalTiming
0.717797  0.0445762  630  10  -0.35  0.05  SignalTiming
0.682948  0.0423089  630  10  -0.25  0.05  SignalTiming
0.693174  0.0404531  630  10  -0.15  0.05  SignalTiming
0.653199  0.0404632  630  10  -0.05  0.05  SignalTiming
0.706798  0.0415306  630  10  0.05  0.05  SignalTiming
0.589804  0.044841  630  10  0.15  0.05  SignalTiming
0.639695  0.0482627  630  10  0.25  0.05  SignalTiming
0.480446  0.0605016  630  10  0.35  0.05  SignalTiming
0.392159  0.0787658  630  10  0.45  0.05  SignalTiming
0.265115  0.116061  630  10  0.55  0.05  SignalTiming
0.390801  0.17381  630  10  0.65  0.05  SignalTiming
0.257546  0.265225  630  10  0.75  0.05  SignalTiming
0.661818  0.519172  630  10  0.85  0.05  SignalTiming
0.608765  1.07758  630  10  0.95  0.05  SignalTiming
