-0.0530319  0.28685  430  10  -0.95  0.05  Sig
0.613706  0.0672852  430  10  -0.85  0.05  Sig
0.684466  0.0396505  430  10  -0.75  0.05  Sig
0.662798  0.0256125  430  10  -0.65  0.05  Sig
0.697537  0.0211834  430  10  -0.55  0.05  Sig
0.692008  0.0219077  430  10  -0.45  0.05  Sig
0.723628  0.0239449  430  10  -0.35  0.05  Sig
0.665267  0.0257857  430  10  -0.25  0.05  Sig
0.65893  0.0325826  430  10  -0.15  0.05  Sig
0.614531  0.0427678  430  10  -0.05  0.05  Sig
0.552806  0.0594469  430  10  0.05  0.05  Sig
0.6929  0.108269  430  10  0.15  0.05  Sig
0.14687  0.173637  430  10  0.25  0.05  Sig
0.592592  0.283035  430  10  0.35  0.05  Sig
1.36617  0.565215  430  10  0.45  0.05  Sig
6.29461  924.319  430  10  0.55  0.05  Sig
0.042242  1.35497  430  10  0.65  0.05  Sig
-0.113169  1.59234  430  10  0.75  0.05  Sig
-7.16963  299.324  430  10  0.85  0.05  Sig
5.59433  126.804  430  10  0.95  0.05  Sig
0.357141  0.13967  450  10  -0.95  0.05  Sig
0.605445  0.0597449  450  10  -0.85  0.05  Sig
0.726322  0.0305112  450  10  -0.75  0.05  Sig
0.704801  0.0202937  450  10  -0.65  0.05  Sig
0.704436  0.0178132  450  10  -0.55  0.05  Sig
0.702563  0.0163983  450  10  -0.45  0.05  Sig
0.694766  0.017928  450  10  -0.35  0.05  Sig
0.675997  0.0188992  450  10  -0.25  0.05  Sig
0.68953  0.0205331  450  10  -0.15  0.05  Sig
0.626648  0.02758  450  10  -0.05  0.05  Sig
0.601403  0.0371436  450  10  0.05  0.05  Sig
0.562374  0.0604045  450  10  0.15  0.05  Sig
0.507733  0.103541  450  10  0.25  0.05  Sig
0.241257  0.173284  450  10  0.35  0.05  Sig
0.146621  0.275162  450  10  0.45  0.05  Sig
0.58218  0.538206  450  10  0.55  0.05  Sig
0.086695  0.561518  450  10  0.65  0.05  Sig
-2.35072e-05  21.3725  450  10  0.75  0.05  Sig
-0.00133287  49.097  450  10  0.85  0.05  Sig
0  0  450  10  0.95  0.05  Sig
0.495922  0.125009  470  10  -0.95  0.05  Sig
0.780163  0.0542215  470  10  -0.85  0.05  Sig
0.775954  0.0271842  470  10  -0.75  0.05  Sig
0.72157  0.0177516  470  10  -0.65  0.05  Sig
0.719502  0.0155054  470  10  -0.55  0.05  Sig
0.741263  0.0140804  470  10  -0.45  0.05  Sig
0.71984  0.0151185  470  10  -0.35  0.05  Sig
0.679051  0.0138972  470  10  -0.25  0.05  Sig
0.671552  0.0152932  470  10  -0.15  0.05  Sig
0.688388  0.0188646  470  10  -0.05  0.05  Sig
0.657026  0.0230261  470  10  0.05  0.05  Sig
0.485324  0.0386008  470  10  0.15  0.05  Sig
0.443241  0.0582513  470  10  0.25  0.05  Sig
0.34759  0.121595  470  10  0.35  0.05  Sig
0.314425  0.190696  470  10  0.45  0.05  Sig
0.263286  0.49651  470  10  0.55  0.05  Sig
-1.4702  1.25398  470  10  0.65  0.05  Sig
-0.000416079  8.18269  470  10  0.75  0.05  Sig
0  0  470  10  0.85  0.05  Sig
0  0  470  10  0.95  0.05  Sig
0.512267  0.156986  490  10  -0.95  0.05  Sig
0.76487  0.0694883  490  10  -0.85  0.05  Sig
0.746395  0.0291618  490  10  -0.75  0.05  Sig
0.772402  0.0204128  490  10  -0.65  0.05  Sig
0.733811  0.0156157  490  10  -0.55  0.05  Sig
0.725665  0.0151742  490  10  -0.45  0.05  Sig
0.775055  0.0159884  490  10  -0.35  0.05  Sig
0.752058  0.0152841  490  10  -0.25  0.05  Sig
0.699156  0.0153298  490  10  -0.15  0.05  Sig
0.679918  0.0165399  490  10  -0.05  0.05  Sig
0.637462  0.0208511  490  10  0.05  0.05  Sig
0.632304  0.0292275  490  10  0.15  0.05  Sig
0.644128  0.0511213  490  10  0.25  0.05  Sig
0.408504  0.092111  490  10  0.35  0.05  Sig
0.112008  0.164473  490  10  0.45  0.05  Sig
-0.393866  0.446407  490  10  0.55  0.05  Sig
0.605963  0.459171  490  10  0.65  0.05  Sig
-0.713112  1.13049  490  10  0.75  0.05  Sig
10.5347  424.326  490  10  0.85  0.05  Sig
0  0  490  10  0.95  0.05  Sig
0.731914  0.213493  510  10  -0.95  0.05  Sig
0.757642  0.057256  510  10  -0.85  0.05  Sig
0.772719  0.0233059  510  10  -0.75  0.05  Sig
0.757035  0.0161472  510  10  -0.65  0.05  Sig
0.741072  0.0133581  510  10  -0.55  0.05  Sig
0.775593  0.0127671  510  10  -0.45  0.05  Sig
0.762844  0.0127554  510  10  -0.35  0.05  Sig
0.731888  0.0125689  510  10  -0.25  0.05  Sig
0.694249  0.0123134  510  10  -0.15  0.05  Sig
0.696025  0.0131009  510  10  -0.05  0.05  Sig
0.659374  0.014414  510  10  0.05  0.05  Sig
0.620908  0.0195077  510  10  0.15  0.05  Sig
0.518185  0.0308056  510  10  0.25  0.05  Sig
0.482997  0.0617221  510  10  0.35  0.05  Sig
0.452993  0.135436  510  10  0.45  0.05  Sig
0.472611  0.23838  510  10  0.55  0.05  Sig
-0.0168551  0.491146  510  10  0.65  0.05  Sig
0.00938351  0.0186285  510  10  0.75  0.05  Sig
-9.89095  414.518  510  10  0.85  0.05  Sig
0  0  510  10  0.95  0.05  Sig
1.09169  0.213967  530  10  -0.95  0.05  Sig
0.748522  0.0662878  530  10  -0.85  0.05  Sig
0.795197  0.0290066  530  10  -0.75  0.05  Sig
0.805554  0.0177592  530  10  -0.65  0.05  Sig
0.771897  0.0143638  530  10  -0.55  0.05  Sig
0.783143  0.0137463  530  10  -0.45  0.05  Sig
0.769076  0.0137031  530  10  -0.35  0.05  Sig
0.784364  0.0129594  530  10  -0.25  0.05  Sig
0.682799  0.0131383  530  10  -0.15  0.05  Sig
0.697905  0.0133468  530  10  -0.05  0.05  Sig
0.638049  0.0144313  530  10  0.05  0.05  Sig
0.584841  0.0172512  530  10  0.15  0.05  Sig
0.548552  0.0244058  530  10  0.25  0.05  Sig
0.511057  0.043782  530  10  0.35  0.05  Sig
0.472225  0.0954774  530  10  0.45  0.05  Sig
0.663181  0.262249  530  10  0.55  0.05  Sig
0.149467  0.328864  530  10  0.65  0.05  Sig
0.702972  0.799341  530  10  0.75  0.05  Sig
2.89912e-05  19.9509  530  10  0.85  0.05  Sig
2.56704  58.1859  530  10  0.95  0.05  Sig
0.330383  0.541949  550  10  -0.95  0.05  Sig
0.809573  0.0761499  550  10  -0.85  0.05  Sig
0.742388  0.0305066  550  10  -0.75  0.05  Sig
0.7669  0.0212681  550  10  -0.65  0.05  Sig
0.768575  0.0154697  550  10  -0.55  0.05  Sig
0.790192  0.0159935  550  10  -0.45  0.05  Sig
0.770575  0.0155195  550  10  -0.35  0.05  Sig
0.756924  0.0142852  550  10  -0.25  0.05  Sig
0.704103  0.0143956  550  10  -0.15  0.05  Sig
0.680235  0.0144684  550  10  -0.05  0.05  Sig
0.642231  0.0151632  550  10  0.05  0.05  Sig
0.594438  0.0174551  550  10  0.15  0.05  Sig
0.585741  0.0240757  550  10  0.25  0.05  Sig
0.513225  0.0399446  550  10  0.35  0.05  Sig
0.326464  0.0914635  550  10  0.45  0.05  Sig
0.0610499  0.197846  550  10  0.55  0.05  Sig
-0.152414  0.393479  550  10  0.65  0.05  Sig
-0.125923  0.683769  550  10  0.75  0.05  Sig
-0.255943  0.74699  550  10  0.85  0.05  Sig
0  0  550  10  0.95  0.05  Sig
0.616205  0.196224  570  10  -0.95  0.05  Sig
0.678077  0.062709  570  10  -0.85  0.05  Sig
0.761452  0.0265217  570  10  -0.75  0.05  Sig
0.787029  0.0171041  570  10  -0.65  0.05  Sig
0.708422  0.0124956  570  10  -0.55  0.05  Sig
0.787997  0.0123086  570  10  -0.45  0.05  Sig
0.771354  0.0118655  570  10  -0.35  0.05  Sig
0.763576  0.0113979  570  10  -0.25  0.05  Sig
0.729624  0.0112171  570  10  -0.15  0.05  Sig
0.679572  0.011048  570  10  -0.05  0.05  Sig
0.670781  0.0114932  570  10  0.05  0.05  Sig
0.586219  0.0126799  570  10  0.15  0.05  Sig
0.549914  0.0160008  570  10  0.25  0.05  Sig
0.483669  0.0241106  570  10  0.35  0.05  Sig
0.32749  0.0495771  570  10  0.45  0.05  Sig
0.214223  0.13749  570  10  0.55  0.05  Sig
-0.205358  0.207586  570  10  0.65  0.05  Sig
-6.64202e-06  13.919  570  10  0.75  0.05  Sig
-3.64919e-05  23.0771  570  10  0.85  0.05  Sig
0  0  570  10  0.95  0.05  Sig
0.231673  0.122013  590  10  -0.95  0.05  Sig
0.584478  0.0531614  590  10  -0.85  0.05  Sig
0.740804  0.0229553  590  10  -0.75  0.05  Sig
0.826942  0.0155125  590  10  -0.65  0.05  Sig
0.752644  0.0109048  590  10  -0.55  0.05  Sig
0.78127  0.0104982  590  10  -0.45  0.05  Sig
0.802039  0.0100932  590  10  -0.35  0.05  Sig
0.764643  0.00956826  590  10  -0.25  0.05  Sig
0.739391  0.00938579  590  10  -0.15  0.05  Sig
0.716123  0.00925506  590  10  -0.05  0.05  Sig
0.681799  0.00962384  590  10  0.05  0.05  Sig
0.617899  0.0102553  590  10  0.15  0.05  Sig
0.564721  0.0119523  590  10  0.25  0.05  Sig
0.475316  0.0167591  590  10  0.35  0.05  Sig
0.387969  0.0320029  590  10  0.45  0.05  Sig
0.246446  0.0847996  590  10  0.55  0.05  Sig
-0.672796  0.284448  590  10  0.65  0.05  Sig
-0.239647  0.0216554  590  10  0.75  0.05  Sig
5.27418e-05  3.49685  590  10  0.85  0.05  Sig
1.88466  42.7187  590  10  0.95  0.05  Sig
0.346614  0.0832765  610  10  -0.95  0.05  Sig
0.77572  0.0646793  610  10  -0.85  0.05  Sig
0.761092  0.0266286  610  10  -0.75  0.05  Sig
0.799405  0.0177738  610  10  -0.65  0.05  Sig
0.721951  0.0120123  610  10  -0.55  0.05  Sig
0.784453  0.0115648  610  10  -0.45  0.05  Sig
0.820636  0.0109359  610  10  -0.35  0.05  Sig
0.773586  0.0102869  610  10  -0.25  0.05  Sig
0.786528  0.00994861  610  10  -0.15  0.05  Sig
0.73496  0.0100075  610  10  -0.05  0.05  Sig
0.699213  0.0100759  610  10  0.05  0.05  Sig
0.668995  0.0109449  610  10  0.15  0.05  Sig
0.622044  0.0122726  610  10  0.25  0.05  Sig
0.531998  0.0159419  610  10  0.35  0.05  Sig
0.454647  0.0254574  610  10  0.45  0.05  Sig
0.278219  0.065109  610  10  0.55  0.05  Sig
0.124122  0.185674  610  10  0.65  0.05  Sig
0.278203  0.415418  610  10  0.75  0.05  Sig
1.83991  41.5781  610  10  0.85  0.05  Sig
0  0  610  10  0.95  0.05  Sig
0.56001  0.433023  630  10  -0.95  0.05  Sig
0.620962  0.118934  630  10  -0.85  0.05  Sig
0.687886  0.0523688  630  10  -0.75  0.05  Sig
0.781767  0.0317454  630  10  -0.65  0.05  Sig
0.764279  0.0245824  630  10  -0.55  0.05  Sig
0.772929  0.0215292  630  10  -0.45  0.05  Sig
0.844639  0.0203881  630  10  -0.35  0.05  Sig
0.834685  0.019828  630  10  -0.25  0.05  Sig
0.812228  0.0195052  630  10  -0.15  0.05  Sig
0.781944  0.0190768  630  10  -0.05  0.05  Sig
0.744834  0.0202314  630  10  0.05  0.05  Sig
0.714142  0.0209982  630  10  0.15  0.05  Sig
0.6489  0.0229938  630  10  0.25  0.05  Sig
0.635693  0.028603  630  10  0.35  0.05  Sig
0.539576  0.0414272  630  10  0.45  0.05  Sig
0.412555  0.0981189  630  10  0.55  0.05  Sig
-0.0649392  0.36898  630  10  0.65  0.05  Sig
0.000275413  60.3019  630  10  0.75  0.05  Sig
-1.89512  42.6293  630  10  0.85  0.05  Sig
0  0  630  10  0.95  0.05  Sig
