0.365992  0.0817181  430  10  -0.95  0.05  Sig
0.58033  0.0438918  430  10  -0.85  0.05  Sig
0.594463  0.0305426  430  10  -0.75  0.05  Sig
0.636744  0.0223486  430  10  -0.65  0.05  Sig
0.659219  0.0190974  430  10  -0.55  0.05  Sig
0.667525  0.0194672  430  10  -0.45  0.05  Sig
0.685612  0.0202337  430  10  -0.35  0.05  Sig
0.645135  0.0226095  430  10  -0.25  0.05  Sig
0.618354  0.0272925  430  10  -0.15  0.05  Sig
0.619881  0.0353704  430  10  -0.05  0.05  Sig
0.511846  0.0479766  430  10  0.05  0.05  Sig
0.433455  0.0711261  430  10  0.15  0.05  Sig
0.33659  0.109269  430  10  0.25  0.05  Sig
0.30352  0.168501  430  10  0.35  0.05  Sig
0.433552  0.292323  430  10  0.45  0.05  Sig
0.356162  0.252212  430  10  0.55  0.05  Sig
0.839237  0.902176  430  10  0.65  0.05  Sig
0.905089  1.83279  430  10  0.75  0.05  Sig
0.0162742  0.44415  430  10  0.85  0.05  Sig
0  0  430  10  0.95  0.05  Sig
0.151417  0.073693  450  10  -0.95  0.05  Sig
0.546871  0.0381856  450  10  -0.85  0.05  Sig
0.653916  0.0235379  450  10  -0.75  0.05  Sig
0.645774  0.0175239  450  10  -0.65  0.05  Sig
0.679383  0.0159295  450  10  -0.55  0.05  Sig
0.668067  0.0149588  450  10  -0.45  0.05  Sig
0.66377  0.0149785  450  10  -0.35  0.05  Sig
0.646887  0.0159242  450  10  -0.25  0.05  Sig
0.649696  0.0179922  450  10  -0.15  0.05  Sig
0.596745  0.022403  450  10  -0.05  0.05  Sig
0.558879  0.0299811  450  10  0.05  0.05  Sig
0.510653  0.0441151  450  10  0.15  0.05  Sig
0.488088  0.0649711  450  10  0.25  0.05  Sig
0.185677  0.0944795  450  10  0.35  0.05  Sig
0.0501623  0.151966  450  10  0.45  0.05  Sig
0.0359515  0.233075  450  10  0.55  0.05  Sig
0.33777  0.223233  450  10  0.65  0.05  Sig
-3.635  2.08686  450  10  0.75  0.05  Sig
0.700819  0.503446  450  10  0.85  0.05  Sig
0  0  450  10  0.95  0.05  Sig
0.351136  0.0579313  470  10  -0.95  0.05  Sig
0.5594  0.0319633  470  10  -0.85  0.05  Sig
0.675  0.0205073  470  10  -0.75  0.05  Sig
0.670607  0.015305  470  10  -0.65  0.05  Sig
0.699311  0.0138015  470  10  -0.55  0.05  Sig
0.702914  0.0126768  470  10  -0.45  0.05  Sig
0.676749  0.0123668  470  10  -0.35  0.05  Sig
0.642196  0.0121531  470  10  -0.25  0.05  Sig
0.638481  0.0134907  470  10  -0.15  0.05  Sig
0.614985  0.0157151  470  10  -0.05  0.05  Sig
0.584924  0.0193834  470  10  0.05  0.05  Sig
0.44777  0.0284652  470  10  0.15  0.05  Sig
0.350746  0.0389677  470  10  0.25  0.05  Sig
0.332464  0.066209  470  10  0.35  0.05  Sig
0.147171  0.0940587  470  10  0.45  0.05  Sig
0.490338  0.174948  470  10  0.55  0.05  Sig
0.14191  0.244942  470  10  0.65  0.05  Sig
0.729228  0.466312  470  10  0.75  0.05  Sig
-0.0438267  0.0157154  470  10  0.85  0.05  Sig
-0.727007  0.649046  470  10  0.95  0.05  Sig
0.522714  0.0696878  490  10  -0.95  0.05  Sig
0.64225  0.0413355  490  10  -0.85  0.05  Sig
0.656748  0.021506  490  10  -0.75  0.05  Sig
0.680424  0.0160827  490  10  -0.65  0.05  Sig
0.691686  0.0137213  490  10  -0.55  0.05  Sig
0.696124  0.0128864  490  10  -0.45  0.05  Sig
0.708072  0.0127906  490  10  -0.35  0.05  Sig
0.674841  0.012487  490  10  -0.25  0.05  Sig
0.641446  0.0127219  490  10  -0.15  0.05  Sig
0.607215  0.0138849  490  10  -0.05  0.05  Sig
0.550606  0.0169761  490  10  0.05  0.05  Sig
0.528532  0.0227485  490  10  0.15  0.05  Sig
0.482016  0.0348983  490  10  0.25  0.05  Sig
0.243283  0.0528794  490  10  0.35  0.05  Sig
0.246831  0.0893206  490  10  0.45  0.05  Sig
-0.153101  0.1494  490  10  0.55  0.05  Sig
-0.201947  0.184261  490  10  0.65  0.05  Sig
0.15496  0.203968  490  10  0.75  0.05  Sig
-0.164083  0.26425  490  10  0.85  0.05  Sig
0  0  490  10  0.95  0.05  Sig
0.374709  0.0528077  510  10  -0.95  0.05  Sig
0.549553  0.0294182  510  10  -0.85  0.05  Sig
0.647593  0.0172455  510  10  -0.75  0.05  Sig
0.674367  0.0132615  510  10  -0.65  0.05  Sig
0.666263  0.011603  510  10  -0.55  0.05  Sig
0.683865  0.0108659  510  10  -0.45  0.05  Sig
0.687935  0.0101049  510  10  -0.35  0.05  Sig
0.659068  0.0101684  510  10  -0.25  0.05  Sig
0.631486  0.0101306  510  10  -0.15  0.05  Sig
0.618535  0.0109583  510  10  -0.05  0.05  Sig
0.576855  0.0120645  510  10  0.05  0.05  Sig
0.561071  0.0157725  510  10  0.15  0.05  Sig
0.428342  0.022967  510  10  0.25  0.05  Sig
0.293934  0.0369197  510  10  0.35  0.05  Sig
0.309636  0.0592179  510  10  0.45  0.05  Sig
0.0457074  0.091949  510  10  0.55  0.05  Sig
0.0105188  0.149764  510  10  0.65  0.05  Sig
-0.354614  0.41561  510  10  0.75  0.05  Sig
-7.44222e-05  -7.35278e-05  510  10  0.85  0.05  Sig
0  0  510  10  0.95  0.05  Sig
0.525316  0.0634892  530  10  -0.95  0.05  Sig
0.451902  0.028991  530  10  -0.85  0.05  Sig
0.586665  0.0178824  530  10  -0.75  0.05  Sig
0.651561  0.0138806  530  10  -0.65  0.05  Sig
0.685257  0.0122177  530  10  -0.55  0.05  Sig
0.687737  0.0110029  530  10  -0.45  0.05  Sig
0.657419  0.0105607  530  10  -0.35  0.05  Sig
0.674265  0.0102344  530  10  -0.25  0.05  Sig
0.61597  0.0105515  530  10  -0.15  0.05  Sig
0.629315  0.010935  530  10  -0.05  0.05  Sig
0.561901  0.012053  530  10  0.05  0.05  Sig
0.521782  0.0140692  530  10  0.15  0.05  Sig
0.450261  0.0187298  530  10  0.25  0.05  Sig
0.359213  0.0296065  530  10  0.35  0.05  Sig
0.258535  0.0505843  530  10  0.45  0.05  Sig
0.154166  0.0812343  530  10  0.55  0.05  Sig
-0.0517944  0.131752  530  10  0.65  0.05  Sig
0.14511  0.240345  530  10  0.75  0.05  Sig
-0.102912  0.209227  530  10  0.85  0.05  Sig
0  0  530  10  0.95  0.05  Sig
0.314075  0.0625521  550  10  -0.95  0.05  Sig
0.368266  0.0319207  550  10  -0.85  0.05  Sig
0.517811  0.0202944  550  10  -0.75  0.05  Sig
0.593317  0.0153651  550  10  -0.65  0.05  Sig
0.659377  0.0129223  550  10  -0.55  0.05  Sig
0.643382  0.0120782  550  10  -0.45  0.05  Sig
0.639886  0.0117401  550  10  -0.35  0.05  Sig
0.647353  0.0111763  550  10  -0.25  0.05  Sig
0.617575  0.011538  550  10  -0.15  0.05  Sig
0.602917  0.0118536  550  10  -0.05  0.05  Sig
0.560536  0.0125063  550  10  0.05  0.05  Sig
0.527285  0.0143629  550  10  0.15  0.05  Sig
0.476581  0.0188732  550  10  0.25  0.05  Sig
0.379735  0.0284881  550  10  0.35  0.05  Sig
0.162819  0.0480688  550  10  0.45  0.05  Sig
-0.0115907  0.0751709  550  10  0.55  0.05  Sig
-0.102944  0.101134  550  10  0.65  0.05  Sig
-0.0829933  0.310899  550  10  0.75  0.05  Sig
-0.00313306  77.2999  550  10  0.85  0.05  Sig
0  0  550  10  0.95  0.05  Sig
0.167334  0.0420802  570  10  -0.95  0.05  Sig
0.289756  0.0221433  570  10  -0.85  0.05  Sig
0.447639  0.0148996  570  10  -0.75  0.05  Sig
0.547721  0.0116306  570  10  -0.65  0.05  Sig
0.576172  0.0101467  570  10  -0.55  0.05  Sig
0.603535  0.00915701  570  10  -0.45  0.05  Sig
0.611529  0.0086804  570  10  -0.35  0.05  Sig
0.613572  0.008619  570  10  -0.25  0.05  Sig
0.610805  0.00866936  570  10  -0.15  0.05  Sig
0.579832  0.00882222  570  10  -0.05  0.05  Sig
0.578492  0.00935616  570  10  0.05  0.05  Sig
0.514681  0.0102849  570  10  0.15  0.05  Sig
0.468611  0.0127396  570  10  0.25  0.05  Sig
0.378008  0.0179151  570  10  0.35  0.05  Sig
0.22606  0.0289731  570  10  0.45  0.05  Sig
0.101315  0.0528814  570  10  0.55  0.05  Sig
-0.0972564  0.0966362  570  10  0.65  0.05  Sig
-0.0351687  0.146043  570  10  0.75  0.05  Sig
-0.381873  0.726464  570  10  0.85  0.05  Sig
0  0  570  10  0.95  0.05  Sig
0.119331  0.0390601  590  10  -0.95  0.05  Sig
0.191327  0.018506  590  10  -0.85  0.05  Sig
0.370207  0.0121417  590  10  -0.75  0.05  Sig
0.501032  0.00957383  590  10  -0.65  0.05  Sig
0.550568  0.00834711  590  10  -0.55  0.05  Sig
0.565304  0.00758129  590  10  -0.45  0.05  Sig
0.582676  0.00719713  590  10  -0.35  0.05  Sig
0.591416  0.00707293  590  10  -0.25  0.05  Sig
0.577442  0.00713096  590  10  -0.15  0.05  Sig
0.571626  0.00722778  590  10  -0.05  0.05  Sig
0.564168  0.00765523  590  10  0.05  0.05  Sig
0.522366  0.00831077  590  10  0.15  0.05  Sig
0.494755  0.00964482  590  10  0.25  0.05  Sig
0.385853  0.0130248  590  10  0.35  0.05  Sig
0.291365  0.021321  590  10  0.45  0.05  Sig
0.147226  0.0361206  590  10  0.55  0.05  Sig
0.00253599  0.0717182  590  10  0.65  0.05  Sig
0.103387  0.127185  590  10  0.75  0.05  Sig
-0.0309047  0.377782  590  10  0.85  0.05  Sig
0  0  590  10  0.95  0.05  Sig
0.153495  0.0312917  610  10  -0.95  0.05  Sig
0.134269  0.0181928  610  10  -0.85  0.05  Sig
0.310966  0.0128716  610  10  -0.75  0.05  Sig
0.425362  0.0103125  610  10  -0.65  0.05  Sig
0.495026  0.00879413  610  10  -0.55  0.05  Sig
0.526211  0.00797516  610  10  -0.45  0.05  Sig
0.551774  0.00762899  610  10  -0.35  0.05  Sig
0.558036  0.00747282  610  10  -0.25  0.05  Sig
0.590343  0.00742636  610  10  -0.15  0.05  Sig
0.570284  0.00768361  610  10  -0.05  0.05  Sig
0.565171  0.00797936  610  10  0.05  0.05  Sig
0.561975  0.00878538  610  10  0.15  0.05  Sig
0.513565  0.00987619  610  10  0.25  0.05  Sig
0.426594  0.0124058  610  10  0.35  0.05  Sig
0.348195  0.0179692  610  10  0.45  0.05  Sig
0.159174  0.034224  610  10  0.55  0.05  Sig
0.134938  0.0610651  610  10  0.65  0.05  Sig
0.0583362  0.12284  610  10  0.75  0.05  Sig
0.309617  0.57385  610  10  0.85  0.05  Sig
0  0  610  10  0.95  0.05  Sig
0.0375549  0.071607  630  10  -0.95  0.05  Sig
0.0639462  0.0324392  630  10  -0.85  0.05  Sig
0.286156  0.0251046  630  10  -0.75  0.05  Sig
0.396389  0.0189177  630  10  -0.65  0.05  Sig
0.481258  0.016811  630  10  -0.55  0.05  Sig
0.500538  0.0148923  630  10  -0.45  0.05  Sig
0.549884  0.0139639  630  10  -0.35  0.05  Sig
0.58335  0.0141888  630  10  -0.25  0.05  Sig
0.592109  0.0143098  630  10  -0.15  0.05  Sig
0.581133  0.0144574  630  10  -0.05  0.05  Sig
0.584873  0.0155901  630  10  0.05  0.05  Sig
0.571693  0.0167234  630  10  0.15  0.05  Sig
0.547677  0.0184259  630  10  0.25  0.05  Sig
0.542853  0.0224308  630  10  0.35  0.05  Sig
0.450666  0.0295978  630  10  0.45  0.05  Sig
0.319873  0.0596867  630  10  0.55  0.05  Sig
0.00935909  0.109146  630  10  0.65  0.05  Sig
-0.24341  0.231403  630  10  0.75  0.05  Sig
-0.468599  0.243124  630  10  0.85  0.05  Sig
0  0  630  10  0.95  0.05  Sig
