0.478984  0.877732  430  10  -0.95  0.05  Sig
0.653458  0.138471  430  10  -0.85  0.05  Sig
0.764587  0.0965164  430  10  -0.75  0.05  Sig
0.629199  0.0582275  430  10  -0.65  0.05  Sig
0.702459  0.044911  430  10  -0.55  0.05  Sig
0.668496  0.0499621  430  10  -0.45  0.05  Sig
0.70953  0.0549362  430  10  -0.35  0.05  Sig
0.55575  0.0489746  430  10  -0.25  0.05  Sig
0.661006  0.0561132  430  10  -0.15  0.05  Sig
0.571618  0.0615169  430  10  -0.05  0.05  Sig
0.489324  0.0724844  430  10  0.05  0.05  Sig
0.57523  0.1233  430  10  0.15  0.05  Sig
0.142782  0.183201  430  10  0.25  0.05  Sig
0.4922  0.298855  430  10  0.35  0.05  Sig
1.14718  0.60649  430  10  0.45  0.05  Sig
-6.33687  621.153  430  10  0.55  0.05  Sig
0.0341935  1.14037  430  10  0.65  0.05  Sig
-0.0835898  1.72103  430  10  0.75  0.05  Sig
-7.16963  299.324  430  10  0.85  0.05  Sig
5.59433  126.804  430  10  0.95  0.05  Sig
0.389806  0.518679  450  10  -0.95  0.05  Sig
0.564836  0.136193  450  10  -0.85  0.05  Sig
0.631558  0.0737059  450  10  -0.75  0.05  Sig
0.67676  0.0467849  450  10  -0.65  0.05  Sig
0.629451  0.0407573  450  10  -0.55  0.05  Sig
0.646015  0.0355189  450  10  -0.45  0.05  Sig
0.708609  0.046656  450  10  -0.35  0.05  Sig
0.663436  0.0448644  450  10  -0.25  0.05  Sig
0.696118  0.040729  450  10  -0.15  0.05  Sig
0.575257  0.0519826  450  10  -0.05  0.05  Sig
0.594751  0.0557488  450  10  0.05  0.05  Sig
0.479532  0.0779434  450  10  0.15  0.05  Sig
0.486468  0.117902  450  10  0.25  0.05  Sig
0.245974  0.186193  450  10  0.35  0.05  Sig
0.0794918  0.284141  450  10  0.45  0.05  Sig
0.583148  0.600914  450  10  0.55  0.05  Sig
-0.296996  0.666483  450  10  0.65  0.05  Sig
4.62474e-07  5.50164  450  10  0.75  0.05  Sig
-0.00389745  79.0722  450  10  0.85  0.05  Sig
0  0  450  10  0.95  0.05  Sig
-0.515606  0.466999  470  10  -0.95  0.05  Sig
0.766305  0.12526  470  10  -0.85  0.05  Sig
0.717824  0.0699735  470  10  -0.75  0.05  Sig
0.639505  0.039185  470  10  -0.65  0.05  Sig
0.679219  0.0336606  470  10  -0.55  0.05  Sig
0.681402  0.0287347  470  10  -0.45  0.05  Sig
0.743722  0.038285  470  10  -0.35  0.05  Sig
0.638985  0.0286481  470  10  -0.25  0.05  Sig
0.644949  0.0311404  470  10  -0.15  0.05  Sig
0.666591  0.0396213  470  10  -0.05  0.05  Sig
0.659519  0.0391904  470  10  0.05  0.05  Sig
0.380028  0.0597826  470  10  0.15  0.05  Sig
0.396106  0.0735567  470  10  0.25  0.05  Sig
0.280557  0.136085  470  10  0.35  0.05  Sig
0.35156  0.203601  470  10  0.45  0.05  Sig
0.225577  0.533459  470  10  0.55  0.05  Sig
-1.68646  1.28639  470  10  0.65  0.05  Sig
-2.72558e-05  29.7482  470  10  0.75  0.05  Sig
0  0  470  10  0.85  0.05  Sig
0  0  470  10  0.95  0.05  Sig
0.249866  0.579278  490  10  -0.95  0.05  Sig
0.90375  0.180328  490  10  -0.85  0.05  Sig
0.63788  0.0761023  490  10  -0.75  0.05  Sig
0.730196  0.0534686  490  10  -0.65  0.05  Sig
0.724137  0.0310209  490  10  -0.55  0.05  Sig
0.675006  0.0321264  490  10  -0.45  0.05  Sig
0.778724  0.0396782  490  10  -0.35  0.05  Sig
0.813838  0.0344964  490  10  -0.25  0.05  Sig
0.7155  0.0328505  490  10  -0.15  0.05  Sig
0.632551  0.0338099  490  10  -0.05  0.05  Sig
0.648679  0.0423429  490  10  0.05  0.05  Sig
0.627972  0.0517405  490  10  0.15  0.05  Sig
0.666857  0.0754867  490  10  0.25  0.05  Sig
0.294844  0.112632  490  10  0.35  0.05  Sig
0.0485171  0.178275  490  10  0.45  0.05  Sig
-0.437218  0.445333  490  10  0.55  0.05  Sig
0.658137  0.482111  490  10  0.65  0.05  Sig
-0.320017  0.973271  490  10  0.75  0.05  Sig
10.5347  424.326  490  10  0.85  0.05  Sig
0  0  490  10  0.95  0.05  Sig
0.87924  0.98494  510  10  -0.95  0.05  Sig
0.593825  0.155223  510  10  -0.85  0.05  Sig
0.687962  0.0532304  510  10  -0.75  0.05  Sig
0.697294  0.035448  510  10  -0.65  0.05  Sig
0.722396  0.0265925  510  10  -0.55  0.05  Sig
0.805038  0.0262161  510  10  -0.45  0.05  Sig
0.818181  0.0289231  510  10  -0.35  0.05  Sig
0.763246  0.0273043  510  10  -0.25  0.05  Sig
0.68151  0.0254835  510  10  -0.15  0.05  Sig
0.764318  0.0272499  510  10  -0.05  0.05  Sig
0.647343  0.0281869  510  10  0.05  0.05  Sig
0.555023  0.0375419  510  10  0.15  0.05  Sig
0.462832  0.0509764  510  10  0.25  0.05  Sig
0.587148  0.0866616  510  10  0.35  0.05  Sig
0.450095  0.164006  510  10  0.45  0.05  Sig
0.480227  0.25417  510  10  0.55  0.05  Sig
0.015603  0.472913  510  10  0.65  0.05  Sig
0.00730823  0.0189656  510  10  0.75  0.05  Sig
-9.89095  414.518  510  10  0.85  0.05  Sig
0  0  510  10  0.95  0.05  Sig
1.11135  0.989878  530  10  -0.95  0.05  Sig
0.536982  0.188406  530  10  -0.85  0.05  Sig
0.745105  0.093294  530  10  -0.75  0.05  Sig
0.710382  0.0401843  530  10  -0.65  0.05  Sig
0.672386  0.0282522  530  10  -0.55  0.05  Sig
0.736326  0.0288093  530  10  -0.45  0.05  Sig
0.788664  0.0305095  530  10  -0.35  0.05  Sig
0.807948  0.0265826  530  10  -0.25  0.05  Sig
0.703876  0.0264705  530  10  -0.15  0.05  Sig
0.710341  0.0263147  530  10  -0.05  0.05  Sig
0.611775  0.0286739  530  10  0.05  0.05  Sig
0.577484  0.0336105  530  10  0.15  0.05  Sig
0.511806  0.045701  530  10  0.25  0.05  Sig
0.49119  0.0688038  530  10  0.35  0.05  Sig
0.421996  0.120193  530  10  0.45  0.05  Sig
0.786182  0.314102  530  10  0.55  0.05  Sig
0.17205  0.351181  530  10  0.65  0.05  Sig
0.625237  0.87958  530  10  0.75  0.05  Sig
0.000109569  28.3706  530  10  0.85  0.05  Sig
2.56704  58.1859  530  10  0.95  0.05  Sig
-0.348296  0.587823  550  10  -0.95  0.05  Sig
0.753688  0.19735  550  10  -0.85  0.05  Sig
0.543475  0.0761331  550  10  -0.75  0.05  Sig
0.643088  0.0561261  550  10  -0.65  0.05  Sig
0.674071  0.0291322  550  10  -0.55  0.05  Sig
0.807396  0.035996  550  10  -0.45  0.05  Sig
0.78416  0.0345995  550  10  -0.35  0.05  Sig
0.756851  0.0288636  550  10  -0.25  0.05  Sig
0.710633  0.0284204  550  10  -0.15  0.05  Sig
0.674166  0.0273953  550  10  -0.05  0.05  Sig
0.643592  0.0284987  550  10  0.05  0.05  Sig
0.588385  0.0334966  550  10  0.15  0.05  Sig
0.575339  0.0458643  550  10  0.25  0.05  Sig
0.460365  0.0671732  550  10  0.35  0.05  Sig
0.257644  0.135827  550  10  0.45  0.05  Sig
0.0366899  0.235168  550  10  0.55  0.05  Sig
-0.0392911  0.43085  550  10  0.65  0.05  Sig
-0.397529  0.705566  550  10  0.75  0.05  Sig
-0.217714  0.605745  550  10  0.85  0.05  Sig
0  0  550  10  0.95  0.05  Sig
-0.197126  0.563478  570  10  -0.95  0.05  Sig
0.51074  0.17173  570  10  -0.85  0.05  Sig
0.614688  0.0792515  570  10  -0.75  0.05  Sig
0.687576  0.0457064  570  10  -0.65  0.05  Sig
0.591561  0.023522  570  10  -0.55  0.05  Sig
0.738766  0.0264429  570  10  -0.45  0.05  Sig
0.764509  0.0254744  570  10  -0.35  0.05  Sig
0.779678  0.0233942  570  10  -0.25  0.05  Sig
0.708757  0.0216243  570  10  -0.15  0.05  Sig
0.662114  0.0202908  570  10  -0.05  0.05  Sig
0.64894  0.020883  570  10  0.05  0.05  Sig
0.563235  0.0230935  570  10  0.15  0.05  Sig
0.546077  0.0302774  570  10  0.25  0.05  Sig
0.460884  0.0434231  570  10  0.35  0.05  Sig
0.22988  0.0797698  570  10  0.45  0.05  Sig
0.290123  0.187687  570  10  0.55  0.05  Sig
-0.250384  0.223184  570  10  0.65  0.05  Sig
-4.06675e-06  3.19394  570  10  0.75  0.05  Sig
-4.89384e-06  16.3028  570  10  0.85  0.05  Sig
0  0  570  10  0.95  0.05  Sig
-0.112818  0.308878  590  10  -0.95  0.05  Sig
0.286285  0.132358  590  10  -0.85  0.05  Sig
0.627861  0.0655631  590  10  -0.75  0.05  Sig
0.809036  0.0476695  590  10  -0.65  0.05  Sig
0.641823  0.0213899  590  10  -0.55  0.05  Sig
0.738964  0.0224747  590  10  -0.45  0.05  Sig
0.781887  0.0219374  590  10  -0.35  0.05  Sig
0.746897  0.0189035  590  10  -0.25  0.05  Sig
0.724424  0.0179207  590  10  -0.15  0.05  Sig
0.703193  0.0167099  590  10  -0.05  0.05  Sig
0.687853  0.0171059  590  10  0.05  0.05  Sig
0.586358  0.0180235  590  10  0.15  0.05  Sig
0.519399  0.0210775  590  10  0.25  0.05  Sig
0.448764  0.0294399  590  10  0.35  0.05  Sig
0.369694  0.0529789  590  10  0.45  0.05  Sig
0.194074  0.119777  590  10  0.55  0.05  Sig
-0.91744  0.353897  590  10  0.65  0.05  Sig
0.955115  0.0214618  590  10  0.75  0.05  Sig
3.27943e-05  1.58544  590  10  0.85  0.05  Sig
1.88466  42.7187  590  10  0.95  0.05  Sig
0.261913  0.197052  610  10  -0.95  0.05  Sig
0.923089  0.218155  610  10  -0.85  0.05  Sig
0.638517  0.08694  610  10  -0.75  0.05  Sig
0.706697  0.0570535  610  10  -0.65  0.05  Sig
0.49523  0.0238036  610  10  -0.55  0.05  Sig
0.702523  0.0251062  610  10  -0.45  0.05  Sig
0.7841  0.0231389  610  10  -0.35  0.05  Sig
0.734368  0.0202199  610  10  -0.25  0.05  Sig
0.760292  0.018511  610  10  -0.15  0.05  Sig
0.705665  0.017986  610  10  -0.05  0.05  Sig
0.663858  0.0173235  610  10  0.05  0.05  Sig
0.647084  0.0188538  610  10  0.15  0.05  Sig
0.581804  0.0211355  610  10  0.25  0.05  Sig
0.504703  0.0274737  610  10  0.35  0.05  Sig
0.401847  0.0426823  610  10  0.45  0.05  Sig
0.22003  0.0963192  610  10  0.55  0.05  Sig
0.108586  0.236966  610  10  0.65  0.05  Sig
0.188403  0.413871  610  10  0.75  0.05  Sig
1.83991  41.5781  610  10  0.85  0.05  Sig
0  0  610  10  0.95  0.05  Sig
-0.104038  0.54681  630  10  -0.95  0.05  Sig
0.380046  0.35785  630  10  -0.85  0.05  Sig
0.376184  0.143281  630  10  -0.75  0.05  Sig
0.637859  0.083705  630  10  -0.65  0.05  Sig
0.559126  0.0531238  630  10  -0.55  0.05  Sig
0.659558  0.0430814  630  10  -0.45  0.05  Sig
0.803131  0.0402859  630  10  -0.35  0.05  Sig
0.805115  0.0377155  630  10  -0.25  0.05  Sig
0.766958  0.0360121  630  10  -0.15  0.05  Sig
0.739313  0.0334592  630  10  -0.05  0.05  Sig
0.687568  0.0352152  630  10  0.05  0.05  Sig
0.66464  0.0363947  630  10  0.15  0.05  Sig
0.591377  0.0384002  630  10  0.25  0.05  Sig
0.599083  0.0482584  630  10  0.35  0.05  Sig
0.546123  0.0674483  630  10  0.45  0.05  Sig
0.326715  0.147955  630  10  0.55  0.05  Sig
0.261194  0.49637  630  10  0.65  0.05  Sig
0.000107443  6.39723  630  10  0.75  0.05  Sig
-1.89512  42.6293  630  10  0.85  0.05  Sig
0  0  630  10  0.95  0.05  Sig
