0.431382  0.145687  430  10  -0.95  0.05  TimeCoinc
0.687068  0.0953753  430  10  -0.85  0.05  TimeCoinc
0.66838  0.0458209  430  10  -0.75  0.05  TimeCoinc
0.62772  0.0304475  430  10  -0.65  0.05  TimeCoinc
0.721371  0.0255444  430  10  -0.55  0.05  TimeCoinc
0.676111  0.0243604  430  10  -0.45  0.05  TimeCoinc
0.673114  0.0256023  430  10  -0.35  0.05  TimeCoinc
0.725586  0.0287047  430  10  -0.25  0.05  TimeCoinc
0.69836  0.0350028  430  10  -0.15  0.05  TimeCoinc
0.673904  0.045083  430  10  -0.05  0.05  TimeCoinc
0.635393  0.0604567  430  10  0.05  0.05  TimeCoinc
0.624139  0.0857617  430  10  0.15  0.05  TimeCoinc
0.503749  0.11925  430  10  0.25  0.05  TimeCoinc
0.631326  0.178563  430  10  0.35  0.05  TimeCoinc
0.703143  0.27697  430  10  0.45  0.05  TimeCoinc
0.649711  0.506917  430  10  0.55  0.05  TimeCoinc
1.22719  1.24857  430  10  0.65  0.05  TimeCoinc
0  0  430  10  0.75  0.05  TimeCoinc
-0.20994  0.319384  430  10  0.85  0.05  TimeCoinc
-0.534885  0.790307  430  10  0.95  0.05  TimeCoinc
0.51958  0.13532  450  10  -0.95  0.05  TimeCoinc
0.566171  0.0777862  450  10  -0.85  0.05  TimeCoinc
0.721325  0.0351066  450  10  -0.75  0.05  TimeCoinc
0.753619  0.0236623  450  10  -0.65  0.05  TimeCoinc
0.720671  0.0197702  450  10  -0.55  0.05  TimeCoinc
0.73906  0.018354  450  10  -0.45  0.05  TimeCoinc
0.682906  0.0182815  450  10  -0.35  0.05  TimeCoinc
0.70484  0.0194596  450  10  -0.25  0.05  TimeCoinc
0.694563  0.0223266  450  10  -0.15  0.05  TimeCoinc
0.600705  0.0281026  450  10  -0.05  0.05  TimeCoinc
0.629779  0.037191  450  10  0.05  0.05  TimeCoinc
0.736866  0.0529718  450  10  0.15  0.05  TimeCoinc
0.533051  0.0777239  450  10  0.25  0.05  TimeCoinc
0.574137  0.113067  450  10  0.35  0.05  TimeCoinc
0.10819  0.172594  450  10  0.45  0.05  TimeCoinc
0.13254  0.299083  450  10  0.55  0.05  TimeCoinc
-0.504991  0.527105  450  10  0.65  0.05  TimeCoinc
0.109129  0.113717  450  10  0.75  0.05  TimeCoinc
-0.972181  0.767264  450  10  0.85  0.05  TimeCoinc
-0.297122  0.824784  450  10  0.95  0.05  TimeCoinc
0.676358  0.137473  470  10  -0.95  0.05  TimeCoinc
0.718861  0.06948  470  10  -0.85  0.05  TimeCoinc
0.813539  0.0301614  470  10  -0.75  0.05  TimeCoinc
0.735142  0.0206684  470  10  -0.65  0.05  TimeCoinc
0.761548  0.0170568  470  10  -0.55  0.05  TimeCoinc
0.747419  0.0156591  470  10  -0.45  0.05  TimeCoinc
0.706846  0.0151445  470  10  -0.35  0.05  TimeCoinc
0.708806  0.015369  470  10  -0.25  0.05  TimeCoinc
0.679249  0.016648  470  10  -0.15  0.05  TimeCoinc
0.694094  0.0194482  470  10  -0.05  0.05  TimeCoinc
0.654187  0.025068  470  10  0.05  0.05  TimeCoinc
0.610049  0.0347554  470  10  0.15  0.05  TimeCoinc
0.463575  0.0514629  470  10  0.25  0.05  TimeCoinc
0.524838  0.0789843  470  10  0.35  0.05  TimeCoinc
0.523134  0.119786  470  10  0.45  0.05  TimeCoinc
0.671046  0.187065  470  10  0.55  0.05  TimeCoinc
0.302737  0.377662  470  10  0.65  0.05  TimeCoinc
0.355494  0.301872  470  10  0.75  0.05  TimeCoinc
0.114146  0.634889  470  10  0.85  0.05  TimeCoinc
-0.0688978  0.72219  470  10  0.95  0.05  TimeCoinc
0.718333  0.156635  490  10  -0.95  0.05  TimeCoinc
0.727077  0.0711377  490  10  -0.85  0.05  TimeCoinc
0.790552  0.0317427  490  10  -0.75  0.05  TimeCoinc
0.807237  0.0217498  490  10  -0.65  0.05  TimeCoinc
0.75801  0.0180019  490  10  -0.55  0.05  TimeCoinc
0.747392  0.0163022  490  10  -0.45  0.05  TimeCoinc
0.748745  0.0154086  490  10  -0.35  0.05  TimeCoinc
0.723256  0.0152884  490  10  -0.25  0.05  TimeCoinc
0.702395  0.0159569  490  10  -0.15  0.05  TimeCoinc
0.683878  0.0176267  490  10  -0.05  0.05  TimeCoinc
0.647229  0.0215005  490  10  0.05  0.05  TimeCoinc
0.581778  0.0289099  490  10  0.15  0.05  TimeCoinc
0.591113  0.0428724  490  10  0.25  0.05  TimeCoinc
0.66092  0.0665998  490  10  0.35  0.05  TimeCoinc
0.391692  0.10536  490  10  0.45  0.05  TimeCoinc
0.215778  0.167223  490  10  0.55  0.05  TimeCoinc
-0.00892427  0.317399  490  10  0.65  0.05  TimeCoinc
1.75388e-07  2.71404e-07  490  10  0.75  0.05  TimeCoinc
0.00926603  70.8267  490  10  0.85  0.05  TimeCoinc
0.000430657  152.437  490  10  0.95  0.05  TimeCoinc
0.619869  0.151638  510  10  -0.95  0.05  TimeCoinc
0.813986  0.0610656  510  10  -0.85  0.05  TimeCoinc
0.842509  0.0265824  510  10  -0.75  0.05  TimeCoinc
0.792087  0.018194  510  10  -0.65  0.05  TimeCoinc
0.788554  0.0149917  510  10  -0.55  0.05  TimeCoinc
0.777757  0.0134267  510  10  -0.45  0.05  TimeCoinc
0.73013  0.0125849  510  10  -0.35  0.05  TimeCoinc
0.700523  0.0123286  510  10  -0.25  0.05  TimeCoinc
0.700727  0.012454  510  10  -0.15  0.05  TimeCoinc
0.661447  0.013321  510  10  -0.05  0.05  TimeCoinc
0.677867  0.0153915  510  10  0.05  0.05  TimeCoinc
0.628382  0.0197277  510  10  0.15  0.05  TimeCoinc
0.57253  0.0284844  510  10  0.25  0.05  TimeCoinc
0.4487  0.04475  510  10  0.35  0.05  TimeCoinc
0.427675  0.0742369  510  10  0.45  0.05  TimeCoinc
0.637333  0.114403  510  10  0.55  0.05  TimeCoinc
0.188925  0.148749  510  10  0.65  0.05  TimeCoinc
-0.320899  0.160511  510  10  0.75  0.05  TimeCoinc
0.000308793  -0.0065641  510  10  0.85  0.05  TimeCoinc
0.644892  0.915547  510  10  0.95  0.05  TimeCoinc
1.08807  0.170033  530  10  -0.95  0.05  TimeCoinc
0.777936  0.0657361  530  10  -0.85  0.05  TimeCoinc
0.807503  0.0285295  530  10  -0.75  0.05  TimeCoinc
0.82074  0.0194436  530  10  -0.65  0.05  TimeCoinc
0.807551  0.0159128  530  10  -0.55  0.05  TimeCoinc
0.791257  0.0141411  530  10  -0.45  0.05  TimeCoinc
0.747961  0.0132127  530  10  -0.35  0.05  TimeCoinc
0.740029  0.0127747  530  10  -0.25  0.05  TimeCoinc
0.688321  0.0126709  530  10  -0.15  0.05  TimeCoinc
0.677599  0.0132622  530  10  -0.05  0.05  TimeCoinc
0.641736  0.0144677  530  10  0.05  0.05  TimeCoinc
0.586098  0.0176868  530  10  0.15  0.05  TimeCoinc
0.555788  0.0242365  530  10  0.25  0.05  TimeCoinc
0.58543  0.038119  530  10  0.35  0.05  TimeCoinc
0.521766  0.0640001  530  10  0.45  0.05  TimeCoinc
0.51271  0.101692  530  10  0.55  0.05  TimeCoinc
0.570455  0.199171  530  10  0.65  0.05  TimeCoinc
-0.123342  0.446776  530  10  0.75  0.05  TimeCoinc
-1.67436e-05  5.65308  530  10  0.85  0.05  TimeCoinc
-0.649739  0.678628  530  10  0.95  0.05  TimeCoinc
0.729907  0.202543  550  10  -0.95  0.05  TimeCoinc
0.978096  0.0728338  550  10  -0.85  0.05  TimeCoinc
0.79216  0.0324816  550  10  -0.75  0.05  TimeCoinc
0.811178  0.0218583  550  10  -0.65  0.05  TimeCoinc
0.816707  0.0177781  550  10  -0.55  0.05  TimeCoinc
0.781631  0.0157598  550  10  -0.45  0.05  TimeCoinc
0.769395  0.014704  550  10  -0.35  0.05  TimeCoinc
0.713895  0.014049  550  10  -0.25  0.05  TimeCoinc
0.703697  0.0138656  550  10  -0.15  0.05  TimeCoinc
0.685112  0.0142439  550  10  -0.05  0.05  TimeCoinc
0.646168  0.0153329  550  10  0.05  0.05  TimeCoinc
0.576826  0.0180335  550  10  0.15  0.05  TimeCoinc
0.609203  0.0237957  550  10  0.25  0.05  TimeCoinc
0.535935  0.0361231  550  10  0.35  0.05  TimeCoinc
0.352599  0.0610581  550  10  0.45  0.05  TimeCoinc
0.141876  0.106479  550  10  0.55  0.05  TimeCoinc
0.223879  0.167654  550  10  0.65  0.05  TimeCoinc
-0.354877  0.195638  550  10  0.75  0.05  TimeCoinc
-0.00455073  9.13613  550  10  0.85  0.05  TimeCoinc
-0.0115781  -0.0211491  550  10  0.95  0.05  TimeCoinc
0.343552  0.160109  570  10  -0.95  0.05  TimeCoinc
0.750047  0.0598048  570  10  -0.85  0.05  TimeCoinc
0.75142  0.0260396  570  10  -0.75  0.05  TimeCoinc
0.841692  0.0174289  570  10  -0.65  0.05  TimeCoinc
0.810418  0.014052  570  10  -0.55  0.05  TimeCoinc
0.791702  0.0123204  570  10  -0.45  0.05  TimeCoinc
0.769901  0.011339  570  10  -0.35  0.05  TimeCoinc
0.758562  0.0108001  570  10  -0.25  0.05  TimeCoinc
0.726619  0.0106439  570  10  -0.15  0.05  TimeCoinc
0.68208  0.0107755  570  10  -0.05  0.05  TimeCoinc
0.659374  0.0113281  570  10  0.05  0.05  TimeCoinc
0.594283  0.0127759  570  10  0.15  0.05  TimeCoinc
0.554849  0.0158672  570  10  0.25  0.05  TimeCoinc
0.501116  0.02314  570  10  0.35  0.05  TimeCoinc
0.37024  0.0385499  570  10  0.45  0.05  TimeCoinc
0.295524  0.0707374  570  10  0.55  0.05  TimeCoinc
0.449831  0.120255  570  10  0.65  0.05  TimeCoinc
-0.71304  0.274851  570  10  0.75  0.05  TimeCoinc
-9.01708e-11  -0.000108578  570  10  0.85  0.05  TimeCoinc
0.187745  0.560069  570  10  0.95  0.05  TimeCoinc
0.335556  0.132032  590  10  -0.95  0.05  TimeCoinc
0.719468  0.052522  590  10  -0.85  0.05  TimeCoinc
0.772716  0.0231877  590  10  -0.75  0.05  TimeCoinc
0.846292  0.0151186  590  10  -0.65  0.05  TimeCoinc
0.808422  0.0121116  590  10  -0.55  0.05  TimeCoinc
0.805597  0.0105068  590  10  -0.45  0.05  TimeCoinc
0.784527  0.00957264  590  10  -0.35  0.05  TimeCoinc
0.770979  0.0090623  590  10  -0.25  0.05  TimeCoinc
0.750102  0.00886172  590  10  -0.15  0.05  TimeCoinc
0.719479  0.00897463  590  10  -0.05  0.05  TimeCoinc
0.68068  0.00936086  590  10  0.05  0.05  TimeCoinc
0.632646  0.0103282  590  10  0.15  0.05  TimeCoinc
0.584241  0.0122589  590  10  0.25  0.05  TimeCoinc
0.504608  0.0167887  590  10  0.35  0.05  TimeCoinc
0.409482  0.0279533  590  10  0.45  0.05  TimeCoinc
0.358203  0.0516385  590  10  0.55  0.05  TimeCoinc
0.0103165  0.094984  590  10  0.65  0.05  TimeCoinc
0.0458107  0.1897  590  10  0.75  0.05  TimeCoinc
0.0453527  0.0611869  590  10  0.85  0.05  TimeCoinc
-0.0734224  0.334113  590  10  0.95  0.05  TimeCoinc
0.268661  0.16162  610  10  -0.95  0.05  TimeCoinc
0.549127  0.0660281  610  10  -0.85  0.05  TimeCoinc
0.753155  0.0262428  610  10  -0.75  0.05  TimeCoinc
0.829935  0.0172369  610  10  -0.65  0.05  TimeCoinc
0.808593  0.0133726  610  10  -0.55  0.05  TimeCoinc
0.835584  0.0113287  610  10  -0.45  0.05  TimeCoinc
0.834527  0.0102405  610  10  -0.35  0.05  TimeCoinc
0.811795  0.00963447  610  10  -0.25  0.05  TimeCoinc
0.772409  0.0093688  610  10  -0.15  0.05  TimeCoinc
0.754083  0.00941956  610  10  -0.05  0.05  TimeCoinc
0.726653  0.00974766  610  10  0.05  0.05  TimeCoinc
0.668638  0.0106002  610  10  0.15  0.05  TimeCoinc
0.619746  0.0122407  610  10  0.25  0.05  TimeCoinc
0.542041  0.0161538  610  10  0.35  0.05  TimeCoinc
0.483213  0.0254154  610  10  0.45  0.05  TimeCoinc
0.410412  0.0483964  610  10  0.55  0.05  TimeCoinc
0.272594  0.0891548  610  10  0.65  0.05  TimeCoinc
0.334258  0.17339  610  10  0.75  0.05  TimeCoinc
-0.474845  0.376578  610  10  0.85  0.05  TimeCoinc
-0.00112587  26.2617  610  10  0.95  0.05  TimeCoinc
0.473884  0.285953  630  10  -0.95  0.05  TimeCoinc
0.695515  0.12944  630  10  -0.85  0.05  TimeCoinc
0.697977  0.0538714  630  10  -0.75  0.05  TimeCoinc
0.836906  0.0344885  630  10  -0.65  0.05  TimeCoinc
0.870117  0.0270322  630  10  -0.55  0.05  TimeCoinc
0.836411  0.0229793  630  10  -0.45  0.05  TimeCoinc
0.883988  0.0202476  630  10  -0.35  0.05  TimeCoinc
0.852745  0.0190084  630  10  -0.25  0.05  TimeCoinc
0.824378  0.0184278  630  10  -0.15  0.05  TimeCoinc
0.815597  0.0183096  630  10  -0.05  0.05  TimeCoinc
0.761051  0.0188008  630  10  0.05  0.05  TimeCoinc
0.725776  0.0199701  630  10  0.15  0.05  TimeCoinc
0.669135  0.0229626  630  10  0.25  0.05  TimeCoinc
0.639892  0.028746  630  10  0.35  0.05  TimeCoinc
0.567347  0.0438563  630  10  0.45  0.05  TimeCoinc
0.320191  0.0820833  630  10  0.55  0.05  TimeCoinc
0.237347  0.160054  630  10  0.65  0.05  TimeCoinc
-0.640351  0.239718  630  10  0.75  0.05  TimeCoinc
-9.61333e-07  7.48695  630  10  0.85  0.05  TimeCoinc
-1.34866e-05  1.00962e-05  630  10  0.95  0.05  TimeCoinc
