0.224905  410  -0.95   Sig
0.588183  410  -0.85   Sig
0.66612  410  -0.75   Sig
0.797638  410  -0.65   Sig
9.7595  410  -0.55   Sig
-0.0276201  410  -0.45   Sig
0.696534  410  -0.35   Sig
0  410  -0.25   Sig
0.708013  410  -0.15   Sig
0.54807  410  -0.05   Sig
0.413712  410  0.05   Sig
0.674053  410  0.15   Sig
0.311664  410  0.25   Sig
0.91977  410  0.35   Sig
3.42202  410  0.45   Sig
-0.441499  410  0.55   Sig
0.00246405  410  0.65   Sig
0  410  0.75   Sig
-7.1875  410  0.85   Sig
0  410  0.95   Sig
3.18347  430  -0.95   Sig
0.94937  430  -0.85   Sig
0.586042  430  -0.75   Sig
0.623264  430  -0.65   Sig
0.704161  430  -0.55   Sig
0.713896  430  -0.45   Sig
-6.18392e-05  430  -0.35   Sig
-0.00064285  430  -0.25   Sig
0.712844  430  -0.15   Sig
0.693365  430  -0.05   Sig
0.43298  430  0.05   Sig
0.594455  430  0.15   Sig
0.279641  430  0.25   Sig
-5.0933  430  0.35   Sig
0.920571  430  0.45   Sig
-0.0505897  430  0.55   Sig
-0.00379086  430  0.65   Sig
1.56457  430  0.75   Sig
0  430  0.85   Sig
0  430  0.95   Sig
1.12761  450  -0.95   Sig
0.492656  450  -0.85   Sig
0.679952  450  -0.75   Sig
0.733733  450  -0.65   Sig
0.723268  450  -0.55   Sig
0.672765  450  -0.45   Sig
0.69424  450  -0.35   Sig
0.649806  450  -0.25   Sig
0.701461  450  -0.15   Sig
0.618226  450  -0.05   Sig
0.645575  450  0.05   Sig
0.520572  450  0.15   Sig
0.274663  450  0.25   Sig
0.29856  450  0.35   Sig
-0.288423  450  0.45   Sig
-0.0373508  450  0.55   Sig
-0.164733  450  0.65   Sig
0  450  0.75   Sig
0  450  0.85   Sig
0  450  0.95   Sig
0.85659  470  -0.95   Sig
0.679772  470  -0.85   Sig
0.829427  470  -0.75   Sig
0.729353  470  -0.65   Sig
0.703852  470  -0.55   Sig
0.755364  470  -0.45   Sig
0.739321  470  -0.35   Sig
0.706756  470  -0.25   Sig
0.688894  470  -0.15   Sig
0.603051  470  -0.05   Sig
0.615312  470  0.05   Sig
0.534034  470  0.15   Sig
0.484169  470  0.25   Sig
0.431854  470  0.35   Sig
0.481503  470  0.45   Sig
-0.226352  470  0.55   Sig
-9.09424e-06  470  0.65   Sig
0.000580398  470  0.75   Sig
0.000109822  470  0.85   Sig
0  470  0.95   Sig
0.835147  490  -0.95   Sig
0.656017  490  -0.85   Sig
0.774875  490  -0.75   Sig
0.762377  490  -0.65   Sig
0.743781  490  -0.55   Sig
0.735502  490  -0.45   Sig
0.768821  490  -0.35   Sig
0.731727  490  -0.25   Sig
0.740825  490  -0.15   Sig
0.655562  490  -0.05   Sig
0.646775  490  0.05   Sig
0.591691  490  0.15   Sig
0.644874  490  0.25   Sig
0.369836  490  0.35   Sig
0.339241  490  0.45   Sig
0.34142  490  0.55   Sig
1.25216  490  0.65   Sig
0.95398  490  0.75   Sig
0  490  0.85   Sig
0  490  0.95   Sig
0.437772  510  -0.95   Sig
0.810496  510  -0.85   Sig
0.789003  510  -0.75   Sig
0.777672  510  -0.65   Sig
0.730383  510  -0.55   Sig
0.795238  510  -0.45   Sig
0.776573  510  -0.35   Sig
0.745647  510  -0.25   Sig
0.727637  510  -0.15   Sig
0.669247  510  -0.05   Sig
0.6041  510  0.05   Sig
0.708566  510  0.15   Sig
0.489473  510  0.25   Sig
0.578042  510  0.35   Sig
0.466756  510  0.45   Sig
-0.114328  510  0.55   Sig
-0.00124171  510  0.65   Sig
3.52242  510  0.75   Sig
-1.79022  510  0.85   Sig
0  510  0.95   Sig
0.967972  530  -0.95   Sig
0.776375  530  -0.85   Sig
0.711611  530  -0.75   Sig
0.806936  530  -0.65   Sig
0.743864  530  -0.55   Sig
0.785087  530  -0.45   Sig
0.772301  530  -0.35   Sig
0.79301  530  -0.25   Sig
0.70236  530  -0.15   Sig
0.690854  530  -0.05   Sig
0.69186  530  0.05   Sig
0.621086  530  0.15   Sig
0.579796  530  0.25   Sig
0.468145  530  0.35   Sig
0.358662  530  0.45   Sig
0.322725  530  0.55   Sig
1.19121  530  0.65   Sig
0.00151381  530  0.75   Sig
1.95315e-06  530  0.85   Sig
0  530  0.95   Sig
-2.02591e-06  550  -0.95   Sig
0.944303  550  -0.85   Sig
0.780613  550  -0.75   Sig
0.78929  550  -0.65   Sig
0.753465  550  -0.55   Sig
0.778619  550  -0.45   Sig
0.764114  550  -0.35   Sig
0.795467  550  -0.25   Sig
0.681997  550  -0.15   Sig
0.69459  550  -0.05   Sig
0.625363  550  0.05   Sig
0.634683  550  0.15   Sig
0.59103  550  0.25   Sig
0.495276  550  0.35   Sig
0.215761  550  0.45   Sig
0.0895446  550  0.55   Sig
-0.280951  550  0.65   Sig
0  550  0.75   Sig
0.00043001  550  0.85   Sig
0  550  0.95   Sig
-0.262491  570  -0.95   Sig
0.671306  570  -0.85   Sig
0.70603  570  -0.75   Sig
0.785366  570  -0.65   Sig
0.71415  570  -0.55   Sig
0.824871  570  -0.45   Sig
0.804412  570  -0.35   Sig
0.76179  570  -0.25   Sig
0.72398  570  -0.15   Sig
0.700982  570  -0.05   Sig
0.646873  570  0.05   Sig
0.606651  570  0.15   Sig
0.496663  570  0.25   Sig
0.478791  570  0.35   Sig
0.269734  570  0.45   Sig
0.190235  570  0.55   Sig
0.0333933  570  0.65   Sig
-0.000140119  570  0.75   Sig
0  570  0.85   Sig
0  570  0.95   Sig
0.354487  590  -0.95   Sig
0.654407  590  -0.85   Sig
0.707667  590  -0.75   Sig
0.781923  590  -0.65   Sig
0.763609  590  -0.55   Sig
0.797943  590  -0.45   Sig
0.788971  590  -0.35   Sig
0.781293  590  -0.25   Sig
0.70622  590  -0.15   Sig
0.704468  590  -0.05   Sig
0.664083  590  0.05   Sig
0.619224  590  0.15   Sig
0.594821  590  0.25   Sig
0.467297  590  0.35   Sig
0.439573  590  0.45   Sig
0.2457  590  0.55   Sig
-0.258092  590  0.65   Sig
-0.477775  590  0.75   Sig
-6.08302  590  0.85   Sig
0  590  0.95   Sig
0.386662  610  -0.95   Sig
0.871376  610  -0.85   Sig
0.790818  610  -0.75   Sig
0.774854  610  -0.65   Sig
0.753269  610  -0.55   Sig
0.805488  610  -0.45   Sig
0.875102  610  -0.35   Sig
0.762195  610  -0.25   Sig
0.764064  610  -0.15   Sig
0.721963  610  -0.05   Sig
0.709101  610  0.05   Sig
0.693442  610  0.15   Sig
0.630861  610  0.25   Sig
0.527454  610  0.35   Sig
0.441538  610  0.45   Sig
0.178192  610  0.55   Sig
0.0488387  610  0.65   Sig
8.0043e-05  610  0.75   Sig
0  610  0.85   Sig
0  610  0.95   Sig
0.295099  630  -0.95   Sig
0.595518  630  -0.85   Sig
0.637938  630  -0.75   Sig
0.777574  630  -0.65   Sig
0.710629  630  -0.55   Sig
0.836559  630  -0.45   Sig
0.925075  630  -0.35   Sig
0.827952  630  -0.25   Sig
0.815266  630  -0.15   Sig
0.812861  630  -0.05   Sig
0.720766  630  0.05   Sig
0.691785  630  0.15   Sig
0.604617  630  0.25   Sig
0.586471  630  0.35   Sig
0.643739  630  0.45   Sig
0.165527  630  0.55   Sig
0.0532992  630  0.65   Sig
0.124739  630  0.75   Sig
-0.109603  630  0.85   Sig
0  630  0.95   Sig
