-0.805288  0.136614   430.00   10  -0.95  0.05
0.693648  0.0933023   430.00   10  -0.85  0.05
0.730342  0.0347557   430.00   10  -0.75  0.05
0.652368  0.0240179   430.00   10  -0.65  0.05
0.756022  0.0209496   430.00   10  -0.55  0.05
0.644141  0.0224858   430.00   10  -0.45  0.05
0.731684  0.0228998   430.00   10  -0.35  0.05
0.717429  0.0272641   430.00   10  -0.25  0.05
0.638636  0.0310399   430.00   10  -0.15  0.05
0.605546  0.0437295   430.00   10  -0.05  0.05
0.561421  0.0601433   430.00   10  0.05  0.05
0.661729  0.057517   430.00   10  0.15  0.05
0.408252  0.13321   430.00   10  0.25  0.05
0.373994  0.165831   430.00   10  0.35  0.05
-0.338631  0.420995   430.00   10  0.45  0.05
-0.456506  13.981   430.00   10  0.55  0.05
0.308728  2.50762   430.00   10  0.65  0.05
0.999999  0.00188517   430.00   10  0.75  0.05
-0.692092  0.0512222   430.00   10  0.85  0.05
0.0691897  0.0692191   430.00   10  0.95  0.05
0.694614  2.90902   450.00   10  -0.95  0.05
0.64202  0.0644699   450.00   10  -0.85  0.05
0.740637  0.0246946   450.00   10  -0.75  0.05
0.72754  0.0199977   450.00   10  -0.65  0.05
0.679884  0.017038   450.00   10  -0.55  0.05
0.71971  0.0159018   450.00   10  -0.45  0.05
0.717037  0.0167508   450.00   10  -0.35  0.05
0.714663  0.0185629   450.00   10  -0.25  0.05
0.730506  0.0194176   450.00   10  -0.15  0.05
0.610147  0.022519   450.00   10  -0.05  0.05
0.644745  0.0324526   450.00   10  0.05  0.05
0.618287  0.0391843   450.00   10  0.15  0.05
0.622381  0.0574793   450.00   10  0.25  0.05
0.558417  0.0966961   450.00   10  0.35  0.05
0.404698  0.126355   450.00   10  0.45  0.05
0.524627  0.227907   450.00   10  0.55  0.05
-0.613737  0.353231   450.00   10  0.65  0.05
0.837614  0.0325688   450.00   10  0.75  0.05
1  2.86745e-05   450.00   10  0.85  0.05
-0.129895  0.0578591   450.00   10  0.95  0.05
0.435658  0.286376   470.00   10  -0.95  0.05
0.679162  0.0545965   470.00   10  -0.85  0.05
0.769866  0.0230646   470.00   10  -0.75  0.05
0.775944  0.0159893   470.00   10  -0.65  0.05
0.745809  0.0136498   470.00   10  -0.55  0.05
0.747424  0.0128264   470.00   10  -0.45  0.05
0.733574  0.0144771   470.00   10  -0.35  0.05
0.7554  0.0130448   470.00   10  -0.25  0.05
0.6756  0.0159569   470.00   10  -0.15  0.05
0.689805  0.0186047   470.00   10  -0.05  0.05
0.646687  0.0239723   470.00   10  0.05  0.05
0.625616  0.0308359   470.00   10  0.15  0.05
0.490257  0.0417795   470.00   10  0.25  0.05
0.387483  0.088802   470.00   10  0.35  0.05
0.294149  0.133229   470.00   10  0.45  0.05
0.242506  0.405189   470.00   10  0.55  0.05
0.644474  13.563   470.00   10  0.65  0.05
-0.959137  0.0460752   470.00   10  0.75  0.05
0.660216  0.0338315   470.00   10  0.85  0.05
0.271513  0.0486421   470.00   10  0.95  0.05
0.610484  0.138467   490.00   10  -0.95  0.05
0.776818  0.0637395   490.00   10  -0.85  0.05
0.765527  0.0246976   490.00   10  -0.75  0.05
0.759935  0.0185951   490.00   10  -0.65  0.05
0.753012  0.0137206   490.00   10  -0.55  0.05
0.770939  0.0136918   490.00   10  -0.45  0.05
0.799207  0.013038   490.00   10  -0.35  0.05
0.756023  0.0131131   490.00   10  -0.25  0.05
0.737323  0.0141752   490.00   10  -0.15  0.05
0.692059  0.0163022   490.00   10  -0.05  0.05
0.660053  0.0212787   490.00   10  0.05  0.05
0.600574  0.0273171   490.00   10  0.15  0.05
0.660531  0.034133   490.00   10  0.25  0.05
0.491669  0.0482193   490.00   10  0.35  0.05
0.267202  0.129658   490.00   10  0.45  0.05
-0.136255  0.283513   490.00   10  0.55  0.05
-0.55533  0.225115   490.00   10  0.65  0.05
1  0.00022998   490.00   10  0.75  0.05
0.630078  0.0336286   490.00   10  0.85  0.05
1  0.000305686   490.00   10  0.95  0.05
0.999999  5.17232e-05   510.00   10  -0.95  0.05
0.782581  0.0388103   510.00   10  -0.85  0.05
0.812394  0.0175313   510.00   10  -0.75  0.05
0.794746  0.0134487   510.00   10  -0.65  0.05
0.78077  0.0113291   510.00   10  -0.55  0.05
0.774742  0.0107964   510.00   10  -0.45  0.05
0.775398  0.0107078   510.00   10  -0.35  0.05
0.720826  0.0106615   510.00   10  -0.25  0.05
0.731638  0.0108838   510.00   10  -0.15  0.05
0.665917  0.0119575   510.00   10  -0.05  0.05
0.679433  0.0144665   510.00   10  0.05  0.05
0.623668  0.0199203   510.00   10  0.15  0.05
0.548541  0.0260096   510.00   10  0.25  0.05
0.393737  0.0506923   510.00   10  0.35  0.05
0.535224  0.0692737   510.00   10  0.45  0.05
0.324239  0.137934   510.00   10  0.55  0.05
0.178787  4.04108   510.00   10  0.65  0.05
0.378774  0.548504   510.00   10  0.75  0.05
0.275897  0.0270822   510.00   10  0.85  0.05
-1  0.00032911   510.00   10  0.95  0.05
0.999999  4.31476e-05   530.00   10  -0.95  0.05
0.824419  0.031201   530.00   10  -0.85  0.05
0.813867  0.0182642   530.00   10  -0.75  0.05
0.825516  0.0131967   530.00   10  -0.65  0.05
0.830903  0.0112883   530.00   10  -0.55  0.05
0.800762  0.0107766   530.00   10  -0.45  0.05
0.7846  0.0114023   530.00   10  -0.35  0.05
0.751173  0.0116267   530.00   10  -0.25  0.05
0.71223  0.0118691   530.00   10  -0.15  0.05
0.722899  0.0119737   530.00   10  -0.05  0.05
0.649144  0.0139026   530.00   10  0.05  0.05
0.571814  0.0173855   530.00   10  0.15  0.05
0.520131  0.0221993   530.00   10  0.25  0.05
0.507374  0.0387097   530.00   10  0.35  0.05
0.415053  0.0684881   530.00   10  0.45  0.05
0.276706  0.148531   530.00   10  0.55  0.05
-0.173776  1.10111   530.00   10  0.65  0.05
1  6.87495e-07   530.00   10  0.75  0.05
-1  0.00271091   530.00   10  0.85  0.05
-0.6708  0.0363889   530.00   10  0.95  0.05
1  4.37111e-05   550.00   10  -0.95  0.05
0.844257  0.0184966   550.00   10  -0.85  0.05
0.779675  0.0216538   550.00   10  -0.75  0.05
0.808191  0.0147811   550.00   10  -0.65  0.05
0.793528  0.0129096   550.00   10  -0.55  0.05
0.78169  0.0126102   550.00   10  -0.45  0.05
0.794453  0.0122351   550.00   10  -0.35  0.05
0.745117  0.0125662   550.00   10  -0.25  0.05
0.739204  0.0129287   550.00   10  -0.15  0.05
0.708491  0.0132643   550.00   10  -0.05  0.05
0.640566  0.0144211   550.00   10  0.05  0.05
0.563892  0.0185703   550.00   10  0.15  0.05
0.588433  0.0246347   550.00   10  0.25  0.05
0.480298  0.0369137   550.00   10  0.35  0.05
0.376125  0.0679296   550.00   10  0.45  0.05
0.415613  13.9262   550.00   10  0.55  0.05
-0.239537  3.36018   550.00   10  0.65  0.05
-0.264128  0.543389   550.00   10  0.75  0.05
-0.999999  0.00188843   550.00   10  0.85  0.05
-0.137927  0.0436657   550.00   10  0.95  0.05
0.803435  0.0229086   570.00   10  -0.95  0.05
0.732482  0.0409023   570.00   10  -0.85  0.05
0.756293  0.0163051   570.00   10  -0.75  0.05
0.798952  0.0119712   570.00   10  -0.65  0.05
0.733621  0.00901874   570.00   10  -0.55  0.05
0.782736  0.00928661   570.00   10  -0.45  0.05
0.792536  0.00906716   570.00   10  -0.35  0.05
0.769559  0.0094589   570.00   10  -0.25  0.05
0.72012  0.00983613   570.00   10  -0.15  0.05
0.691806  0.00979913   570.00   10  -0.05  0.05
0.660423  0.0104837   570.00   10  0.05  0.05
0.581153  0.0131419   570.00   10  0.15  0.05
0.552989  0.0167643   570.00   10  0.25  0.05
0.485591  0.0257715   570.00   10  0.35  0.05
0.287421  0.0482464   570.00   10  0.45  0.05
0.0601051  0.106126   570.00   10  0.55  0.05
-0.0416494  3.21736   570.00   10  0.65  0.05
0.343348  0.20742   570.00   10  0.75  0.05
-0.999999  0.000416415   570.00   10  0.85  0.05
1  0.000422483   570.00   10  0.95  0.05
0.291129  0.076766   590.00   10  -0.95  0.05
0.724843  0.0344678   590.00   10  -0.85  0.05
0.758844  0.0137461   590.00   10  -0.75  0.05
0.828064  0.0090003   590.00   10  -0.65  0.05
0.760782  0.00846061   590.00   10  -0.55  0.05
0.802285  0.00672868   590.00   10  -0.45  0.05
0.789769  0.00745374   590.00   10  -0.35  0.05
0.801722  0.00710639   590.00   10  -0.25  0.05
0.745694  0.00796079   590.00   10  -0.15  0.05
0.709295  0.00846365   590.00   10  -0.05  0.05
0.673087  0.00908523   590.00   10  0.05  0.05
0.623797  0.00990474   590.00   10  0.15  0.05
0.575155  0.0125342   590.00   10  0.25  0.05
0.443705  0.0186868   590.00   10  0.35  0.05
0.307038  0.0358973   590.00   10  0.45  0.05
-0.0354737  0.0708704   590.00   10  0.55  0.05
0.143608  0.136131   590.00   10  0.65  0.05
-0.488177  0.841471   590.00   10  0.75  0.05
-1  9.52815e-06   590.00   10  0.85  0.05
-1  0.000475791   590.00   10  0.95  0.05
0.483222  0.0804848   610.00   10  -0.95  0.05
0.589204  0.0414248   610.00   10  -0.85  0.05
0.781317  0.0145732   610.00   10  -0.75  0.05
0.836042  0.00899794   610.00   10  -0.65  0.05
0.739769  0.00876197   610.00   10  -0.55  0.05
0.808338  0.00779117   610.00   10  -0.45  0.05
0.811993  0.00753381   610.00   10  -0.35  0.05
0.810361  0.00723688   610.00   10  -0.25  0.05
0.77363  0.00799883   610.00   10  -0.15  0.05
0.740747  0.00853682   610.00   10  -0.05  0.05
0.689437  0.00892102   610.00   10  0.05  0.05
0.645525  0.010499   610.00   10  0.15  0.05
0.599734  0.0125419   610.00   10  0.25  0.05
0.499388  0.0165261   610.00   10  0.35  0.05
0.425476  0.0298376   610.00   10  0.45  0.05
0.112654  0.124457   610.00   10  0.55  0.05
0.075892  24.0295   610.00   10  0.65  0.05
-0.446935  10.8986   610.00   10  0.75  0.05
0.454326  0.0182717   610.00   10  0.85  0.05
-0.633503  0.0266963   610.00   10  0.95  0.05
0.961886  0.0169753   630.00   10  -0.95  0.05
0.573342  0.0817152   630.00   10  -0.85  0.05
0.734458  0.0315883   630.00   10  -0.75  0.05
0.831167  0.0181558   630.00   10  -0.65  0.05
0.804727  0.0163835   630.00   10  -0.55  0.05
0.832336  0.0134978   630.00   10  -0.45  0.05
0.914422  0.000519861   630.00   10  -0.35  0.05
0.853173  0.011597   630.00   10  -0.25  0.05
0.846278  0.011894   630.00   10  -0.15  0.05
0.765743  0.0149267   630.00   10  -0.05  0.05
0.717704  0.0161651   630.00   10  0.05  0.05
0.696987  0.0187549   630.00   10  0.15  0.05
0.608962  0.0229059   630.00   10  0.25  0.05
0.554814  0.0318238   630.00   10  0.35  0.05
0.459843  0.0522686   630.00   10  0.45  0.05
0.142684  0.229855   630.00   10  0.55  0.05
-0.0303549  0.514338   630.00   10  0.65  0.05
-0.722018  26.4063   630.00   10  0.75  0.05
-0.00294724  0.035488   630.00   10  0.85  0.05
-1  0.00310926   630.00   10  0.95  0.05
