0.310664  0.0780588  430  10  -0.95  0.05  SignalTiming
0.665791  0.0546613  430  10  -0.85  0.05  SignalTiming
0.617192  0.0312442  430  10  -0.75  0.05  SignalTiming
0.635583  0.0221513  430  10  -0.65  0.05  SignalTiming
0.695891  0.0193379  430  10  -0.55  0.05  SignalTiming
0.68439  0.0189594  430  10  -0.45  0.05  SignalTiming
0.676213  0.0201458  430  10  -0.35  0.05  SignalTiming
0.699278  0.0227829  430  10  -0.25  0.05  SignalTiming
0.662941  0.0275834  430  10  -0.15  0.05  SignalTiming
0.673507  0.035282  430  10  -0.05  0.05  SignalTiming
0.568474  0.0474347  430  10  0.05  0.05  SignalTiming
0.648766  0.0664295  430  10  0.15  0.05  SignalTiming
0.41704  0.0960043  430  10  0.25  0.05  SignalTiming
0.480609  0.156897  430  10  0.35  0.05  SignalTiming
0.387619  0.307725  430  10  0.45  0.05  SignalTiming
0.721727  0.586064  430  10  0.55  0.05  SignalTiming
2.38354  1.53555  430  10  0.65  0.05  SignalTiming
-1.27987  1.59352  430  10  0.75  0.05  SignalTiming
2.91764  1.50156  430  10  0.85  0.05  SignalTiming
-1.17016  2.40524  430  10  0.95  0.05  SignalTiming
0.193992  0.0728264  450  10  -0.95  0.05  SignalTiming
0.505536  0.0453655  450  10  -0.85  0.05  SignalTiming
0.708262  0.0243695  450  10  -0.75  0.05  SignalTiming
0.703135  0.0175471  450  10  -0.65  0.05  SignalTiming
0.698209  0.0152156  450  10  -0.55  0.05  SignalTiming
0.715643  0.0145156  450  10  -0.45  0.05  SignalTiming
0.672842  0.0146559  450  10  -0.35  0.05  SignalTiming
0.697511  0.0158461  450  10  -0.25  0.05  SignalTiming
0.702232  0.0181196  450  10  -0.15  0.05  SignalTiming
0.638017  0.0226238  450  10  -0.05  0.05  SignalTiming
0.635262  0.0295447  450  10  0.05  0.05  SignalTiming
0.684057  0.0418085  450  10  0.15  0.05  SignalTiming
0.538569  0.0609712  450  10  0.25  0.05  SignalTiming
0.519601  0.0972821  450  10  0.35  0.05  SignalTiming
0.347434  0.169451  450  10  0.45  0.05  SignalTiming
0.656842  0.282258  450  10  0.55  0.05  SignalTiming
-0.777638  0.587889  450  10  0.65  0.05  SignalTiming
2.29119  1.14349  450  10  0.75  0.05  SignalTiming
-0.483031  1.30681  450  10  0.85  0.05  SignalTiming
1.72278  2.82507  450  10  0.95  0.05  SignalTiming
0.364637  0.0716206  470  10  -0.95  0.05  SignalTiming
0.642911  0.040479  470  10  -0.85  0.05  SignalTiming
0.716722  0.0210874  470  10  -0.75  0.05  SignalTiming
0.734513  0.0153761  470  10  -0.65  0.05  SignalTiming
0.725918  0.0132003  470  10  -0.55  0.05  SignalTiming
0.733037  0.0124975  470  10  -0.45  0.05  SignalTiming
0.704753  0.0122799  470  10  -0.35  0.05  SignalTiming
0.710188  0.0125403  470  10  -0.25  0.05  SignalTiming
0.662276  0.0137271  470  10  -0.15  0.05  SignalTiming
0.637416  0.0160706  470  10  -0.05  0.05  SignalTiming
0.635591  0.0204221  470  10  0.05  0.05  SignalTiming
0.582607  0.0275635  470  10  0.15  0.05  SignalTiming
0.450188  0.0406986  470  10  0.25  0.05  SignalTiming
0.493863  0.0633235  470  10  0.35  0.05  SignalTiming
0.596255  0.103036  470  10  0.45  0.05  SignalTiming
0.424942  0.186109  470  10  0.55  0.05  SignalTiming
-0.105651  0.52818  470  10  0.65  0.05  SignalTiming
0.791025  0.776805  470  10  0.75  0.05  SignalTiming
-2.01903  3.57865  470  10  0.85  0.05  SignalTiming
0.542002  1.88476  470  10  0.95  0.05  SignalTiming
0.744507  0.0883848  490  10  -0.95  0.05  SignalTiming
0.699815  0.0426677  490  10  -0.85  0.05  SignalTiming
0.717632  0.0224415  490  10  -0.75  0.05  SignalTiming
0.760518  0.0163077  490  10  -0.65  0.05  SignalTiming
0.744918  0.0140396  490  10  -0.55  0.05  SignalTiming
0.730411  0.013062  490  10  -0.45  0.05  SignalTiming
0.740635  0.012632  490  10  -0.35  0.05  SignalTiming
0.712079  0.0126776  490  10  -0.25  0.05  SignalTiming
0.689665  0.013301  490  10  -0.15  0.05  SignalTiming
0.652707  0.0147514  490  10  -0.05  0.05  SignalTiming
0.622539  0.0179163  490  10  0.05  0.05  SignalTiming
0.557639  0.0235847  490  10  0.15  0.05  SignalTiming
0.528614  0.0348422  490  10  0.25  0.05  SignalTiming
0.590361  0.0548047  490  10  0.35  0.05  SignalTiming
0.435538  0.0884718  490  10  0.45  0.05  SignalTiming
0.142992  0.157469  490  10  0.55  0.05  SignalTiming
-0.411257  0.318084  490  10  0.65  0.05  SignalTiming
-0.280374  0.771475  490  10  0.75  0.05  SignalTiming
1.1428  1.55438  490  10  0.85  0.05  SignalTiming
0.515638  1.09563  490  10  0.95  0.05  SignalTiming
0.698279  0.0818406  510  10  -0.95  0.05  SignalTiming
0.690712  0.0366699  510  10  -0.85  0.05  SignalTiming
0.762165  0.0186  510  10  -0.75  0.05  SignalTiming
0.765025  0.013677  510  10  -0.65  0.05  SignalTiming
0.75323  0.011769  510  10  -0.55  0.05  SignalTiming
0.748361  0.0108381  510  10  -0.45  0.05  SignalTiming
0.726865  0.0104209  510  10  -0.35  0.05  SignalTiming
0.689202  0.010283  510  10  -0.25  0.05  SignalTiming
0.673912  0.0104767  510  10  -0.15  0.05  SignalTiming
0.654086  0.0112777  510  10  -0.05  0.05  SignalTiming
0.652398  0.0130372  510  10  0.05  0.05  SignalTiming
0.610024  0.0164788  510  10  0.15  0.05  SignalTiming
0.528447  0.0232829  510  10  0.25  0.05  SignalTiming
0.500966  0.0357548  510  10  0.35  0.05  SignalTiming
0.466443  0.0591979  510  10  0.45  0.05  SignalTiming
0.596043  0.10172  510  10  0.55  0.05  SignalTiming
0.125155  0.219305  510  10  0.65  0.05  SignalTiming
0.186911  0.376785  510  10  0.75  0.05  SignalTiming
-0.117273  0.976185  510  10  0.85  0.05  SignalTiming
0.990799  1.33984  510  10  0.95  0.05  SignalTiming
0.681632  0.0872931  530  10  -0.95  0.05  SignalTiming
0.694102  0.0394106  530  10  -0.85  0.05  SignalTiming
0.738051  0.0200849  530  10  -0.75  0.05  SignalTiming
0.787309  0.0146134  530  10  -0.65  0.05  SignalTiming
0.758175  0.0125815  530  10  -0.55  0.05  SignalTiming
0.7633  0.0115531  530  10  -0.45  0.05  SignalTiming
0.73705  0.0110449  530  10  -0.35  0.05  SignalTiming
0.726229  0.0107929  530  10  -0.25  0.05  SignalTiming
0.67911  0.0107591  530  10  -0.15  0.05  SignalTiming
0.667826  0.0113519  530  10  -0.05  0.05  SignalTiming
0.622943  0.012386  530  10  0.05  0.05  SignalTiming
0.577033  0.0150009  530  10  0.15  0.05  SignalTiming
0.563216  0.020127  530  10  0.25  0.05  SignalTiming
0.548891  0.0313566  530  10  0.35  0.05  SignalTiming
0.420557  0.051524  530  10  0.45  0.05  SignalTiming
0.199183  0.0871751  530  10  0.55  0.05  SignalTiming
0.292612  0.180713  530  10  0.65  0.05  SignalTiming
0.575815  0.467957  530  10  0.75  0.05  SignalTiming
0.360568  0.891555  530  10  0.85  0.05  SignalTiming
0.432992  0.991386  530  10  0.95  0.05  SignalTiming
0.536107  0.100167  550  10  -0.95  0.05  SignalTiming
0.677604  0.0431081  550  10  -0.85  0.05  SignalTiming
0.715554  0.0223658  550  10  -0.75  0.05  SignalTiming
0.778138  0.0162669  550  10  -0.65  0.05  SignalTiming
0.78467  0.0139753  550  10  -0.55  0.05  SignalTiming
0.745321  0.0128149  550  10  -0.45  0.05  SignalTiming
0.736639  0.0122372  550  10  -0.35  0.05  SignalTiming
0.705315  0.0118282  550  10  -0.25  0.05  SignalTiming
0.699837  0.011841  550  10  -0.15  0.05  SignalTiming
0.65861  0.0121871  550  10  -0.05  0.05  SignalTiming
0.621632  0.01319  550  10  0.05  0.05  SignalTiming
0.587787  0.0153742  550  10  0.15  0.05  SignalTiming
0.57362  0.0199839  550  10  0.25  0.05  SignalTiming
0.512248  0.0295041  550  10  0.35  0.05  SignalTiming
0.320216  0.0498665  550  10  0.45  0.05  SignalTiming
0.223955  0.0834934  550  10  0.55  0.05  SignalTiming
0.198373  0.145597  550  10  0.65  0.05  SignalTiming
-0.119743  0.312893  550  10  0.75  0.05  SignalTiming
-0.64719  1.02527  550  10  0.85  0.05  SignalTiming
0.77943  0.921992  550  10  0.95  0.05  SignalTiming
0.514567  0.0716354  570  10  -0.95  0.05  SignalTiming
0.639557  0.0341611  570  10  -0.85  0.05  SignalTiming
0.720155  0.0173743  570  10  -0.75  0.05  SignalTiming
0.782599  0.0127513  570  10  -0.65  0.05  SignalTiming
0.755728  0.0109969  570  10  -0.55  0.05  SignalTiming
0.765904  0.0100304  570  10  -0.45  0.05  SignalTiming
0.746997  0.00953645  570  10  -0.35  0.05  SignalTiming
0.734924  0.00926256  570  10  -0.25  0.05  SignalTiming
0.698928  0.00921648  570  10  -0.15  0.05  SignalTiming
0.666372  0.00935065  570  10  -0.05  0.05  SignalTiming
0.63302  0.00986827  570  10  0.05  0.05  SignalTiming
0.585282  0.0111331  570  10  0.15  0.05  SignalTiming
0.537709  0.0136574  570  10  0.25  0.05  SignalTiming
0.487255  0.0193975  570  10  0.35  0.05  SignalTiming
0.362255  0.0315218  570  10  0.45  0.05  SignalTiming
0.256335  0.0559397  570  10  0.55  0.05  SignalTiming
0.26356  0.0999505  570  10  0.65  0.05  SignalTiming
-0.0464896  0.234901  570  10  0.75  0.05  SignalTiming
-0.661015  0.754722  570  10  0.85  0.05  SignalTiming
-0.563634  1.38625  570  10  0.95  0.05  SignalTiming
0.360738  0.0593955  590  10  -0.95  0.05  SignalTiming
0.559328  0.0293103  590  10  -0.85  0.05  SignalTiming
0.733109  0.014891  590  10  -0.75  0.05  SignalTiming
0.78583  0.0107451  590  10  -0.65  0.05  SignalTiming
0.765497  0.00923408  590  10  -0.55  0.05  SignalTiming
0.76475  0.00851309  590  10  -0.45  0.05  SignalTiming
0.744627  0.0080551  590  10  -0.35  0.05  SignalTiming
0.746016  0.00778101  590  10  -0.25  0.05  SignalTiming
0.709977  0.00774968  590  10  -0.15  0.05  SignalTiming
0.695873  0.0078981  590  10  -0.05  0.05  SignalTiming
0.656532  0.00823909  590  10  0.05  0.05  SignalTiming
0.611883  0.00900396  590  10  0.15  0.05  SignalTiming
0.561319  0.0106423  590  10  0.25  0.05  SignalTiming
0.479625  0.0142203  590  10  0.35  0.05  SignalTiming
0.396399  0.0226524  590  10  0.45  0.05  SignalTiming
0.281452  0.0395472  590  10  0.55  0.05  SignalTiming
0.140178  0.0796022  590  10  0.65  0.05  SignalTiming
-0.106613  0.172927  590  10  0.75  0.05  SignalTiming
0.340279  0.614939  590  10  0.85  0.05  SignalTiming
0.407657  0.471395  590  10  0.95  0.05  SignalTiming
0.33931  0.0571851  610  10  -0.95  0.05  SignalTiming
0.563757  0.0301039  610  10  -0.85  0.05  SignalTiming
0.7109  0.0158519  610  10  -0.75  0.05  SignalTiming
0.770283  0.011404  610  10  -0.65  0.05  SignalTiming
0.769549  0.00984229  610  10  -0.55  0.05  SignalTiming
0.785135  0.00897869  610  10  -0.45  0.05  SignalTiming
0.784257  0.00847143  610  10  -0.35  0.05  SignalTiming
0.76787  0.00829482  610  10  -0.25  0.05  SignalTiming
0.747636  0.00814347  610  10  -0.15  0.05  SignalTiming
0.726833  0.00835323  610  10  -0.05  0.05  SignalTiming
0.698936  0.00865469  610  10  0.05  0.05  SignalTiming
0.647123  0.00931893  610  10  0.15  0.05  SignalTiming
0.600604  0.0107195  610  10  0.25  0.05  SignalTiming
0.509136  0.0138467  610  10  0.35  0.05  SignalTiming
0.478515  0.0210751  610  10  0.45  0.05  SignalTiming
0.314679  0.0371606  610  10  0.55  0.05  SignalTiming
0.0772006  0.0705087  610  10  0.65  0.05  SignalTiming
0.28665  0.150912  610  10  0.75  0.05  SignalTiming
-0.399989  0.679966  610  10  0.85  0.05  SignalTiming
0.527817  0.669463  610  10  0.95  0.05  SignalTiming
0.361851  0.104063  630  10  -0.95  0.05  SignalTiming
0.474273  0.059534  630  10  -0.85  0.05  SignalTiming
0.663744  0.0312102  630  10  -0.75  0.05  SignalTiming
0.851236  0.0225322  630  10  -0.65  0.05  SignalTiming
0.79805  0.0191188  630  10  -0.55  0.05  SignalTiming
0.819369  0.0176866  630  10  -0.45  0.05  SignalTiming
0.851257  0.0166347  630  10  -0.35  0.05  SignalTiming
0.814073  0.0161294  630  10  -0.25  0.05  SignalTiming
0.789699  0.0161388  630  10  -0.15  0.05  SignalTiming
0.764227  0.0162496  630  10  -0.05  0.05  SignalTiming
0.750525  0.0168728  630  10  0.05  0.05  SignalTiming
0.706883  0.0177714  630  10  0.15  0.05  SignalTiming
0.649266  0.0201049  630  10  0.25  0.05  SignalTiming
0.601749  0.0250456  630  10  0.35  0.05  SignalTiming
0.539991  0.0368665  630  10  0.45  0.05  SignalTiming
0.271401  0.0673726  630  10  0.55  0.05  SignalTiming
0.165622  0.126628  630  10  0.65  0.05  SignalTiming
-0.0334887  0.23153  630  10  0.75  0.05  SignalTiming
-0.381866  0.556484  630  10  0.85  0.05  SignalTiming
-0.230521  1.25482  630  10  0.95  0.05  SignalTiming
