0.462293  0.161099  430  10  -0.95  0.05  SignalTiming
0.695958  0.103625  430  10  -0.85  0.05  SignalTiming
0.659447  0.0487704  430  10  -0.75  0.05  SignalTiming
0.611066  0.0321355  430  10  -0.65  0.05  SignalTiming
0.7177  0.0269121  430  10  -0.55  0.05  SignalTiming
0.666546  0.0257215  430  10  -0.45  0.05  SignalTiming
0.668875  0.0271186  430  10  -0.35  0.05  SignalTiming
0.728057  0.0307149  430  10  -0.25  0.05  SignalTiming
0.690793  0.0379246  430  10  -0.15  0.05  SignalTiming
0.719903  0.0496321  430  10  -0.05  0.05  SignalTiming
0.5983  0.0679304  430  10  0.05  0.05  SignalTiming
0.644365  0.0988536  430  10  0.15  0.05  SignalTiming
0.507502  0.143072  430  10  0.25  0.05  SignalTiming
0.595432  0.227354  430  10  0.35  0.05  SignalTiming
0.332459  0.371171  430  10  0.45  0.05  SignalTiming
0.260898  0.74828  430  10  0.55  0.05  SignalTiming
1.68491  1.84666  430  10  0.65  0.05  SignalTiming
-1.70134  1.36538  430  10  0.75  0.05  SignalTiming
-0.702235  1.94106  430  10  0.85  0.05  SignalTiming
1.09772  1.85002  430  10  0.95  0.05  SignalTiming
0.628905  0.154338  450  10  -0.95  0.05  SignalTiming
0.567707  0.0841317  450  10  -0.85  0.05  SignalTiming
0.7038  0.0371781  450  10  -0.75  0.05  SignalTiming
0.758043  0.0249763  450  10  -0.65  0.05  SignalTiming
0.724568  0.020847  450  10  -0.55  0.05  SignalTiming
0.740577  0.0192856  450  10  -0.45  0.05  SignalTiming
0.685332  0.0192588  450  10  -0.35  0.05  SignalTiming
0.712825  0.0205249  450  10  -0.25  0.05  SignalTiming
0.696654  0.023722  450  10  -0.15  0.05  SignalTiming
0.596801  0.0302093  450  10  -0.05  0.05  SignalTiming
0.634167  0.0407139  450  10  0.05  0.05  SignalTiming
0.755994  0.060179  450  10  0.15  0.05  SignalTiming
0.564566  0.0893988  450  10  0.25  0.05  SignalTiming
0.574862  0.140769  450  10  0.35  0.05  SignalTiming
0.425653  0.232914  450  10  0.45  0.05  SignalTiming
0.122643  0.389643  450  10  0.55  0.05  SignalTiming
-0.830618  0.632476  450  10  0.65  0.05  SignalTiming
-0.324653  0.872479  450  10  0.75  0.05  SignalTiming
-0.382654  1.4776  450  10  0.85  0.05  SignalTiming
-1.63429  1.89482  450  10  0.95  0.05  SignalTiming
0.577044  0.146671  470  10  -0.95  0.05  SignalTiming
0.680945  0.0760171  470  10  -0.85  0.05  SignalTiming
0.809403  0.0319608  470  10  -0.75  0.05  SignalTiming
0.724487  0.0219559  470  10  -0.65  0.05  SignalTiming
0.765785  0.0179882  470  10  -0.55  0.05  SignalTiming
0.750118  0.0164877  470  10  -0.45  0.05  SignalTiming
0.710697  0.0158816  470  10  -0.35  0.05  SignalTiming
0.706438  0.0160666  470  10  -0.25  0.05  SignalTiming
0.682028  0.0174404  470  10  -0.15  0.05  SignalTiming
0.698042  0.0205445  470  10  -0.05  0.05  SignalTiming
0.666837  0.0266713  470  10  0.05  0.05  SignalTiming
0.615108  0.0378102  470  10  0.15  0.05  SignalTiming
0.463151  0.0568143  470  10  0.25  0.05  SignalTiming
0.505281  0.0909296  470  10  0.35  0.05  SignalTiming
0.48164  0.14253  470  10  0.45  0.05  SignalTiming
0.509984  0.254373  470  10  0.55  0.05  SignalTiming
0.982632  0.674037  470  10  0.65  0.05  SignalTiming
0.634804  1.13424  470  10  0.75  0.05  SignalTiming
-1.65841  0.977639  470  10  0.85  0.05  SignalTiming
-0.314322  1.19056  470  10  0.95  0.05  SignalTiming
0.70128  0.175244  490  10  -0.95  0.05  SignalTiming
0.749975  0.0784009  490  10  -0.85  0.05  SignalTiming
0.784382  0.0341429  490  10  -0.75  0.05  SignalTiming
0.789131  0.0231627  490  10  -0.65  0.05  SignalTiming
0.748716  0.0191354  490  10  -0.55  0.05  SignalTiming
0.745128  0.0172675  490  10  -0.45  0.05  SignalTiming
0.750981  0.0162806  490  10  -0.35  0.05  SignalTiming
0.712404  0.0161077  490  10  -0.25  0.05  SignalTiming
0.702357  0.0167966  490  10  -0.15  0.05  SignalTiming
0.678202  0.018508  490  10  -0.05  0.05  SignalTiming
0.652534  0.0227579  490  10  0.05  0.05  SignalTiming
0.595921  0.0309553  490  10  0.15  0.05  SignalTiming
0.585056  0.0476133  490  10  0.25  0.05  SignalTiming
0.668471  0.0762065  490  10  0.35  0.05  SignalTiming
0.394123  0.125522  490  10  0.45  0.05  SignalTiming
0.121332  0.212316  490  10  0.55  0.05  SignalTiming
-0.484403  0.389003  490  10  0.65  0.05  SignalTiming
-2.26742  1.25782  490  10  0.75  0.05  SignalTiming
1.72206  1.4234  490  10  0.85  0.05  SignalTiming
0.802284  1.77695  490  10  0.95  0.05  SignalTiming
0.545277  0.183828  510  10  -0.95  0.05  SignalTiming
0.760697  0.0680184  510  10  -0.85  0.05  SignalTiming
0.847728  0.0284662  510  10  -0.75  0.05  SignalTiming
0.790873  0.0195044  510  10  -0.65  0.05  SignalTiming
0.792252  0.015927  510  10  -0.55  0.05  SignalTiming
0.774345  0.0142441  510  10  -0.45  0.05  SignalTiming
0.725967  0.0132812  510  10  -0.35  0.05  SignalTiming
0.692714  0.0129729  510  10  -0.25  0.05  SignalTiming
0.696558  0.0130793  510  10  -0.15  0.05  SignalTiming
0.667809  0.0140011  510  10  -0.05  0.05  SignalTiming
0.676717  0.0162667  510  10  0.05  0.05  SignalTiming
0.618832  0.0208731  510  10  0.15  0.05  SignalTiming
0.57333  0.0307139  510  10  0.25  0.05  SignalTiming
0.482028  0.0497205  510  10  0.35  0.05  SignalTiming
0.4476  0.0877958  510  10  0.45  0.05  SignalTiming
0.735129  0.144043  510  10  0.55  0.05  SignalTiming
-0.198115  0.306154  510  10  0.65  0.05  SignalTiming
0.259458  0.57918  510  10  0.75  0.05  SignalTiming
0.894681  1.03911  510  10  0.85  0.05  SignalTiming
0.19354  0.960863  510  10  0.95  0.05  SignalTiming
0.973711  0.206953  530  10  -0.95  0.05  SignalTiming
0.671147  0.0729034  530  10  -0.85  0.05  SignalTiming
0.819117  0.0307559  530  10  -0.75  0.05  SignalTiming
0.806763  0.0208182  530  10  -0.65  0.05  SignalTiming
0.799951  0.0170347  530  10  -0.55  0.05  SignalTiming
0.799312  0.015042  530  10  -0.45  0.05  SignalTiming
0.747799  0.0140763  530  10  -0.35  0.05  SignalTiming
0.739538  0.0134821  530  10  -0.25  0.05  SignalTiming
0.69278  0.0133725  530  10  -0.15  0.05  SignalTiming
0.67611  0.0139252  530  10  -0.05  0.05  SignalTiming
0.638209  0.0152012  530  10  0.05  0.05  SignalTiming
0.593962  0.0186662  530  10  0.15  0.05  SignalTiming
0.571417  0.0256794  530  10  0.25  0.05  SignalTiming
0.622388  0.0414738  530  10  0.35  0.05  SignalTiming
0.482333  0.0726141  530  10  0.45  0.05  SignalTiming
0.342355  0.120099  530  10  0.55  0.05  SignalTiming
0.377785  0.239027  530  10  0.65  0.05  SignalTiming
0.909955  0.513921  530  10  0.75  0.05  SignalTiming
-0.651342  1.23559  530  10  0.85  0.05  SignalTiming
0.99486  1.44293  530  10  0.95  0.05  SignalTiming
0.582243  0.251303  550  10  -0.95  0.05  SignalTiming
0.909019  0.0830505  550  10  -0.85  0.05  SignalTiming
0.788644  0.0351741  550  10  -0.75  0.05  SignalTiming
0.799211  0.0235081  550  10  -0.65  0.05  SignalTiming
0.825041  0.0190631  550  10  -0.55  0.05  SignalTiming
0.771349  0.0167003  550  10  -0.45  0.05  SignalTiming
0.773101  0.0155519  550  10  -0.35  0.05  SignalTiming
0.717856  0.0148213  550  10  -0.25  0.05  SignalTiming
0.707495  0.0145806  550  10  -0.15  0.05  SignalTiming
0.675557  0.014884  550  10  -0.05  0.05  SignalTiming
0.632763  0.0160797  550  10  0.05  0.05  SignalTiming
0.589071  0.0189251  550  10  0.15  0.05  SignalTiming
0.585978  0.0251862  550  10  0.25  0.05  SignalTiming
0.557078  0.0387212  550  10  0.35  0.05  SignalTiming
0.322395  0.0683905  550  10  0.45  0.05  SignalTiming
0.183154  0.124818  550  10  0.55  0.05  SignalTiming
0.29568  0.216959  550  10  0.65  0.05  SignalTiming
0.483909  0.485055  550  10  0.75  0.05  SignalTiming
-0.370515  0.976678  550  10  0.85  0.05  SignalTiming
0.270281  0.866036  550  10  0.95  0.05  SignalTiming
0.414941  0.196345  570  10  -0.95  0.05  SignalTiming
0.737292  0.0663442  570  10  -0.85  0.05  SignalTiming
0.738541  0.0282684  570  10  -0.75  0.05  SignalTiming
0.836653  0.0188832  570  10  -0.65  0.05  SignalTiming
0.823259  0.0151782  570  10  -0.55  0.05  SignalTiming
0.7881  0.0132181  570  10  -0.45  0.05  SignalTiming
0.764888  0.0121006  570  10  -0.35  0.05  SignalTiming
0.757038  0.0114823  570  10  -0.25  0.05  SignalTiming
0.729133  0.0113107  570  10  -0.15  0.05  SignalTiming
0.681361  0.0114176  570  10  -0.05  0.05  SignalTiming
0.66438  0.0119877  570  10  0.05  0.05  SignalTiming
0.595162  0.0134993  570  10  0.15  0.05  SignalTiming
0.550303  0.0168262  570  10  0.25  0.05  SignalTiming
0.505399  0.0248782  570  10  0.35  0.05  SignalTiming
0.386875  0.0421072  570  10  0.45  0.05  SignalTiming
0.223734  0.0817897  570  10  0.55  0.05  SignalTiming
0.355677  0.151994  570  10  0.65  0.05  SignalTiming
-0.844265  0.369484  570  10  0.75  0.05  SignalTiming
-0.633041  0.704738  570  10  0.85  0.05  SignalTiming
-0.610741  2.74597  570  10  0.95  0.05  SignalTiming
0.452016  0.18501  590  10  -0.95  0.05  SignalTiming
0.698071  0.060504  590  10  -0.85  0.05  SignalTiming
0.782596  0.0251896  590  10  -0.75  0.05  SignalTiming
0.850842  0.01636  590  10  -0.65  0.05  SignalTiming
0.798443  0.0130647  590  10  -0.55  0.05  SignalTiming
0.79827  0.0112568  590  10  -0.45  0.05  SignalTiming
0.783543  0.0102102  590  10  -0.35  0.05  SignalTiming
0.770584  0.00965032  590  10  -0.25  0.05  SignalTiming
0.742175  0.0093951  590  10  -0.15  0.05  SignalTiming
0.723959  0.00951064  590  10  -0.05  0.05  SignalTiming
0.678923  0.00990797  590  10  0.05  0.05  SignalTiming
0.628661  0.0108898  590  10  0.15  0.05  SignalTiming
0.585015  0.0129554  590  10  0.25  0.05  SignalTiming
0.508024  0.0176675  590  10  0.35  0.05  SignalTiming
0.408019  0.0302667  590  10  0.45  0.05  SignalTiming
0.358812  0.057486  590  10  0.55  0.05  SignalTiming
0.107107  0.116386  590  10  0.65  0.05  SignalTiming
0.283154  0.287261  590  10  0.75  0.05  SignalTiming
0.640319  0.892311  590  10  0.85  0.05  SignalTiming
0.0410627  0.599905  590  10  0.95  0.05  SignalTiming
0.088761  0.206364  610  10  -0.95  0.05  SignalTiming
0.561547  0.0770143  610  10  -0.85  0.05  SignalTiming
0.75181  0.0286861  610  10  -0.75  0.05  SignalTiming
0.827321  0.0186809  610  10  -0.65  0.05  SignalTiming
0.801423  0.0143815  610  10  -0.55  0.05  SignalTiming
0.837668  0.0121666  610  10  -0.45  0.05  SignalTiming
0.835639  0.01087  610  10  -0.35  0.05  SignalTiming
0.818707  0.0102456  610  10  -0.25  0.05  SignalTiming
0.768234  0.00997872  610  10  -0.15  0.05  SignalTiming
0.760378  0.0099924  610  10  -0.05  0.05  SignalTiming
0.730978  0.0103093  610  10  0.05  0.05  SignalTiming
0.671937  0.0112257  610  10  0.15  0.05  SignalTiming
0.620134  0.012889  610  10  0.25  0.05  SignalTiming
0.544292  0.0170291  610  10  0.35  0.05  SignalTiming
0.497998  0.0270006  610  10  0.45  0.05  SignalTiming
0.415855  0.053316  610  10  0.55  0.05  SignalTiming
0.278932  0.1064  610  10  0.65  0.05  SignalTiming
0.389085  0.206222  610  10  0.75  0.05  SignalTiming
0.166968  0.569931  610  10  0.85  0.05  SignalTiming
-1.99496  1.75755  610  10  0.95  0.05  SignalTiming
0.259588  0.372524  630  10  -0.95  0.05  SignalTiming
0.51438  0.148775  630  10  -0.85  0.05  SignalTiming
0.719939  0.0591458  630  10  -0.75  0.05  SignalTiming
0.857799  0.0376348  630  10  -0.65  0.05  SignalTiming
0.879205  0.0291181  630  10  -0.55  0.05  SignalTiming
0.829853  0.0246348  630  10  -0.45  0.05  SignalTiming
0.889005  0.0214928  630  10  -0.35  0.05  SignalTiming
0.869229  0.020233  630  10  -0.25  0.05  SignalTiming
0.814788  0.0195743  630  10  -0.15  0.05  SignalTiming
0.82132  0.0193966  630  10  -0.05  0.05  SignalTiming
0.757999  0.0200338  630  10  0.05  0.05  SignalTiming
0.733054  0.0210766  630  10  0.15  0.05  SignalTiming
0.663765  0.0240934  630  10  0.25  0.05  SignalTiming
0.629343  0.0302689  630  10  0.35  0.05  SignalTiming
0.560372  0.0465245  630  10  0.45  0.05  SignalTiming
0.301847  0.0900549  630  10  0.55  0.05  SignalTiming
0.0279732  0.201263  630  10  0.65  0.05  SignalTiming
-0.559246  0.360462  630  10  0.75  0.05  SignalTiming
-0.986758  1.26593  630  10  0.85  0.05  SignalTiming
-13.0748  26.9071  630  10  0.95  0.05  SignalTiming
