0.162  0.55375  430  10  -0.95  0.05
0.585333  0.198  430  10  -0.85  0.05
0.69  0.102  430  10  -0.75  0.05
0.665  0.0675  430  10  -0.65  0.05
0.692  0.057  430  10  -0.55  0.05
0.6485  0.0505  430  10  -0.45  0.05
0.63  0.047  430  10  -0.35  0.05
0.647  0.045  430  10  -0.25  0.05
0.6415  0.0415  430  10  -0.15  0.05
0.59  0.039  430  10  -0.05  0.05
0.574  0.039  430  10  0.05  0.05
0.5445  0.0385  430  10  0.15  0.05
0.532  0.04  430  10  0.25  0.05
0.5165  0.042  430  10  0.35  0.05
0.465  0.0465  430  10  0.45  0.05
0.346  0.051  430  10  0.55  0.05
0.3165  0.0605  430  10  0.65  0.05
0.239  0.0885  430  10  0.75  0.05
0.754333  0.386667  430  10  0.85  0.05
0  0  430  10  0.95  0.05
0.20495  0.5484  450  10  -0.95  0.05
0.645733  0.193933  450  10  -0.85  0.05
0.6957  0.1009  450  10  -0.75  0.05
0.6568  0.067  450  10  -0.65  0.05
0.625  0.0562  450  10  -0.55  0.05
0.6645  0.0505  450  10  -0.45  0.05
0.6687  0.0469  450  10  -0.35  0.05
0.6678  0.0454  450  10  -0.25  0.05
0.6276  0.0437  450  10  -0.15  0.05
0.6064  0.0406  450  10  -0.05  0.05
0.5742  0.0392  450  10  0.05  0.05
0.5717  0.0391  450  10  0.15  0.05
0.5454  0.04  450  10  0.25  0.05
0.5194  0.0422  450  10  0.35  0.05
0.4445  0.0469  450  10  0.45  0.05
0.4354  0.0524  450  10  0.55  0.05
0.3755  0.0627  450  10  0.65  0.05
0.303  0.0919  450  10  0.75  0.05
0.200033  0.363367  450  10  0.85  0.05
0  0  450  10  0.95  0.05
0.261375  0.5645  470  10  -0.95  0.05
0.62075  0.181333  470  10  -0.85  0.05
0.655  0.094375  470  10  -0.75  0.05
0.663375  0.06325  470  10  -0.65  0.05
0.71075  0.05275  470  10  -0.55  0.05
0.673375  0.048375  470  10  -0.45  0.05
0.664875  0.04375  470  10  -0.35  0.05
0.721  0.042  470  10  -0.25  0.05
0.653875  0.042125  470  10  -0.15  0.05
0.62075  0.04075  470  10  -0.05  0.05
0.58575  0.039  470  10  0.05  0.05
0.5715  0.0375  470  10  0.15  0.05
0.5395  0.03825  470  10  0.25  0.05
0.52775  0.0405  470  10  0.35  0.05
0.410625  0.045625  470  10  0.45  0.05
0.4035  0.05125  470  10  0.55  0.05
0.34175  0.061875  470  10  0.65  0.05
0.344  0.093625  470  10  0.75  0.05
0.186167  0.333  470  10  0.85  0.05
0  0  470  10  0.95  0.05
0.28575  0.5119  490  10  -0.95  0.05
0.722533  0.146067  490  10  -0.85  0.05
0.7152  0.0767  490  10  -0.75  0.05
0.7153  0.0536  490  10  -0.65  0.05
0.717  0.045  490  10  -0.55  0.05
0.6903  0.0405  490  10  -0.45  0.05
0.6725  0.037  490  10  -0.35  0.05
0.65  0.0348  490  10  -0.25  0.05
0.646  0.0341  490  10  -0.15  0.05
0.6244  0.0344  490  10  -0.05  0.05
0.5984  0.0344  490  10  0.05  0.05
0.558  0.0327  490  10  0.15  0.05
0.5356  0.0326  490  10  0.25  0.05
0.4855  0.0344  490  10  0.35  0.05
0.414  0.0391  490  10  0.45  0.05
0.37  0.0448  490  10  0.55  0.05
0.2892  0.0546  490  10  0.65  0.05
0.2467  0.0862  490  10  0.75  0.05
0.123733  0.429067  490  10  0.85  0.05
0  0  490  10  0.95  0.05
0.259967  0.476617  510  10  -0.95  0.05
0.7168  0.145933  510  10  -0.85  0.05
0.7097  0.0742  510  10  -0.75  0.05
0.734  0.053  510  10  -0.65  0.05
0.7223  0.0453  510  10  -0.55  0.05
0.7258  0.0404  510  10  -0.45  0.05
0.7055  0.0368  510  10  -0.35  0.05
0.6702  0.035  510  10  -0.25  0.05
0.6594  0.0333  510  10  -0.15  0.05
0.6304  0.033  510  10  -0.05  0.05
0.587  0.034  510  10  0.05  0.05
0.5458  0.0346  510  10  0.15  0.05
0.4938  0.0336  510  10  0.25  0.05
0.4468  0.0352  510  10  0.35  0.05
0.3772  0.0403  510  10  0.45  0.05
0.3262  0.0466  510  10  0.55  0.05
0.2679  0.0568  510  10  0.65  0.05
0.1572  0.0973  510  10  0.75  0.05
-0.0155333  0.498667  510  10  0.85  0.05
0  0  510  10  0.95  0.05
0.229167  0.457271  530  10  -0.95  0.05
0.675083  0.134  530  10  -0.85  0.05
0.779625  0.067625  530  10  -0.75  0.05
0.746625  0.050125  530  10  -0.65  0.05
0.752125  0.043  530  10  -0.55  0.05
0.722625  0.0385  530  10  -0.45  0.05
0.6875  0.034375  530  10  -0.35  0.05
0.65825  0.03225  530  10  -0.25  0.05
0.6695  0.031375  530  10  -0.15  0.05
0.606  0.0305  530  10  -0.05  0.05
0.60275  0.03075  530  10  0.05  0.05
0.553875  0.0335  530  10  0.15  0.05
0.5075  0.03375  530  10  0.25  0.05
0.457125  0.034  530  10  0.35  0.05
0.401875  0.03875  530  10  0.45  0.05
0.301  0.0445  530  10  0.55  0.05
0.269125  0.05575  530  10  0.65  0.05
0.13175  0.10225  530  10  0.75  0.05
0.168083  0.3805  530  10  0.85  0.05
0  0  530  10  0.95  0.05
0.264367  0.384233  550  10  -0.95  0.05
0.7128  0.126333  550  10  -0.85  0.05
0.7459  0.0659  550  10  -0.75  0.05
0.7777  0.0488  550  10  -0.65  0.05
0.7716  0.0426  550  10  -0.55  0.05
0.7282  0.0374  550  10  -0.45  0.05
0.706  0.0335  550  10  -0.35  0.05
0.7116  0.0316  550  10  -0.25  0.05
0.6587  0.0304  550  10  -0.15  0.05
0.6296  0.0296  550  10  -0.05  0.05
0.6052  0.0302  550  10  0.05  0.05
0.5883  0.0326  550  10  0.15  0.05
0.5434  0.035  550  10  0.25  0.05
0.4469  0.0349  550  10  0.35  0.05
0.373  0.0393  550  10  0.45  0.05
0.335  0.0452  550  10  0.55  0.05
0.2296  0.0585  550  10  0.65  0.05
0.1726  0.1226  550  10  0.75  0.05
0.0543333  0.4094  550  10  0.85  0.05
0  0  550  10  0.95  0.05
0.2628  0.3433  570  10  -0.95  0.05
0.672  0.105733  570  10  -0.85  0.05
0.7506  0.0607  570  10  -0.75  0.05
0.7292  0.0449  570  10  -0.65  0.05
0.7514  0.0396  570  10  -0.55  0.05
0.7406  0.0353  570  10  -0.45  0.05
0.7217  0.0312  570  10  -0.35  0.05
0.7046  0.0296  570  10  -0.25  0.05
0.6745  0.0287  570  10  -0.15  0.05
0.6226  0.028  570  10  -0.05  0.05
0.6126  0.0284  570  10  0.05  0.05
0.5842  0.0301  570  10  0.15  0.05
0.5402  0.034  570  10  0.25  0.05
0.4746  0.0353  570  10  0.35  0.05
0.3659  0.0382  570  10  0.45  0.05
0.2782  0.0458  570  10  0.55  0.05
0.1969  0.0593  570  10  0.65  0.05
0.129233  0.174467  570  10  0.75  0.05
0.0295  0.3492  570  10  0.85  0.05
0  0  570  10  0.95  0.05
0.172625  0.282875  590  10  -0.95  0.05
0.559083  0.0948333  590  10  -0.85  0.05
0.717  0.05675  590  10  -0.75  0.05
0.746  0.043125  590  10  -0.65  0.05
0.73975  0.03675  590  10  -0.55  0.05
0.7265  0.032375  590  10  -0.45  0.05
0.733  0.028625  590  10  -0.35  0.05
0.69725  0.02725  590  10  -0.25  0.05
0.6755  0.02675  590  10  -0.15  0.05
0.66125  0.0265  590  10  -0.05  0.05
0.63125  0.0265  590  10  0.05  0.05
0.610625  0.02875  590  10  0.15  0.05
0.569  0.0325  590  10  0.25  0.05
0.490875  0.03575  590  10  0.35  0.05
0.4005  0.037125  590  10  0.45  0.05
0.27  0.045  590  10  0.55  0.05
0.212375  0.06325  590  10  0.65  0.05
0.050625  0.139  590  10  0.75  0.05
0.118125  0.533792  590  10  0.85  0.05
0  0  590  10  0.95  0.05
0.1553  0.25025  610  10  -0.95  0.05
0.537533  0.0872  610  10  -0.85  0.05
0.6459  0.0515  610  10  -0.75  0.05
0.7075  0.0404  610  10  -0.65  0.05
0.7258  0.0336  610  10  -0.55  0.05
0.7233  0.0304  610  10  -0.45  0.05
0.7206  0.0277  610  10  -0.35  0.05
0.7326  0.0274  610  10  -0.25  0.05
0.6945  0.0251  610  10  -0.15  0.05
0.6622  0.0252  610  10  -0.05  0.05
0.6596  0.0258  610  10  0.05  0.05
0.6166  0.0274  610  10  0.15  0.05
0.561  0.0312  610  10  0.25  0.05
0.5223  0.0368  610  10  0.35  0.05
0.4047  0.0372  610  10  0.45  0.05
0.301  0.047  610  10  0.55  0.05
0.228  0.0655  610  10  0.65  0.05
0.1392  0.1683  610  10  0.75  0.05
0.115533  0.240933  610  10  0.85  0.05
0  0  610  10  0.95  0.05
0.08835  0.2058  630  10  -0.95  0.05
0.475467  0.0772667  630  10  -0.85  0.05
0.606  0.0513  630  10  -0.75  0.05
0.6645  0.0406  630  10  -0.65  0.05
0.6967  0.0346  630  10  -0.55  0.05
0.7252  0.031  630  10  -0.45  0.05
0.7276  0.028  630  10  -0.35  0.05
0.7048  0.0272  630  10  -0.25  0.05
0.6907  0.0259  630  10  -0.15  0.05
0.682  0.0264  630  10  -0.05  0.05
0.6578  0.0258  630  10  0.05  0.05
0.6365  0.0284  630  10  0.15  0.05
0.615  0.0312  630  10  0.25  0.05
0.5417  0.0383  630  10  0.35  0.05
0.4563  0.04  630  10  0.45  0.05
0.4224  0.0482  630  10  0.55  0.05
0.2843  0.0731  630  10  0.65  0.05
0.1532  0.1966  630  10  0.75  0.05
0.125933  0.264133  630  10  0.85  0.05
0  0  630  10  0.95  0.05
