0.406496  0.39191  410  10  -0.95  0.05  Sig
0.377356  0.17337  410  10  -0.85  0.05  Sig
0.63562  0.0739453  410  10  -0.75  0.05  Sig
0.614863  0.0456351  410  10  -0.65  0.05  Sig
0.659999  0.0379952  410  10  -0.55  0.05  Sig
0.766244  0.0362487  410  10  -0.45  0.05  Sig
0  0  410  10  -0.35  0.05  Sig
0.600644  0.0410693  410  10  -0.25  0.05  Sig
0.628003  0.0508016  410  10  -0.15  0.05  Sig
0.489837  0.0650317  410  10  -0.05  0.05  Sig
0.443396  0.0815965  410  10  0.05  0.05  Sig
0.447981  0.115538  410  10  0.15  0.05  Sig
0.388108  0.165034  410  10  0.25  0.05  Sig
0.322778  0.191384  410  10  0.35  0.05  Sig
-0.662762  0.260523  410  10  0.45  0.05  Sig
-0.0900869  0.60447  410  10  0.55  0.05  Sig
-0.296303  0.720238  410  10  0.65  0.05  Sig
0  0  410  10  0.75  0.05  Sig
0  0  410  10  0.85  0.05  Sig
0  0  410  10  0.95  0.05  Sig
-0.075033  0.254082  430  10  -0.95  0.05  Sig
6.01232  253.457  430  10  -0.85  0.05  Sig
0.73431  0.0467745  430  10  -0.75  0.05  Sig
0.691595  0.0314781  430  10  -0.65  0.05  Sig
0.732925  0.0250968  430  10  -0.55  0.05  Sig
0.686852  0.0242048  430  10  -0.45  0.05  Sig
0.707287  0.0244939  430  10  -0.35  0.05  Sig
0.736959  0.0276658  430  10  -0.25  0.05  Sig
0.638997  0.0323387  430  10  -0.15  0.05  Sig
0.616142  0.04057  430  10  -0.05  0.05  Sig
0.585996  0.0560984  430  10  0.05  0.05  Sig
0.62849  0.0727188  430  10  0.15  0.05  Sig
0  0  430  10  0.25  0.05  Sig
0.303954  0.148723  430  10  0.35  0.05  Sig
0.311634  0.259448  430  10  0.45  0.05  Sig
0.984241  0.407563  430  10  0.55  0.05  Sig
0.280522  0.851079  430  10  0.65  0.05  Sig
0.782792  1.6332  430  10  0.75  0.05  Sig
0.000462067  3.08388  430  10  0.85  0.05  Sig
-6.05977  207.376  430  10  0.95  0.05  Sig
0.00885793  0.0155818  450  10  -0.95  0.05  Sig
0.63563  0.0932653  450  10  -0.85  0.05  Sig
0.740747  0.0349232  450  10  -0.75  0.05  Sig
0.770341  0.0235724  450  10  -0.65  0.05  Sig
0.707848  0.0191101  450  10  -0.55  0.05  Sig
0.736302  0.0181455  450  10  -0.45  0.05  Sig
0.681866  0.0179744  450  10  -0.35  0.05  Sig
0.695275  0.0188955  450  10  -0.25  0.05  Sig
0.716075  0.0216654  450  10  -0.15  0.05  Sig
0.601403  0.0269891  450  10  -0.05  0.05  Sig
0.629907  0.034778  450  10  0.05  0.05  Sig
0.623714  0.0474476  450  10  0.15  0.05  Sig
0.564779  0.0705101  450  10  0.25  0.05  Sig
0.481308  0.111893  450  10  0.35  0.05  Sig
0.317858  0.164187  450  10  0.45  0.05  Sig
0.323818  0.230651  450  10  0.55  0.05  Sig
-0.198895  0.473925  450  10  0.65  0.05  Sig
0.7166  0.753684  450  10  0.75  0.05  Sig
0.128971  0.844334  450  10  0.85  0.05  Sig
0  0  450  10  0.95  0.05  Sig
0.000812697  0.00245222  470  10  -0.95  0.05  Sig
0.648592  0.0707187  470  10  -0.85  0.05  Sig
0.809309  0.030248  470  10  -0.75  0.05  Sig
0.77835  0.0193546  470  10  -0.65  0.05  Sig
0.748297  0.0167689  470  10  -0.55  0.05  Sig
0.757036  0.0156182  470  10  -0.45  0.05  Sig
0.715866  0.0151355  470  10  -0.35  0.05  Sig
0.728194  0.0150589  470  10  -0.25  0.05  Sig
0.682407  0.0162897  470  10  -0.15  0.05  Sig
0.670049  0.0191896  470  10  -0.05  0.05  Sig
0.630638  0.0244375  470  10  0.05  0.05  Sig
0.621849  0.0320743  470  10  0.15  0.05  Sig
0.48412  0.0530886  470  10  0.25  0.05  Sig
0.395612  0.0749268  470  10  0.35  0.05  Sig
0.285786  0.12396  470  10  0.45  0.05  Sig
0.229547  0.187657  470  10  0.55  0.05  Sig
-0.362978  0.333293  470  10  0.65  0.05  Sig
0.203536  0.465961  470  10  0.75  0.05  Sig
0.678308  0.924015  470  10  0.85  0.05  Sig
0  0  470  10  0.95  0.05  Sig
0.667432  0.211903  490  10  -0.95  0.05  Sig
0.753911  0.0912966  490  10  -0.85  0.05  Sig
0.78591  0.0310966  490  10  -0.75  0.05  Sig
0.799416  0.0218128  490  10  -0.65  0.05  Sig
0.772404  0.0183018  490  10  -0.55  0.05  Sig
0.749318  0.0162087  490  10  -0.45  0.05  Sig
0.780979  0.0156017  490  10  -0.35  0.05  Sig
0.735287  0.0150655  490  10  -0.25  0.05  Sig
0.715099  0.0158361  490  10  -0.15  0.05  Sig
0.68503  0.0171085  490  10  -0.05  0.05  Sig
0.640601  0.0221183  490  10  0.05  0.05  Sig
0.592022  0.0276943  490  10  0.15  0.05  Sig
0.598587  0.0433564  490  10  0.25  0.05  Sig
0.515265  0.064003  490  10  0.35  0.05  Sig
0.310132  0.108988  490  10  0.45  0.05  Sig
-0.110468  0.170798  490  10  0.55  0.05  Sig
-0.312939  0.322789  490  10  0.65  0.05  Sig
-0.421486  0.600213  490  10  0.75  0.05  Sig
0.13201  0.600906  490  10  0.85  0.05  Sig
0  0  490  10  0.95  0.05  Sig
0.853212  0.171954  510  10  -0.95  0.05  Sig
0.848287  0.0766209  510  10  -0.85  0.05  Sig
0.812645  0.0264906  510  10  -0.75  0.05  Sig
0.782481  0.0168882  510  10  -0.65  0.05  Sig
0.828841  0.0152087  510  10  -0.55  0.05  Sig
0.807892  0.0136378  510  10  -0.45  0.05  Sig
0.76766  0.012958  510  10  -0.35  0.05  Sig
0.711052  0.0122607  510  10  -0.25  0.05  Sig
0.71031  0.0122866  510  10  -0.15  0.05  Sig
0.671391  0.0131957  510  10  -0.05  0.05  Sig
0.68202  0.0155362  510  10  0.05  0.05  Sig
0.621925  0.0192226  510  10  0.15  0.05  Sig
0.577652  0.0291658  510  10  0.25  0.05  Sig
0.411671  0.0462435  510  10  0.35  0.05  Sig
0.439099  0.0744567  510  10  0.45  0.05  Sig
0.430038  0.155046  510  10  0.55  0.05  Sig
0.35291  0.227537  510  10  0.65  0.05  Sig
0.426595  0.341344  510  10  0.75  0.05  Sig
-1.0627  0.733209  510  10  0.85  0.05  Sig
0  0  510  10  0.95  0.05  Sig
1.0908  0.235309  530  10  -0.95  0.05  Sig
0.932405  0.0767423  530  10  -0.85  0.05  Sig
0.833645  0.0282767  530  10  -0.75  0.05  Sig
0.845964  0.0188702  530  10  -0.65  0.05  Sig
0.839696  0.0163631  530  10  -0.55  0.05  Sig
0.814127  0.0146423  530  10  -0.45  0.05  Sig
0.779638  0.013438  530  10  -0.35  0.05  Sig
0.750403  0.0130036  530  10  -0.25  0.05  Sig
0.701067  0.0128342  530  10  -0.15  0.05  Sig
0.70483  0.0139545  530  10  -0.05  0.05  Sig
0.635791  0.0148654  530  10  0.05  0.05  Sig
0.575833  0.0177036  530  10  0.15  0.05  Sig
0.537417  0.0245627  530  10  0.25  0.05  Sig
0.496056  0.0412571  530  10  0.35  0.05  Sig
0.411384  0.0703001  530  10  0.45  0.05  Sig
0.187732  0.113614  530  10  0.55  0.05  Sig
0.103074  0.210228  530  10  0.65  0.05  Sig
0.46746  0.304639  530  10  0.75  0.05  Sig
-6.98244e-05  64.8213  530  10  0.85  0.05  Sig
-7.67219  301.803  530  10  0.95  0.05  Sig
0.884606  0.283541  550  10  -0.95  0.05  Sig
0.978593  0.0801406  550  10  -0.85  0.05  Sig
0.825985  0.0327972  550  10  -0.75  0.05  Sig
0.868473  0.0226503  550  10  -0.65  0.05  Sig
0.830314  0.0181858  550  10  -0.55  0.05  Sig
0.789612  0.0159913  550  10  -0.45  0.05  Sig
0.76864  0.0148099  550  10  -0.35  0.05  Sig
0.736219  0.01427  550  10  -0.25  0.05  Sig
0.728823  0.0140731  550  10  -0.15  0.05  Sig
0.683678  0.0145211  550  10  -0.05  0.05  Sig
0.630085  0.0156622  550  10  0.05  0.05  Sig
0.563154  0.018317  550  10  0.15  0.05  Sig
0.569956  0.0256345  550  10  0.25  0.05  Sig
0.488191  0.0402686  550  10  0.35  0.05  Sig
0.357534  0.0649352  550  10  0.45  0.05  Sig
0.253175  0.115068  550  10  0.55  0.05  Sig
-0.211047  0.216043  550  10  0.65  0.05  Sig
-0.207983  0.365828  550  10  0.75  0.05  Sig
0.570597  0.808666  550  10  0.85  0.05  Sig
-7.49823  294.959  550  10  0.95  0.05  Sig
0.686777  0.203734  570  10  -0.95  0.05  Sig
0.690208  0.0666699  570  10  -0.85  0.05  Sig
0.807623  0.0245817  570  10  -0.75  0.05  Sig
0.820944  0.0158832  570  10  -0.65  0.05  Sig
0.815773  0.0136376  570  10  -0.55  0.05  Sig
0.810049  0.0126349  570  10  -0.45  0.05  Sig
0.501911  0.00686399  570  10  -0.35  0.05  Sig
0.75343  0.0111745  570  10  -0.25  0.05  Sig
0.719565  0.0110188  570  10  -0.15  0.05  Sig
0.678275  0.0110795  570  10  -0.05  0.05  Sig
0.648358  0.0118114  570  10  0.05  0.05  Sig
0.577339  0.0133467  570  10  0.15  0.05  Sig
0.541451  0.0169765  570  10  0.25  0.05  Sig
0.469409  0.0258231  570  10  0.35  0.05  Sig
0.267297  0.0449501  570  10  0.45  0.05  Sig
0.0992114  0.0925696  570  10  0.55  0.05  Sig
0.172636  0.144341  570  10  0.65  0.05  Sig
0.140601  0.264054  570  10  0.75  0.05  Sig
0.000494442  0.442107  570  10  0.85  0.05  Sig
-0.000549819  82.1284  570  10  0.95  0.05  Sig
0.309308  0.120136  590  10  -0.95  0.05  Sig
0.732592  0.0500782  590  10  -0.85  0.05  Sig
0.808741  0.0214111  590  10  -0.75  0.05  Sig
0.840649  0.0138301  590  10  -0.65  0.05  Sig
0.832707  0.0117213  590  10  -0.55  0.05  Sig
0.825259  0.0107391  590  10  -0.45  0.05  Sig
0.796682  0.00981938  590  10  -0.35  0.05  Sig
0.780109  0.00936394  590  10  -0.25  0.05  Sig
0.728588  0.00918983  590  10  -0.15  0.05  Sig
0.709364  0.00935859  590  10  -0.05  0.05  Sig
0.660921  0.00992808  590  10  0.05  0.05  Sig
0.609209  0.0106871  590  10  0.15  0.05  Sig
0.563288  0.0130566  590  10  0.25  0.05  Sig
0.434768  0.0188746  590  10  0.35  0.05  Sig
0.302418  0.0322793  590  10  0.45  0.05  Sig
0.0637873  0.0673998  590  10  0.55  0.05  Sig
-0.119338  0.107787  590  10  0.65  0.05  Sig
0.0176785  0.215996  590  10  0.75  0.05  Sig
-0.616205  0.539262  590  10  0.85  0.05  Sig
0  0  590  10  0.95  0.05  Sig
0.483583  0.115578  610  10  -0.95  0.05  Sig
0.636189  0.0584481  610  10  -0.85  0.05  Sig
0.814603  0.022831  610  10  -0.75  0.05  Sig
0.860509  0.0150915  610  10  -0.65  0.05  Sig
0.850609  0.0132031  610  10  -0.55  0.05  Sig
0.841829  0.0113938  610  10  -0.45  0.05  Sig
0.81898  0.0105559  610  10  -0.35  0.05  Sig
0.781563  0.0100462  610  10  -0.25  0.05  Sig
0.76063  0.00992203  610  10  -0.15  0.05  Sig
0.735748  0.010039  610  10  -0.05  0.05  Sig
0.691429  0.010404  610  10  0.05  0.05  Sig
0.626368  0.0113532  610  10  0.15  0.05  Sig
0.58317  0.0132786  610  10  0.25  0.05  Sig
0.504127  0.0180904  610  10  0.35  0.05  Sig
0.422287  0.030913  610  10  0.45  0.05  Sig
0.112829  0.059017  610  10  0.55  0.05  Sig
0.0301504  0.115007  610  10  0.65  0.05  Sig
-0.214445  0.238353  610  10  0.75  0.05  Sig
0.470672  0.435237  610  10  0.85  0.05  Sig
0  0  610  10  0.95  0.05  Sig
0.721424  0.2843  630  10  -0.95  0.05  Sig
0.60935  0.107113  630  10  -0.85  0.05  Sig
0.784093  0.0450718  630  10  -0.75  0.05  Sig
0.851228  0.0278269  630  10  -0.65  0.05  Sig
0.837288  0.0233766  630  10  -0.55  0.05  Sig
0.854634  0.02219  630  10  -0.45  0.05  Sig
0.885021  0.0202443  630  10  -0.35  0.05  Sig
0.831114  0.0193204  630  10  -0.25  0.05  Sig
0.829652  0.0191895  630  10  -0.15  0.05  Sig
0.751138  0.0194453  630  10  -0.05  0.05  Sig
0.710474  0.0198852  630  10  0.05  0.05  Sig
0.686676  0.0210329  630  10  0.15  0.05  Sig
0.60307  0.0249104  630  10  0.25  0.05  Sig
0.574938  0.0334092  630  10  0.35  0.05  Sig
0.441517  0.0529539  630  10  0.45  0.05  Sig
0.056759  0.106032  630  10  0.55  0.05  Sig
0.0912113  0.200715  630  10  0.65  0.05  Sig
-0.223241  0.429947  630  10  0.75  0.05  Sig
-0.886793  0.742184  630  10  0.85  0.05  Sig
0  0  630  10  0.95  0.05  Sig
0.474619  0.473941  650  10  -0.95  0.05  Sig
0.717494  0.246825  650  10  -0.85  0.05  Sig
0.691428  0.110443  650  10  -0.75  0.05  Sig
0.795283  0.0781111  650  10  -0.65  0.05  Sig
0.824776  0.065678  650  10  -0.55  0.05  Sig
0.779693  0.0608352  650  10  -0.45  0.05  Sig
0.849583  0.0541473  650  10  -0.35  0.05  Sig
0.764588  0.053758  650  10  -0.25  0.05  Sig
0.699978  0.0513654  650  10  -0.15  0.05  Sig
0.654985  0.0516706  650  10  -0.05  0.05  Sig
0.793419  0.0534629  650  10  0.05  0.05  Sig
0.636067  0.0568282  650  10  0.15  0.05  Sig
0.502271  0.066047  650  10  0.25  0.05  Sig
0.594801  0.084455  650  10  0.35  0.05  Sig
0.698313  0.119348  650  10  0.45  0.05  Sig
-0.0773707  0.256435  650  10  0.55  0.05  Sig
-0.162981  0.600776  650  10  0.65  0.05  Sig
0.118314  1.52916  650  10  0.75  0.05  Sig
0  0  650  10  0.85  0.05  Sig
0  0  650  10  0.95  0.05  Sig
0.371765  1.50292  670  10  -0.95  0.05  Sig
0.632845  1.14785  670  10  -0.85  0.05  Sig
0.824576  0.42746  670  10  -0.75  0.05  Sig
0.43133  0.30966  670  10  -0.65  0.05  Sig
0.839546  0.250534  670  10  -0.55  0.05  Sig
1.02267  0.230568  670  10  -0.45  0.05  Sig
1.01311  0.211816  670  10  -0.35  0.05  Sig
0.904243  0.205973  670  10  -0.25  0.05  Sig
0.47511  0.200996  670  10  -0.15  0.05  Sig
0.698613  0.199142  670  10  -0.05  0.05  Sig
0.714972  0.199042  670  10  0.05  0.05  Sig
1.06591  0.219557  670  10  0.15  0.05  Sig
0.622155  0.232433  670  10  0.25  0.05  Sig
0.835562  0.290193  670  10  0.35  0.05  Sig
0.841484  0.411197  670  10  0.45  0.05  Sig
0.216011  0.831272  670  10  0.55  0.05  Sig
1.32739  2.00147  670  10  0.65  0.05  Sig
-1.32282  4.25931  670  10  0.75  0.05  Sig
2.54738  6.3156  670  10  0.85  0.05  Sig
0  0  670  10  0.95  0.05  Sig
-1.51935  1.20553  690  10  -0.95  0.05  Sig
0.562415  0.827802  690  10  -0.85  0.05  Sig
-0.179379  0.375573  690  10  -0.75  0.05  Sig
0.464295  0.249282  690  10  -0.65  0.05  Sig
0.648196  0.21013  690  10  -0.55  0.05  Sig
0.599224  0.198622  690  10  -0.45  0.05  Sig
0.663679  0.185265  690  10  -0.35  0.05  Sig
0.766344  0.174698  690  10  -0.25  0.05  Sig
0.669171  0.171293  690  10  -0.15  0.05  Sig
0.734672  0.166932  690  10  -0.05  0.05  Sig
0.779053  0.174662  690  10  0.05  0.05  Sig
0.695568  0.186956  690  10  0.15  0.05  Sig
0.504689  0.206317  690  10  0.25  0.05  Sig
0.754704  0.242789  690  10  0.35  0.05  Sig
0.764194  0.327356  690  10  0.45  0.05  Sig
1.60144  0.619921  690  10  0.55  0.05  Sig
-1.44843  1.73882  690  10  0.65  0.05  Sig
0.76966  3.27099  690  10  0.75  0.05  Sig
-7.30854  13.1481  690  10  0.85  0.05  Sig
-56.5611  1462.38  690  10  0.95  0.05  Sig
1.83737  1.10487  710  10  -0.95  0.05  Sig
1.44898  0.850158  710  10  -0.85  0.05  Sig
0.839852  0.389154  710  10  -0.75  0.05  Sig
0.703562  0.272258  710  10  -0.65  0.05  Sig
0.689595  0.239217  710  10  -0.55  0.05  Sig
0.712419  0.214118  710  10  -0.45  0.05  Sig
0.470298  0.209704  710  10  -0.35  0.05  Sig
1.0188  0.194788  710  10  -0.25  0.05  Sig
0.495813  0.188573  710  10  -0.15  0.05  Sig
0.711393  0.189561  710  10  -0.05  0.05  Sig
0.839516  0.192645  710  10  0.05  0.05  Sig
0.857279  0.203634  710  10  0.15  0.05  Sig
0.823444  0.21518  710  10  0.25  0.05  Sig
0.475595  0.242766  710  10  0.35  0.05  Sig
0.385989  0.342146  710  10  0.45  0.05  Sig
0.115612  0.579472  710  10  0.55  0.05  Sig
-0.6545  1.68678  710  10  0.65  0.05  Sig
-2.54347  3.98811  710  10  0.75  0.05  Sig
0  0  710  10  0.85  0.05  Sig
0  0  710  10  0.95  0.05  Sig
