0  430  -0.95
0.162  430  -0.85
0.585333  430  -0.75
0.69  430  -0.65
0.665  430  -0.55
0.692  430  -0.45
0.6485  430  -0.35
0.63  430  -0.25
0.647  430  -0.15
0.6415  430  -0.05
0.59  430  0.05
0.574  430  0.15
0.5445  430  0.25
0.532  430  0.35
0.5165  430  0.45
0.465  430  0.55
0.346  430  0.65
0.3165  430  0.75
0.239  430  0.85
0.754333  430  0.95
0  450  -0.95
0.20495  450  -0.85
0.645733  450  -0.75
0.6957  450  -0.65
0.6568  450  -0.55
0.625  450  -0.45
0.6645  450  -0.35
0.6687  450  -0.25
0.6678  450  -0.15
0.6276  450  -0.05
0.6064  450  0.05
0.5742  450  0.15
0.5717  450  0.25
0.5454  450  0.35
0.5194  450  0.45
0.4445  450  0.55
0.4354  450  0.65
0.3755  450  0.75
0.303  450  0.85
0.200033  450  0.95
0  470  -0.95
0.261375  470  -0.85
0.62075  470  -0.75
0.655  470  -0.65
0.663375  470  -0.55
0.71075  470  -0.45
0.673375  470  -0.35
0.664875  470  -0.25
0.721  470  -0.15
0.653875  470  -0.05
0.62075  470  0.05
0.58575  470  0.15
0.5715  470  0.25
0.5395  470  0.35
0.52775  470  0.45
0.410625  470  0.55
0.4035  470  0.65
0.34175  470  0.75
0.344  470  0.85
0.186167  470  0.95
0  490  -0.95
0.28575  490  -0.85
0.722533  490  -0.75
0.7152  490  -0.65
0.7153  490  -0.55
0.717  490  -0.45
0.6903  490  -0.35
0.6725  490  -0.25
0.65  490  -0.15
0.646  490  -0.05
0.6244  490  0.05
0.5984  490  0.15
0.558  490  0.25
0.5356  490  0.35
0.4855  490  0.45
0.414  490  0.55
0.37  490  0.65
0.2892  490  0.75
0.2467  490  0.85
0.123733  490  0.95
0  510  -0.95
0.259967  510  -0.85
0.7168  510  -0.75
0.7097  510  -0.65
0.734  510  -0.55
0.7223  510  -0.45
0.7258  510  -0.35
0.7055  510  -0.25
0.6702  510  -0.15
0.6594  510  -0.05
0.6304  510  0.05
0.587  510  0.15
0.5458  510  0.25
0.4938  510  0.35
0.4468  510  0.45
0.3772  510  0.55
0.3262  510  0.65
0.2679  510  0.75
0.1572  510  0.85
-0.0155333  510  0.95
0  530  -0.95
0.229167  530  -0.85
0.675083  530  -0.75
0.779625  530  -0.65
0.746625  530  -0.55
0.752125  530  -0.45
0.722625  530  -0.35
0.6875  530  -0.25
0.65825  530  -0.15
0.6695  530  -0.05
0.606  530  0.05
0.60275  530  0.15
0.553875  530  0.25
0.5075  530  0.35
0.457125  530  0.45
0.401875  530  0.55
0.301  530  0.65
0.269125  530  0.75
0.13175  530  0.85
0.168083  530  0.95
0  550  -0.95
0.264367  550  -0.85
0.7128  550  -0.75
0.7459  550  -0.65
0.7777  550  -0.55
0.7716  550  -0.45
0.7282  550  -0.35
0.706  550  -0.25
0.7116  550  -0.15
0.6587  550  -0.05
0.6296  550  0.05
0.6052  550  0.15
0.5883  550  0.25
0.5434  550  0.35
0.4469  550  0.45
0.373  550  0.55
0.335  550  0.65
0.2296  550  0.75
0.1726  550  0.85
0.0543333  550  0.95
0  570  -0.95
0.2628  570  -0.85
0.672  570  -0.75
0.7506  570  -0.65
0.7292  570  -0.55
0.7514  570  -0.45
0.7406  570  -0.35
0.7217  570  -0.25
0.7046  570  -0.15
0.6745  570  -0.05
0.6226  570  0.05
0.6126  570  0.15
0.5842  570  0.25
0.5402  570  0.35
0.4746  570  0.45
0.3659  570  0.55
0.2782  570  0.65
0.1969  570  0.75
0.129233  570  0.85
0.0295  570  0.95
0  590  -0.95
0.172625  590  -0.85
0.559083  590  -0.75
0.717  590  -0.65
0.746  590  -0.55
0.73975  590  -0.45
0.7265  590  -0.35
0.733  590  -0.25
0.69725  590  -0.15
0.6755  590  -0.05
0.66125  590  0.05
0.63125  590  0.15
0.610625  590  0.25
0.569  590  0.35
0.490875  590  0.45
0.4005  590  0.55
0.27  590  0.65
0.212375  590  0.75
0.050625  590  0.85
0.118125  590  0.95
0  610  -0.95
0.1553  610  -0.85
0.537533  610  -0.75
0.6459  610  -0.65
0.7075  610  -0.55
0.7258  610  -0.45
0.7233  610  -0.35
0.7206  610  -0.25
0.7326  610  -0.15
0.6945  610  -0.05
0.6622  610  0.05
0.6596  610  0.15
0.6166  610  0.25
0.561  610  0.35
0.5223  610  0.45
0.4047  610  0.55
0.301  610  0.65
0.228  610  0.75
0.1392  610  0.85
0.115533  610  0.95
0  630  -0.95
0.08835  630  -0.85
0.475467  630  -0.75
0.606  630  -0.65
0.6645  630  -0.55
0.6967  630  -0.45
0.7252  630  -0.35
0.7276  630  -0.25
0.7048  630  -0.15
0.6907  630  -0.05
0.682  630  0.05
0.6578  630  0.15
0.6365  630  0.25
0.615  630  0.35
0.5417  630  0.45
0.4563  630  0.55
0.4224  630  0.65
0.2843  630  0.75
0.1532  630  0.85
0.125933  630  0.95
