489.87 0.820052 0.181 0.162 18
489.87 0.741976 0.194 0.061 18
489.87 0.641048 0.345 0.041 18
489.87 0.537005 0.356 0.033 18
489.87 0.43303 0.454 0.029 18
489.87 0.328042 0.516 0.028 18
489.87 0.223931 0.563 0.026 18
489.87 0.118924 0.582 0.028 18
489.87 0.0130896 0.664 0.03 18
489.87 -0.092023 0.6 0.03 18
489.87 -0.196973 0.686 0.031 18
489.87 -0.302037 0.678 0.031 18
489.87 -0.405939 0.709 0.034 18
489.87 -0.510993 0.78 0.035 18
489.87 -0.614974 0.799 0.04 18
489.87 -0.717032 0.76 0.051 18
489.87 -0.82095 0.823 0.075 18
489.87 -0.916991 0.55 0.181 18
