-0.79615  0.68718  430  10  -0.95  0.05  Random
0.521343  0.104718  430  10  -0.85  0.05  Random
0.649951  0.0449818  430  10  -0.75  0.05  Random
0.649181  0.0345889  430  10  -0.65  0.05  Random
0.689286  0.0282318  430  10  -0.55  0.05  Random
0.660138  0.0268514  430  10  -0.45  0.05  Random
0.692418  0.0279982  430  10  -0.35  0.05  Random
0.690824  0.0348757  430  10  -0.25  0.05  Random
0.604431  0.0435123  430  10  -0.15  0.05  Random
0.59663  0.0691771  430  10  -0.05  0.05  Random
0.647116  0.119105  430  10  0.05  0.05  Random
1.24665  0.223398  430  10  0.15  0.05  Random
0.310614  0.529339  430  10  0.25  0.05  Random
1.35068  0.890702  430  10  0.35  0.05  Random
0.0587251  1.45209  430  10  0.45  0.05  Random
-0.000121921  2.81661  430  10  0.55  0.05  Random
0.000110432  6.66831  430  10  0.65  0.05  Random
-1.11693e-06  14.1762  430  10  0.75  0.05  Random
0  0  430  10  0.85  0.05  Random
0  0  430  10  0.95  0.05  Random
0.495335  0.3065  450  10  -0.95  0.05  Random
0.537897  0.0928732  450  10  -0.85  0.05  Random
0.798684  0.0433147  450  10  -0.75  0.05  Random
0.732211  0.0263826  450  10  -0.65  0.05  Random
0.743775  0.0227017  450  10  -0.55  0.05  Random
0.729877  0.0191058  450  10  -0.45  0.05  Random
0.681923  0.0204853  450  10  -0.35  0.05  Random
0.687682  0.0216503  450  10  -0.25  0.05  Random
0.682265  0.0247172  450  10  -0.15  0.05  Random
0.65212  0.0327487  450  10  -0.05  0.05  Random
0.597325  0.0500692  450  10  0.05  0.05  Random
0.764264  0.0926483  450  10  0.15  0.05  Random
0.558923  0.209127  450  10  0.25  0.05  Random
0.202001  0.499163  450  10  0.35  0.05  Random
-0.143879  1.29045  450  10  0.45  0.05  Random
1.59138  1.30234  450  10  0.55  0.05  Random
0.251628  0.891481  450  10  0.65  0.05  Random
0.00150737  49.125  450  10  0.75  0.05  Random
0.000534713  10.3972  450  10  0.85  0.05  Random
0  0  450  10  0.95  0.05  Random
0.835066  0.213645  470  10  -0.95  0.05  Random
0.768491  0.0911212  470  10  -0.85  0.05  Random
0.751759  0.0334009  470  10  -0.75  0.05  Random
0.745431  0.0226185  470  10  -0.65  0.05  Random
0.741573  0.0202024  470  10  -0.55  0.05  Random
0.765439  0.0170426  470  10  -0.45  0.05  Random
0.708511  0.0171937  470  10  -0.35  0.05  Random
0.636592  0.0186538  470  10  -0.25  0.05  Random
0.601264  0.0203947  470  10  -0.15  0.05  Random
0.710481  0.0224461  470  10  -0.05  0.05  Random
0.593787  0.0315566  470  10  0.05  0.05  Random
0.601928  0.0492258  470  10  0.15  0.05  Random
0.565082  0.0923679  470  10  0.25  0.05  Random
0.815897  0.244862  470  10  0.35  0.05  Random
-0.372999  0.635423  470  10  0.45  0.05  Random
0.0883731  0.971847  470  10  0.55  0.05  Random
-0.863138  1.39152  470  10  0.65  0.05  Random
-2.2966e-05  32.4134  470  10  0.75  0.05  Random
0  0  470  10  0.85  0.05  Random
0  0  470  10  0.95  0.05  Random
0.702228  0.260526  490  10  -0.95  0.05  Random
0.632283  0.0754821  490  10  -0.85  0.05  Random
0.80529  0.0380344  490  10  -0.75  0.05  Random
0.780311  0.0282742  490  10  -0.65  0.05  Random
0.726806  0.020867  490  10  -0.55  0.05  Random
0.746808  0.0186207  490  10  -0.45  0.05  Random
0.774065  0.018587  490  10  -0.35  0.05  Random
0.724705  0.0179848  490  10  -0.25  0.05  Random
0.691998  0.0183989  490  10  -0.15  0.05  Random
0.701347  0.0202228  490  10  -0.05  0.05  Random
0.635214  0.0247143  490  10  0.05  0.05  Random
0.631489  0.0356553  490  10  0.15  0.05  Random
0.567439  0.0643274  490  10  0.25  0.05  Random
0.811014  0.147315  490  10  0.35  0.05  Random
0.663245  0.400886  490  10  0.45  0.05  Random
0.384651  1.11093  490  10  0.55  0.05  Random
-0.0959924  1.27919  490  10  0.65  0.05  Random
-0.0577073  0.106594  490  10  0.75  0.05  Random
0  0  490  10  0.85  0.05  Random
0  0  490  10  0.95  0.05  Random
0.590858  0.240017  510  10  -0.95  0.05  Random
0.824596  0.0659707  510  10  -0.85  0.05  Random
0.804749  0.0289498  510  10  -0.75  0.05  Random
0.790616  0.0208861  510  10  -0.65  0.05  Random
0.760092  0.0175935  510  10  -0.55  0.05  Random
0.763294  0.0159603  510  10  -0.45  0.05  Random
0.729191  0.0153451  510  10  -0.35  0.05  Random
0.705772  0.015092  510  10  -0.25  0.05  Random
0.710249  0.0149873  510  10  -0.15  0.05  Random
0.666664  0.0158859  510  10  -0.05  0.05  Random
0.665463  0.0177928  510  10  0.05  0.05  Random
0.659068  0.0234425  510  10  0.15  0.05  Random
0.552921  0.0379625  510  10  0.25  0.05  Random
0.292503  0.0776874  510  10  0.35  0.05  Random
0.511441  0.205682  510  10  0.45  0.05  Random
0.0242341  0.59108  510  10  0.55  0.05  Random
1.47111  0.970824  510  10  0.65  0.05  Random
-0.00071696  2.15261  510  10  0.75  0.05  Random
0  0  510  10  0.85  0.05  Random
0  0  510  10  0.95  0.05  Random
1.12185  0.296681  530  10  -0.95  0.05  Random
0.76135  0.0714403  530  10  -0.85  0.05  Random
0.816368  0.0399232  530  10  -0.75  0.05  Random
0.847647  0.0229518  530  10  -0.65  0.05  Random
0.82463  0.0190156  530  10  -0.55  0.05  Random
0.799424  0.0175343  530  10  -0.45  0.05  Random
0.762402  0.0167662  530  10  -0.35  0.05  Random
0.774279  0.0161266  530  10  -0.25  0.05  Random
0.667848  0.0161866  530  10  -0.15  0.05  Random
0.689721  0.0165693  530  10  -0.05  0.05  Random
0.650794  0.0176715  530  10  0.05  0.05  Random
0.583591  0.020849  530  10  0.15  0.05  Random
0.577475  0.0294867  530  10  0.25  0.05  Random
0.517275  0.0549534  530  10  0.35  0.05  Random
0.601555  0.137813  530  10  0.45  0.05  Random
-0.104077  0.35427  530  10  0.55  0.05  Random
-0.109249  0.819653  530  10  0.65  0.05  Random
1.22372  0.450747  530  10  0.75  0.05  Random
-0.0036569  42.5547  530  10  0.85  0.05  Random
0  0  530  10  0.95  0.05  Random
0.642076  0.338637  550  10  -0.95  0.05  Random
0.833713  0.085249  550  10  -0.85  0.05  Random
0.833061  0.0393311  550  10  -0.75  0.05  Random
0.792286  0.0275324  550  10  -0.65  0.05  Random
0.818021  0.0209403  550  10  -0.55  0.05  Random
0.756662  0.0201693  550  10  -0.45  0.05  Random
0.763442  0.018941  550  10  -0.35  0.05  Random
0.755501  0.0181922  550  10  -0.25  0.05  Random
0.688409  0.0179347  550  10  -0.15  0.05  Random
0.686782  0.0183824  550  10  -0.05  0.05  Random
0.638007  0.0190725  550  10  0.05  0.05  Random
0.591259  0.0218309  550  10  0.15  0.05  Random
0.587397  0.0290606  550  10  0.25  0.05  Random
0.542203  0.0478549  550  10  0.35  0.05  Random
0.44305  0.106797  550  10  0.45  0.05  Random
0.308786  0.302569  550  10  0.55  0.05  Random
-0.397073  0.369943  550  10  0.65  0.05  Random
1.4235  0.806939  550  10  0.75  0.05  Random
0.206736  0.2302  550  10  0.85  0.05  Random
0  0  550  10  0.95  0.05  Random
0.626052  0.20338  570  10  -0.95  0.05  Random
0.796007  0.0678319  570  10  -0.85  0.05  Random
0.808821  0.032481  570  10  -0.75  0.05  Random
0.805198  0.0225096  570  10  -0.65  0.05  Random
0.785789  0.0166924  570  10  -0.55  0.05  Random
0.807586  0.016122  570  10  -0.45  0.05  Random
0.779339  0.0150402  570  10  -0.35  0.05  Random
0.756905  0.0144955  570  10  -0.25  0.05  Random
0.740959  0.0145128  570  10  -0.15  0.05  Random
0.690867  0.0144384  570  10  -0.05  0.05  Random
0.691626  0.0150381  570  10  0.05  0.05  Random
0.60244  0.0161028  570  10  0.15  0.05  Random
0.550719  0.019586  570  10  0.25  0.05  Random
0.49633  0.0286449  570  10  0.35  0.05  Random
0.422491  0.0573301  570  10  0.45  0.05  Random
0.0880967  0.156074  570  10  0.55  0.05  Random
0.638042  0.490478  570  10  0.65  0.05  Random
-3.3141e-06  1.54018  570  10  0.75  0.05  Random
0.000143516  2.11427  570  10  0.85  0.05  Random
0  0  570  10  0.95  0.05  Random
0.603946  0.156272  590  10  -0.95  0.05  Random
0.712247  0.0580468  590  10  -0.85  0.05  Random
0.791221  0.0290658  590  10  -0.75  0.05  Random
0.822296  0.0208285  590  10  -0.65  0.05  Random
0.819098  0.014634  590  10  -0.55  0.05  Random
0.79795  0.0136082  590  10  -0.45  0.05  Random
0.815244  0.0130811  590  10  -0.35  0.05  Random
0.770501  0.0126123  590  10  -0.25  0.05  Random
0.745616  0.012528  590  10  -0.15  0.05  Random
0.725326  0.0124897  590  10  -0.05  0.05  Random
0.680994  0.0128282  590  10  0.05  0.05  Random
0.640184  0.0136589  590  10  0.15  0.05  Random
0.600877  0.0156842  590  10  0.25  0.05  Random
0.503925  0.0210958  590  10  0.35  0.05  Random
0.401999  0.0373375  590  10  0.45  0.05  Random
0.388476  0.0959738  590  10  0.55  0.05  Random
0.522064  0.328615  590  10  0.65  0.05  Random
0.000257772  6.17522  590  10  0.75  0.05  Random
-0.000307426  2.88202  590  10  0.85  0.05  Random
0  0  590  10  0.95  0.05  Random
0.372249  0.13893  610  10  -0.95  0.05  Random
0.706493  0.0641471  610  10  -0.85  0.05  Random
0.854661  0.0333013  610  10  -0.75  0.05  Random
0.84259  0.0235072  610  10  -0.65  0.05  Random
0.869658  0.0159398  610  10  -0.55  0.05  Random
0.831701  0.0147239  610  10  -0.45  0.05  Random
0.845842  0.0142572  610  10  -0.35  0.05  Random
0.799415  0.0136544  610  10  -0.25  0.05  Random
0.806197  0.0134062  610  10  -0.15  0.05  Random
0.75487  0.013579  610  10  -0.05  0.05  Random
0.738178  0.0138129  610  10  0.05  0.05  Random
0.683178  0.0147996  610  10  0.15  0.05  Random
0.65854  0.0163914  610  10  0.25  0.05  Random
0.554489  0.0208114  610  10  0.35  0.05  Random
0.503694  0.0327462  610  10  0.45  0.05  Random
0.377405  0.0779665  610  10  0.55  0.05  Random
0.323578  0.231845  610  10  0.65  0.05  Random
-0.367224  0.359891  610  10  0.75  0.05  Random
0  0  610  10  0.85  0.05  Random
0  0  610  10  0.95  0.05  Random
0.189322  0.415033  630  10  -0.95  0.05  Random
0.746847  0.12038  630  10  -0.85  0.05  Random
0.756663  0.0603323  630  10  -0.75  0.05  Random
0.856839  0.0403584  630  10  -0.65  0.05  Random
0.882491  0.0309251  630  10  -0.55  0.05  Random
0.857856  0.0275322  630  10  -0.45  0.05  Random
0.877849  0.0270547  630  10  -0.35  0.05  Random
0.851401  0.0262749  630  10  -0.25  0.05  Random
0.849012  0.0259253  630  10  -0.15  0.05  Random
0.813265  0.0257202  630  10  -0.05  0.05  Random
0.782799  0.0270642  630  10  0.05  0.05  Random
0.746123  0.0281611  630  10  0.15  0.05  Random
0.704435  0.0311061  630  10  0.25  0.05  Random
0.649091  0.0386043  630  10  0.35  0.05  Random
0.524647  0.054711  630  10  0.45  0.05  Random
0.476062  0.139702  630  10  0.55  0.05  Random
-0.376634  0.3895  630  10  0.65  0.05  Random
-0.000573445  2.77791  630  10  0.75  0.05  Random
0  0  630  10  0.85  0.05  Random
0  0  630  10  0.95  0.05  Random
