-0.690309  0.559229  430  10  -0.95  0.05  Random
0.47728  0.246905  430  10  -0.85  0.05  Random
0.153533  0.223092  430  10  -0.75  0.05  Random
0.572854  0.183497  430  10  -0.65  0.05  Random
0.709754  0.187115  430  10  -0.55  0.05  Random
0.676423  0.160125  430  10  -0.45  0.05  Random
0.455278  0.128274  430  10  -0.35  0.05  Random
0.418919  0.190401  430  10  -0.25  0.05  Random
0.890165  0.248055  430  10  -0.15  0.05  Random
0.0694198  0.313025  430  10  -0.05  0.05  Random
-0.435791  0.480042  430  10  0.05  0.05  Random
-0.492752  0.563322  430  10  0.15  0.05  Random
-0.0673453  0.478612  430  10  0.25  0.05  Random
1.25545  0.477085  430  10  0.35  0.05  Random
-0.146442  0.565701  430  10  0.45  0.05  Random
0.178224  0.301471  430  10  0.55  0.05  Random
1.49818  1.01316  430  10  0.65  0.05  Random
0.340498  1.14064  430  10  0.75  0.05  Random
0.17694  0.128366  430  10  0.85  0.05  Random
0  0  430  10  0.95  0.05  Random
0.302866  0.430024  450  10  -0.95  0.05  Random
-0.00882517  0.22781  450  10  -0.85  0.05  Random
0.592037  0.180106  450  10  -0.75  0.05  Random
0.572424  0.152492  450  10  -0.65  0.05  Random
0.61332  0.125691  450  10  -0.55  0.05  Random
0.62734  0.11935  450  10  -0.45  0.05  Random
0.472048  0.112772  450  10  -0.35  0.05  Random
0.629692  0.130719  450  10  -0.25  0.05  Random
0.685395  0.116295  450  10  -0.15  0.05  Random
0.362012  0.19284  450  10  -0.05  0.05  Random
0.60762  0.296635  450  10  0.05  0.05  Random
0.507816  0.425297  450  10  0.15  0.05  Random
0.0750296  0.529191  450  10  0.25  0.05  Random
0.660625  0.44686  450  10  0.35  0.05  Random
0.322873  0.382434  450  10  0.45  0.05  Random
-0.258733  0.50994  450  10  0.55  0.05  Random
-0.675255  0.339034  450  10  0.65  0.05  Random
1.77377  0.72379  450  10  0.75  0.05  Random
-0.256146  0.355677  450  10  0.85  0.05  Random
0  0  450  10  0.95  0.05  Random
0.692112  0.287252  470  10  -0.95  0.05  Random
0.765508  0.165215  470  10  -0.85  0.05  Random
0.564475  0.157233  470  10  -0.75  0.05  Random
0.574404  0.120324  470  10  -0.65  0.05  Random
0.599699  0.114053  470  10  -0.55  0.05  Random
0.678421  0.0991268  470  10  -0.45  0.05  Random
0.628959  0.0941509  470  10  -0.35  0.05  Random
0.50338  0.101751  470  10  -0.25  0.05  Random
0.503875  0.106867  470  10  -0.15  0.05  Random
0.503861  0.140656  470  10  -0.05  0.05  Random
0.315085  0.186205  470  10  0.05  0.05  Random
0.587324  0.253649  470  10  0.15  0.05  Random
0.281866  0.339543  470  10  0.25  0.05  Random
-0.080053  0.340915  470  10  0.35  0.05  Random
0.0131438  0.275903  470  10  0.45  0.05  Random
-0.420283  0.319601  470  10  0.55  0.05  Random
0.427052  0.456046  470  10  0.65  0.05  Random
0.961886  0.636451  470  10  0.75  0.05  Random
-0.0101345  0.0495383  470  10  0.85  0.05  Random
-0.0713927  0.445045  470  10  0.95  0.05  Random
0.88565  0.377313  490  10  -0.95  0.05  Random
0.0906345  0.161292  490  10  -0.85  0.05  Random
0.568909  0.148114  490  10  -0.75  0.05  Random
0.43876  0.116138  490  10  -0.65  0.05  Random
0.512249  0.108623  490  10  -0.55  0.05  Random
0.530817  0.0995428  490  10  -0.45  0.05  Random
0.548359  0.0934807  490  10  -0.35  0.05  Random
0.48387  0.0846501  490  10  -0.25  0.05  Random
0.572456  0.103261  490  10  -0.15  0.05  Random
0.636683  0.113485  490  10  -0.05  0.05  Random
0.204792  0.161285  490  10  0.05  0.05  Random
0.0930812  0.221113  490  10  0.15  0.05  Random
0.133301  0.331378  490  10  0.25  0.05  Random
0.295782  0.312224  490  10  0.35  0.05  Random
-0.334642  0.270484  490  10  0.45  0.05  Random
0.342782  0.29229  490  10  0.55  0.05  Random
0.988292  0.476698  490  10  0.65  0.05  Random
0.11423  0.131654  490  10  0.75  0.05  Random
-0.0168153  0.0999366  490  10  0.85  0.05  Random
0  0  490  10  0.95  0.05  Random
0.127544  0.151145  510  10  -0.95  0.05  Random
0.149295  0.152027  510  10  -0.85  0.05  Random
0.413925  0.0989943  510  10  -0.75  0.05  Random
0.651001  0.0943397  510  10  -0.65  0.05  Random
0.717735  0.0815884  510  10  -0.55  0.05  Random
0.550885  0.0675706  510  10  -0.45  0.05  Random
0.517691  0.0762488  510  10  -0.35  0.05  Random
0.45697  0.0738946  510  10  -0.25  0.05  Random
0.573468  0.07733  510  10  -0.15  0.05  Random
0.419989  0.0867335  510  10  -0.05  0.05  Random
0.465642  0.104921  510  10  0.05  0.05  Random
0.17935  0.144344  510  10  0.15  0.05  Random
0.136625  0.139771  510  10  0.25  0.05  Random
0.63232  0.195988  510  10  0.35  0.05  Random
0.205222  0.220254  510  10  0.45  0.05  Random
0.580112  0.228284  510  10  0.55  0.05  Random
0.758361  0.301656  510  10  0.65  0.05  Random
-0.0797794  0.364292  510  10  0.75  0.05  Random
0.320303  0.559773  510  10  0.85  0.05  Random
0  0  510  10  0.95  0.05  Random
-0.103194  0.199304  530  10  -0.95  0.05  Random
0.329422  0.175778  530  10  -0.85  0.05  Random
0.450384  0.11401  530  10  -0.75  0.05  Random
0.405937  0.0919795  530  10  -0.65  0.05  Random
0.430373  0.0849177  530  10  -0.55  0.05  Random
0.363567  0.0781941  530  10  -0.45  0.05  Random
0.519222  0.0723849  530  10  -0.35  0.05  Random
0.460015  0.0776549  530  10  -0.25  0.05  Random
0.390223  0.0718038  530  10  -0.15  0.05  Random
0.532905  0.0797734  530  10  -0.05  0.05  Random
0.4609  0.0982059  530  10  0.05  0.05  Random
0.679551  0.133873  530  10  0.15  0.05  Random
0.204355  0.163627  530  10  0.25  0.05  Random
0.509463  0.18565  530  10  0.35  0.05  Random
0.296396  0.18676  530  10  0.45  0.05  Random
0.278768  0.198321  530  10  0.55  0.05  Random
0.642256  0.226693  530  10  0.65  0.05  Random
-0.118639  0.397774  530  10  0.75  0.05  Random
0.0384953  0.121594  530  10  0.85  0.05  Random
0  0  530  10  0.95  0.05  Random
0.0484187  0.238123  550  10  -0.95  0.05  Random
0.0531844  0.153873  550  10  -0.85  0.05  Random
0.577437  0.0950105  550  10  -0.75  0.05  Random
0.289192  0.103853  550  10  -0.65  0.05  Random
0.401811  0.0963969  550  10  -0.55  0.05  Random
0.39533  0.085533  550  10  -0.45  0.05  Random
0.5093  0.0700128  550  10  -0.35  0.05  Random
0.534691  0.0751834  550  10  -0.25  0.05  Random
0.570771  0.0761905  550  10  -0.15  0.05  Random
0.520527  0.0738185  550  10  -0.05  0.05  Random
0.56079  0.102706  550  10  0.05  0.05  Random
0.59322  0.12247  550  10  0.15  0.05  Random
0.286728  0.143057  550  10  0.25  0.05  Random
0.179127  0.185269  550  10  0.35  0.05  Random
0.208627  0.205457  550  10  0.45  0.05  Random
0.301409  0.187571  550  10  0.55  0.05  Random
0.0668238  0.258243  550  10  0.65  0.05  Random
0.0908749  0.438347  550  10  0.75  0.05  Random
-7.50746  1488.06  550  10  0.85  0.05  Random
3.00889  126.206  550  10  0.95  0.05  Random
0.0947558  0.130954  570  10  -0.95  0.05  Random
0.287756  0.103535  570  10  -0.85  0.05  Random
0.432148  0.0765826  570  10  -0.75  0.05  Random
0.384182  0.0711218  570  10  -0.65  0.05  Random
0.463027  0.0612051  570  10  -0.55  0.05  Random
0.465291  0.0591354  570  10  -0.45  0.05  Random
0.505565  0.0562303  570  10  -0.35  0.05  Random
0.503283  0.0496521  570  10  -0.25  0.05  Random
0.539932  0.0513335  570  10  -0.15  0.05  Random
0.382727  0.0581622  570  10  -0.05  0.05  Random
0.334931  0.0656252  570  10  0.05  0.05  Random
0.339475  0.079112  570  10  0.15  0.05  Random
0.393565  0.0976198  570  10  0.25  0.05  Random
0.222962  0.130769  570  10  0.35  0.05  Random
0.0908083  0.145253  570  10  0.45  0.05  Random
0.436235  0.136082  570  10  0.55  0.05  Random
0.514345  0.168567  570  10  0.65  0.05  Random
0.374414  0.327735  570  10  0.75  0.05  Random
0.0942448  0.476005  570  10  0.85  0.05  Random
0  0  570  10  0.95  0.05  Random
0.130933  0.109562  590  10  -0.95  0.05  Random
0.188116  0.0932616  590  10  -0.85  0.05  Random
0.392476  0.0667657  590  10  -0.75  0.05  Random
0.333322  0.0519666  590  10  -0.65  0.05  Random
0.356982  0.0472288  590  10  -0.55  0.05  Random
0.493531  0.0463722  590  10  -0.45  0.05  Random
0.361518  0.046725  590  10  -0.35  0.05  Random
0.491277  0.0437632  590  10  -0.25  0.05  Random
0.49485  0.0429451  590  10  -0.15  0.05  Random
0.443074  0.0476727  590  10  -0.05  0.05  Random
0.415137  0.0473986  590  10  0.05  0.05  Random
0.443149  0.0619656  590  10  0.15  0.05  Random
0.178752  0.0855137  590  10  0.25  0.05  Random
0.27587  0.0957267  590  10  0.35  0.05  Random
0.223296  0.0997579  590  10  0.45  0.05  Random
0.169306  0.110388  590  10  0.55  0.05  Random
0.204751  0.120878  590  10  0.65  0.05  Random
-0.13006  0.231378  590  10  0.75  0.05  Random
0.272979  0.42278  590  10  0.85  0.05  Random
0  0  590  10  0.95  0.05  Random
-0.0468009  0.145245  610  10  -0.95  0.05  Random
0.118707  0.0882048  610  10  -0.85  0.05  Random
0.2577  0.0654485  610  10  -0.75  0.05  Random
0.411593  0.0501105  610  10  -0.65  0.05  Random
0.412949  0.0472179  610  10  -0.55  0.05  Random
0.3844  0.0459736  610  10  -0.45  0.05  Random
0.416843  0.0419649  610  10  -0.35  0.05  Random
0.409647  0.0451361  610  10  -0.25  0.05  Random
0.443383  0.0449928  610  10  -0.15  0.05  Random
0.472294  0.0461505  610  10  -0.05  0.05  Random
0.541532  0.0514227  610  10  0.05  0.05  Random
0.297972  0.0647673  610  10  0.15  0.05  Random
0.374296  0.0752694  610  10  0.25  0.05  Random
0.293247  0.0934774  610  10  0.35  0.05  Random
0.190055  0.106284  610  10  0.45  0.05  Random
0.304375  0.106502  610  10  0.55  0.05  Random
0.339621  0.132147  610  10  0.65  0.05  Random
0.175679  0.185394  610  10  0.75  0.05  Random
0.0356718  0.0815546  610  10  0.85  0.05  Random
0  0  610  10  0.95  0.05  Random
0.148149  0.210444  630  10  -0.95  0.05  Random
0.177182  0.194056  630  10  -0.85  0.05  Random
0.220797  0.12084  630  10  -0.75  0.05  Random
0.363294  0.0988666  630  10  -0.65  0.05  Random
0.450055  0.0856532  630  10  -0.55  0.05  Random
0.564583  0.0928615  630  10  -0.45  0.05  Random
0.30989  0.0814417  630  10  -0.35  0.05  Random
0.466517  0.0808701  630  10  -0.25  0.05  Random
0.441554  0.0813059  630  10  -0.15  0.05  Random
0.561782  0.0848605  630  10  -0.05  0.05  Random
0.375312  0.0929102  630  10  0.05  0.05  Random
0.526087  0.104412  630  10  0.15  0.05  Random
0.340668  0.147565  630  10  0.25  0.05  Random
0.186307  0.165173  630  10  0.35  0.05  Random
0.232964  0.203434  630  10  0.45  0.05  Random
0.165926  0.188708  630  10  0.55  0.05  Random
0.277091  0.186996  630  10  0.65  0.05  Random
0.444278  0.331914  630  10  0.75  0.05  Random
0.0897996  0.502598  630  10  0.85  0.05  Random
0  0  630  10  0.95  0.05  Random
