0.177641  0.0432462  430  10  -0.95  0.05  Random
0.342039  0.0284471  430  10  -0.85  0.05  Random
0.485949  0.0214285  430  10  -0.75  0.05  Random
0.596463  0.0176989  430  10  -0.65  0.05  Random
0.669516  0.0159556  430  10  -0.55  0.05  Random
0.692685  0.0153797  430  10  -0.45  0.05  Random
0.656642  0.0156148  430  10  -0.35  0.05  Random
0.647464  0.0161134  430  10  -0.25  0.05  Random
0.633625  0.01715  430  10  -0.15  0.05  Random
0.545432  0.0186549  430  10  -0.05  0.05  Random
0.484781  0.0206584  430  10  0.05  0.05  Random
0.397379  0.0230127  430  10  0.15  0.05  Random
0.27014  0.0261472  430  10  0.25  0.05  Random
0.205135  0.0298209  430  10  0.35  0.05  Random
0.101106  0.0340085  430  10  0.45  0.05  Random
0.0244408  0.0432584  430  10  0.55  0.05  Random
0.0195249  0.0450728  430  10  0.65  0.05  Random
0.0800664  0.0534579  430  10  0.75  0.05  Random
0  0  430  10  0.85  0.05  Random
0  0  430  10  0.95  0.05  Random
0.202302  0.0338212  450  10  -0.95  0.05  Random
0.299176  0.0220533  450  10  -0.85  0.05  Random
0.409134  0.0164524  450  10  -0.75  0.05  Random
0.531255  0.0135373  450  10  -0.65  0.05  Random
0.606304  0.0122341  450  10  -0.55  0.05  Random
0.626246  0.0118409  450  10  -0.45  0.05  Random
0.628315  0.011948  450  10  -0.35  0.05  Random
0.607132  0.0123753  450  10  -0.25  0.05  Random
0.589676  0.0131768  450  10  -0.15  0.05  Random
0.534635  0.014228  450  10  -0.05  0.05  Random
0.478155  0.0156875  450  10  0.05  0.05  Random
0.372661  0.0176913  450  10  0.15  0.05  Random
0.284951  0.0200503  450  10  0.25  0.05  Random
0.253698  0.0230582  450  10  0.35  0.05  Random
0.111863  0.0268513  450  10  0.45  0.05  Random
0.070633  0.031076  450  10  0.55  0.05  Random
0.0205346  0.0462246  450  10  0.65  0.05  Random
-0.0478942  0.0431375  450  10  0.75  0.05  Random
0.0322396  0.0791921  450  10  0.85  0.05  Random
0.125601  0.0933427  450  10  0.95  0.05  Random
0.149216  0.0273176  470  10  -0.95  0.05  Random
0.261686  0.0176679  470  10  -0.85  0.05  Random
0.37033  0.0130486  470  10  -0.75  0.05  Random
0.484998  0.0107113  470  10  -0.65  0.05  Random
0.545945  0.0097366  470  10  -0.55  0.05  Random
0.54376  0.00942317  470  10  -0.45  0.05  Random
0.559394  0.00947792  470  10  -0.35  0.05  Random
0.559522  0.00982473  470  10  -0.25  0.05  Random
0.547575  0.0104596  470  10  -0.15  0.05  Random
0.482659  0.0112939  470  10  -0.05  0.05  Random
0.45932  0.0124564  470  10  0.05  0.05  Random
0.35205  0.0140809  470  10  0.15  0.05  Random
0.309951  0.016087  470  10  0.25  0.05  Random
0.21497  0.0186749  470  10  0.35  0.05  Random
0.122668  0.0226243  470  10  0.45  0.05  Random
0.0472774  0.0254439  470  10  0.55  0.05  Random
-0.038612  0.0297868  470  10  0.65  0.05  Random
-0.00953119  0.0361029  470  10  0.75  0.05  Random
0  0  470  10  0.85  0.05  Random
0.491549  0.373419  470  10  0.95  0.05  Random
0.104015  0.0267418  490  10  -0.95  0.05  Random
0.229863  0.0172763  490  10  -0.85  0.05  Random
0.356121  0.0126394  490  10  -0.75  0.05  Random
0.429038  0.0103817  490  10  -0.65  0.05  Random
0.494487  0.00944254  490  10  -0.55  0.05  Random
0.515924  0.00916422  490  10  -0.45  0.05  Random
0.507417  0.00920254  490  10  -0.35  0.05  Random
0.509895  0.00953318  490  10  -0.25  0.05  Random
0.50648  0.0101114  490  10  -0.15  0.05  Random
0.49662  0.0109298  490  10  -0.05  0.05  Random
0.427924  0.0120513  490  10  0.05  0.05  Random
0.384233  0.0135892  490  10  0.15  0.05  Random
0.300735  0.0155833  490  10  0.25  0.05  Random
0.21185  0.0182333  490  10  0.35  0.05  Random
0.136488  0.0213718  490  10  0.45  0.05  Random
0.089598  0.0252135  490  10  0.55  0.05  Random
-0.010791  0.0297484  490  10  0.65  0.05  Random
-0.0236987  0.0402036  490  10  0.75  0.05  Random
-0.0387112  0.118206  490  10  0.85  0.05  Random
0  0  490  10  0.95  0.05  Random
0.114722  0.0218999  510  10  -0.95  0.05  Random
0.227862  0.0131539  510  10  -0.85  0.05  Random
0.316565  0.0096254  510  10  -0.75  0.05  Random
0.370758  0.00788309  510  10  -0.65  0.05  Random
0.41928  0.00719631  510  10  -0.55  0.05  Random
0.460608  0.0069762  510  10  -0.45  0.05  Random
0.456587  0.00704747  510  10  -0.35  0.05  Random
0.470886  0.0072876  510  10  -0.25  0.05  Random
0.468792  0.00773507  510  10  -0.15  0.05  Random
0.468356  0.00832169  510  10  -0.05  0.05  Random
0.414577  0.00917039  510  10  0.05  0.05  Random
0.373306  0.0102968  510  10  0.15  0.05  Random
0.305816  0.0119233  510  10  0.25  0.05  Random
0.227395  0.0140351  510  10  0.35  0.05  Random
0.169018  0.0165556  510  10  0.45  0.05  Random
0.0968092  0.0196341  510  10  0.55  0.05  Random
0.0603707  0.023343  510  10  0.65  0.05  Random
-0.0518411  0.0288445  510  10  0.75  0.05  Random
0.0553065  0.0390349  510  10  0.85  0.05  Random
-0.142613  0.126414  510  10  0.95  0.05  Random
0.0955436  0.0203195  530  10  -0.95  0.05  Random
0.176942  0.0128702  530  10  -0.85  0.05  Random
0.293124  0.00930056  530  10  -0.75  0.05  Random
0.348477  0.00769023  530  10  -0.65  0.05  Random
0.394869  0.00704498  530  10  -0.55  0.05  Random
0.409368  0.00684217  530  10  -0.45  0.05  Random
0.409795  0.00691475  530  10  -0.35  0.05  Random
0.417122  0.00716735  530  10  -0.25  0.05  Random
0.404837  0.00760236  530  10  -0.15  0.05  Random
0.426459  0.00818239  530  10  -0.05  0.05  Random
0.397343  0.00901231  530  10  0.05  0.05  Random
0.345872  0.0102141  530  10  0.15  0.05  Random
0.301459  0.0116869  530  10  0.25  0.05  Random
0.194835  0.0138018  530  10  0.35  0.05  Random
0.114667  0.0164466  530  10  0.45  0.05  Random
0.0678308  0.0196826  530  10  0.55  0.05  Random
0.0213167  0.0235919  530  10  0.65  0.05  Random
-0.0554173  0.0291695  530  10  0.75  0.05  Random
-0.0137346  0.0575139  530  10  0.85  0.05  Random
-0.033151  0.129539  530  10  0.95  0.05  Random
0.11292  0.0211168  550  10  -0.95  0.05  Random
0.173973  0.0133494  550  10  -0.85  0.05  Random
0.271608  0.00968328  550  10  -0.75  0.05  Random
0.313861  0.00798731  550  10  -0.65  0.05  Random
0.358523  0.00731398  550  10  -0.55  0.05  Random
0.370955  0.00712618  550  10  -0.45  0.05  Random
0.382049  0.0072031  550  10  -0.35  0.05  Random
0.394285  0.00745577  550  10  -0.25  0.05  Random
0.385804  0.00786868  550  10  -0.15  0.05  Random
0.383637  0.00850291  550  10  -0.05  0.05  Random
0.366962  0.00937645  550  10  0.05  0.05  Random
0.30962  0.0105877  550  10  0.15  0.05  Random
0.296145  0.0121962  550  10  0.25  0.05  Random
0.208875  0.0144253  550  10  0.35  0.05  Random
0.0835022  0.0172951  550  10  0.45  0.05  Random
0.128118  0.0205724  550  10  0.55  0.05  Random
0.039524  0.025226  550  10  0.65  0.05  Random
-0.00328129  0.031481  550  10  0.75  0.05  Random
-0.104876  0.0574946  550  10  0.85  0.05  Random
-0.0764298  0.0838343  550  10  0.95  0.05  Random
0.0953017  0.0168297  570  10  -0.95  0.05  Random
0.157243  0.0097319  570  10  -0.85  0.05  Random
0.252568  0.00705144  570  10  -0.75  0.05  Random
0.296041  0.00582575  570  10  -0.65  0.05  Random
0.31634  0.00536286  570  10  -0.55  0.05  Random
0.326446  0.00525112  570  10  -0.45  0.05  Random
0.344426  0.00531007  570  10  -0.35  0.05  Random
0.352555  0.00553207  570  10  -0.25  0.05  Random
0.364125  0.00584827  570  10  -0.15  0.05  Random
0.348605  0.00632116  570  10  -0.05  0.05  Random
0.331866  0.00698704  570  10  0.05  0.05  Random
0.299555  0.00789038  570  10  0.15  0.05  Random
0.248929  0.00911168  570  10  0.25  0.05  Random
0.196857  0.010742  570  10  0.35  0.05  Random
0.12171  0.0130415  570  10  0.45  0.05  Random
0.0584488  0.0158496  570  10  0.55  0.05  Random
0.0707075  0.0193771  570  10  0.65  0.05  Random
0.0270124  0.0243505  570  10  0.75  0.05  Random
-0.00498993  0.0340179  570  10  0.85  0.05  Random
0.0989002  0.110012  570  10  0.95  0.05  Random
0.094818  0.0125395  590  10  -0.95  0.05  Random
0.158865  0.00781431  590  10  -0.85  0.05  Random
0.226137  0.00564777  590  10  -0.75  0.05  Random
0.264017  0.00467467  590  10  -0.65  0.05  Random
0.294583  0.00431984  590  10  -0.55  0.05  Random
0.309932  0.00421682  590  10  -0.45  0.05  Random
0.314507  0.00428632  590  10  -0.35  0.05  Random
0.323688  0.00447201  590  10  -0.25  0.05  Random
0.329597  0.00473218  590  10  -0.15  0.05  Random
0.305688  0.00513529  590  10  -0.05  0.05  Random
0.318554  0.00566825  590  10  0.05  0.05  Random
0.269468  0.0064103  590  10  0.15  0.05  Random
0.221731  0.00740394  590  10  0.25  0.05  Random
0.169958  0.00883131  590  10  0.35  0.05  Random
0.115792  0.0107335  590  10  0.45  0.05  Random
0.0801561  0.0136771  590  10  0.55  0.05  Random
0.0470148  0.0160445  590  10  0.65  0.05  Random
0.0109207  0.0205672  590  10  0.75  0.05  Random
-0.0264476  0.0290084  590  10  0.85  0.05  Random
-0.0396126  0.141652  590  10  0.95  0.05  Random
0.0851255  0.0128172  610  10  -0.95  0.05  Random
0.150724  0.0080029  610  10  -0.85  0.05  Random
0.221328  0.00577835  610  10  -0.75  0.05  Random
0.266119  0.0047929  610  10  -0.65  0.05  Random
0.292077  0.00443276  610  10  -0.55  0.05  Random
0.293679  0.00435268  610  10  -0.45  0.05  Random
0.303488  0.00443429  610  10  -0.35  0.05  Random
0.312508  0.00461497  610  10  -0.25  0.05  Random
0.314844  0.00488613  610  10  -0.15  0.05  Random
0.306227  0.00532675  610  10  -0.05  0.05  Random
0.283347  0.00588582  610  10  0.05  0.05  Random
0.247322  0.00665972  610  10  0.15  0.05  Random
0.205216  0.00775112  610  10  0.25  0.05  Random
0.147168  0.00918563  610  10  0.35  0.05  Random
0.0837532  0.0112057  610  10  0.45  0.05  Random
0.046115  0.0136903  610  10  0.55  0.05  Random
0.0501545  0.0170888  610  10  0.65  0.05  Random
0.0289102  0.0219625  610  10  0.75  0.05  Random
-0.0126156  0.0387118  610  10  0.85  0.05  Random
-0.13202  0.126793  610  10  0.95  0.05  Random
0.131  0.0230119  630  10  -0.95  0.05  Random
0.141011  0.0144941  630  10  -0.85  0.05  Random
0.284336  0.0103675  630  10  -0.75  0.05  Random
0.310855  0.00861202  630  10  -0.65  0.05  Random
0.363618  0.00799139  630  10  -0.55  0.05  Random
0.363781  0.00787692  630  10  -0.45  0.05  Random
0.371452  0.0082048  630  10  -0.35  0.05  Random
0.375571  0.00832974  630  10  -0.25  0.05  Random
0.369619  0.00889515  630  10  -0.15  0.05  Random
0.348062  0.00966448  630  10  -0.05  0.05  Random
0.344616  0.0106884  630  10  0.05  0.05  Random
0.29745  0.0121511  630  10  0.15  0.05  Random
0.22617  0.014263  630  10  0.25  0.05  Random
0.140573  0.0169989  630  10  0.35  0.05  Random
0.0662041  0.0205025  630  10  0.45  0.05  Random
0.0343651  0.0251562  630  10  0.55  0.05  Random
0.00621448  0.0319436  630  10  0.65  0.05  Random
-0.0271322  0.040971  630  10  0.75  0.05  Random
0.0156863  0.0762667  630  10  0.85  0.05  Random
-0.0634717  0.139881  630  10  0.95  0.05  Random
