-0.390681  1.00389  430  10  -0.95  0.05  Random
0.35335  0.194271  430  10  -0.85  0.05  Random
0.101483  0.147593  430  10  -0.75  0.05  Random
0.466073  0.0966078  430  10  -0.65  0.05  Random
0.327777  0.0900732  430  10  -0.55  0.05  Random
0.372434  0.10554  430  10  -0.45  0.05  Random
0.378714  0.110529  430  10  -0.35  0.05  Random
0.459593  0.130448  430  10  -0.25  0.05  Random
0.241626  0.159741  430  10  -0.15  0.05  Random
0.636256  0.206726  430  10  -0.05  0.05  Random
0.105065  0.381264  430  10  0.05  0.05  Random
-1.01541  0.567894  430  10  0.15  0.05  Random
0.489286  0.914491  430  10  0.25  0.05  Random
-0.160126  1.32703  430  10  0.35  0.05  Random
0.452977  1.11039  430  10  0.45  0.05  Random
0.000115896  147.773  430  10  0.55  0.05  Random
-0.00267533  7.94187  430  10  0.65  0.05  Random
5.78114e-05  42.0144  430  10  0.75  0.05  Random
0  0  430  10  0.85  0.05  Random
0  0  430  10  0.95  0.05  Random
0.201534  0.393814  450  10  -0.95  0.05  Random
0.402438  0.115154  450  10  -0.85  0.05  Random
0.405743  0.080056  450  10  -0.75  0.05  Random
0.310036  0.0704251  450  10  -0.65  0.05  Random
0.514539  0.0680954  450  10  -0.55  0.05  Random
0.305291  0.0858202  450  10  -0.45  0.05  Random
0.475167  0.0699624  450  10  -0.35  0.05  Random
0.470025  0.0809801  450  10  -0.25  0.05  Random
0.298297  0.102755  450  10  -0.15  0.05  Random
0.443951  0.117655  450  10  -0.05  0.05  Random
0.195215  0.201276  450  10  0.05  0.05  Random
0.341668  0.323924  450  10  0.15  0.05  Random
0.282676  0.423197  450  10  0.25  0.05  Random
-0.0436632  0.437765  450  10  0.35  0.05  Random
-1.44878  0.761402  450  10  0.45  0.05  Random
-0.0672792  0.651931  450  10  0.55  0.05  Random
-0.159878  1.3784  450  10  0.65  0.05  Random
-0.00129276  5.11819  450  10  0.75  0.05  Random
-0.0100232  250.943  450  10  0.85  0.05  Random
0  0  450  10  0.95  0.05  Random
0.290737  0.244314  470  10  -0.95  0.05  Random
0.186609  0.083658  470  10  -0.85  0.05  Random
0.355548  0.0700776  470  10  -0.75  0.05  Random
0.384336  0.0607671  470  10  -0.65  0.05  Random
0.569031  0.0571485  470  10  -0.55  0.05  Random
0.365443  0.0663434  470  10  -0.45  0.05  Random
0.445682  0.053748  470  10  -0.35  0.05  Random
0.333433  0.0562235  470  10  -0.25  0.05  Random
0.309217  0.0655097  470  10  -0.15  0.05  Random
0.215838  0.0708747  470  10  -0.05  0.05  Random
0.0416653  0.100544  470  10  0.05  0.05  Random
0.352368  0.142856  470  10  0.15  0.05  Random
-0.0493125  0.233911  470  10  0.25  0.05  Random
0.66118  0.374386  470  10  0.35  0.05  Random
-0.190106  0.538501  470  10  0.45  0.05  Random
0.847842  0.89609  470  10  0.55  0.05  Random
-0.326337  1.05953  470  10  0.65  0.05  Random
-0.0134301  75.7346  470  10  0.75  0.05  Random
0  0  470  10  0.85  0.05  Random
0  0  470  10  0.95  0.05  Random
0.379693  0.273103  490  10  -0.95  0.05  Random
0.45314  0.129766  490  10  -0.85  0.05  Random
0.43708  0.0657541  490  10  -0.75  0.05  Random
0.349357  0.0496117  490  10  -0.65  0.05  Random
0.426195  0.0536979  490  10  -0.55  0.05  Random
0.536261  0.0523607  490  10  -0.45  0.05  Random
0.41701  0.050124  490  10  -0.35  0.05  Random
0.270024  0.052803  490  10  -0.25  0.05  Random
0.329502  0.0544502  490  10  -0.15  0.05  Random
0.193806  0.0632476  490  10  -0.05  0.05  Random
0.104871  0.0741667  490  10  0.05  0.05  Random
0.00850858  0.104566  490  10  0.15  0.05  Random
-0.170238  0.187771  490  10  0.25  0.05  Random
-0.320895  0.311603  490  10  0.35  0.05  Random
1.31827  0.614626  490  10  0.45  0.05  Random
1.13348  0.644234  490  10  0.55  0.05  Random
0.526588  0.715151  490  10  0.65  0.05  Random
0.839302  0.594236  490  10  0.75  0.05  Random
0  0  490  10  0.85  0.05  Random
0  0  490  10  0.95  0.05  Random
0.080608  0.158615  510  10  -0.95  0.05  Random
0.332362  0.0800228  510  10  -0.85  0.05  Random
0.316405  0.0519226  510  10  -0.75  0.05  Random
0.363156  0.0440277  510  10  -0.65  0.05  Random
0.260885  0.0426108  510  10  -0.55  0.05  Random
0.184418  0.0422481  510  10  -0.45  0.05  Random
0.357306  0.0380948  510  10  -0.35  0.05  Random
0.317634  0.0398616  510  10  -0.25  0.05  Random
0.324595  0.0419931  510  10  -0.15  0.05  Random
0.168715  0.0476277  510  10  -0.05  0.05  Random
0.101598  0.0554752  510  10  0.05  0.05  Random
0.246564  0.0741218  510  10  0.15  0.05  Random
0.0730005  0.107686  510  10  0.25  0.05  Random
-0.381221  0.189449  510  10  0.35  0.05  Random
0.219099  0.221865  510  10  0.45  0.05  Random
-0.515118  0.40185  510  10  0.55  0.05  Random
-0.751411  0.836579  510  10  0.65  0.05  Random
-0.00020923  46.0643  510  10  0.75  0.05  Random
0  0  510  10  0.85  0.05  Random
0  0  510  10  0.95  0.05  Random
0.200306  0.165985  530  10  -0.95  0.05  Random
0.181623  0.0736355  530  10  -0.85  0.05  Random
0.287786  0.0421175  530  10  -0.75  0.05  Random
0.165209  0.0418007  530  10  -0.65  0.05  Random
0.293358  0.0414567  530  10  -0.55  0.05  Random
0.316052  0.0391188  530  10  -0.45  0.05  Random
0.260964  0.0368179  530  10  -0.35  0.05  Random
0.228475  0.0375286  530  10  -0.25  0.05  Random
0.316988  0.0398955  530  10  -0.15  0.05  Random
0.296352  0.0441973  530  10  -0.05  0.05  Random
0.144874  0.0539549  530  10  0.05  0.05  Random
0.200587  0.0624308  530  10  0.15  0.05  Random
0.0705675  0.0762667  530  10  0.25  0.05  Random
-0.0449016  0.108073  530  10  0.35  0.05  Random
-0.0540534  0.270094  530  10  0.45  0.05  Random
-0.752864  0.302002  530  10  0.55  0.05  Random
0.381521  0.63293  530  10  0.65  0.05  Random
-0.33366  0.547853  530  10  0.75  0.05  Random
-3.10159  967.017  530  10  0.85  0.05  Random
0  0  530  10  0.95  0.05  Random
0.0846659  0.145504  550  10  -0.95  0.05  Random
0.0273553  0.0724564  550  10  -0.85  0.05  Random
0.151157  0.0502692  550  10  -0.75  0.05  Random
0.207979  0.0406285  550  10  -0.65  0.05  Random
0.212702  0.0418036  550  10  -0.55  0.05  Random
0.18574  0.0380823  550  10  -0.45  0.05  Random
0.223263  0.0384413  550  10  -0.35  0.05  Random
0.247734  0.038352  550  10  -0.25  0.05  Random
0.235459  0.0436235  550  10  -0.15  0.05  Random
0.242108  0.0472354  550  10  -0.05  0.05  Random
0.134213  0.05342  550  10  0.05  0.05  Random
0.200416  0.0592265  550  10  0.15  0.05  Random
-0.000673372  0.0743053  550  10  0.25  0.05  Random
-0.0728725  0.132495  550  10  0.35  0.05  Random
-0.0731061  0.168198  550  10  0.45  0.05  Random
0.427301  0.30945  550  10  0.55  0.05  Random
-0.413493  0.386491  550  10  0.65  0.05  Random
-0.980214  0.71242  550  10  0.75  0.05  Random
0.0756368  0.0934997  550  10  0.85  0.05  Random
3.00889  122.211  550  10  0.95  0.05  Random
0.0579813  0.117986  570  10  -0.95  0.05  Random
0.0879447  0.0485134  570  10  -0.85  0.05  Random
0.101169  0.0332585  570  10  -0.75  0.05  Random
0.122629  0.028185  570  10  -0.65  0.05  Random
0.143114  0.0295916  570  10  -0.55  0.05  Random
0.117246  0.0269262  570  10  -0.45  0.05  Random
0.195793  0.0257718  570  10  -0.35  0.05  Random
0.158515  0.0270222  570  10  -0.25  0.05  Random
0.218707  0.0286013  570  10  -0.15  0.05  Random
0.18417  0.0320195  570  10  -0.05  0.05  Random
0.153256  0.0378544  570  10  0.05  0.05  Random
0.172932  0.0434289  570  10  0.15  0.05  Random
0.107673  0.052356  570  10  0.25  0.05  Random
0.0056397  0.0743827  570  10  0.35  0.05  Random
0.0643958  0.097371  570  10  0.45  0.05  Random
0.0280909  0.171511  570  10  0.55  0.05  Random
-0.296441  0.306061  570  10  0.65  0.05  Random
-0.0245577  27.1584  570  10  0.75  0.05  Random
6.19855e-05  3.25062  570  10  0.85  0.05  Random
0  0  570  10  0.95  0.05  Random
0.0282811  0.0949895  590  10  -0.95  0.05  Random
-0.0225543  0.0378848  590  10  -0.85  0.05  Random
0.018596  0.0247437  590  10  -0.75  0.05  Random
0.0602415  0.02096  590  10  -0.65  0.05  Random
0.0245978  0.022592  590  10  -0.55  0.05  Random
0.0598528  0.0209221  590  10  -0.45  0.05  Random
0.09348  0.0196965  590  10  -0.35  0.05  Random
0.133653  0.0207578  590  10  -0.25  0.05  Random
0.109133  0.0215157  590  10  -0.15  0.05  Random
0.069103  0.0240912  590  10  -0.05  0.05  Random
0.0975011  0.0276372  590  10  0.05  0.05  Random
0.107872  0.0321371  590  10  0.15  0.05  Random
0.186555  0.039128  590  10  0.25  0.05  Random
0.0617147  0.051109  590  10  0.35  0.05  Random
0.0378125  0.0834207  590  10  0.45  0.05  Random
0.0352825  0.107673  590  10  0.55  0.05  Random
0.390442  0.305058  590  10  0.65  0.05  Random
-9.92725e-06  2.97342  590  10  0.75  0.05  Random
-7.40191e-06  2.23073  590  10  0.85  0.05  Random
0  0  590  10  0.95  0.05  Random
0.0383656  0.0689065  610  10  -0.95  0.05  Random
-0.132616  0.0333964  610  10  -0.85  0.05  Random
-0.0389463  0.024628  610  10  -0.75  0.05  Random
0.01276  0.0209619  610  10  -0.65  0.05  Random
0.0164365  0.0223085  610  10  -0.55  0.05  Random
0.0233893  0.0208418  610  10  -0.45  0.05  Random
-0.00186421  0.0200811  610  10  -0.35  0.05  Random
0.0541735  0.0205668  610  10  -0.25  0.05  Random
0.0589727  0.0219972  610  10  -0.15  0.05  Random
0.0590323  0.0244827  610  10  -0.05  0.05  Random
0.0656918  0.0286969  610  10  0.05  0.05  Random
0.122181  0.0335437  610  10  0.15  0.05  Random
0.0565426  0.0396908  610  10  0.25  0.05  Random
0.0528257  0.0461131  610  10  0.35  0.05  Random
0.086789  0.0596022  610  10  0.45  0.05  Random
0.0139698  0.112415  610  10  0.55  0.05  Random
0.467506  0.187872  610  10  0.65  0.05  Random
0.466094  0.435257  610  10  0.75  0.05  Random
0  0  610  10  0.85  0.05  Random
0  0  610  10  0.95  0.05  Random
-0.212887  0.129619  630  10  -0.95  0.05  Random
-0.157237  0.0589413  630  10  -0.85  0.05  Random
-0.041643  0.047719  630  10  -0.75  0.05  Random
-0.0639224  0.0386291  630  10  -0.65  0.05  Random
-0.00659984  0.0382992  630  10  -0.55  0.05  Random
-0.0242929  0.0383669  630  10  -0.45  0.05  Random
-0.00408261  0.0345203  630  10  -0.35  0.05  Random
0.0331227  0.0369234  630  10  -0.25  0.05  Random
0.0677195  0.0385499  630  10  -0.15  0.05  Random
0.0157412  0.0427612  630  10  -0.05  0.05  Random
0.0915972  0.0486281  630  10  0.05  0.05  Random
0.0537161  0.0577904  630  10  0.15  0.05  Random
0.155964  0.0681448  630  10  0.25  0.05  Random
0.216867  0.079529  630  10  0.35  0.05  Random
0.205962  0.100399  630  10  0.45  0.05  Random
0.176926  0.166374  630  10  0.55  0.05  Random
0.228731  0.275225  630  10  0.65  0.05  Random
2.34912e-05  28.5419  630  10  0.75  0.05  Random
0  0  630  10  0.85  0.05  Random
0  0  630  10  0.95  0.05  Random
