0.322691  1.24805  430  10  -0.95  0.05  Random
-0.0949567  0.633123  430  10  -0.85  0.05  Random
2.59426  1.62932  430  10  -0.75  0.05  Random
0.309843  0.175102  430  10  -0.65  0.05  Random
0.0246415  0.167207  430  10  -0.55  0.05  Random
-0.913699  0.802001  430  10  -0.45  0.05  Random
0.115732  0.800671  430  10  -0.35  0.05  Random
-0.860772  0.654722  430  10  -0.25  0.05  Random
0.0632171  0.667898  430  10  -0.15  0.05  Random
0.512105  0.447026  430  10  -0.05  0.05  Random
-0.0444008  0.766092  430  10  0.05  0.05  Random
-1.45844  0.809204  430  10  0.15  0.05  Random
0.433315  1.03603  430  10  0.25  0.05  Random
-0.34168  1.42384  430  10  0.35  0.05  Random
0.572339  1.18773  430  10  0.45  0.05  Random
2.55434e-05  60.2099  430  10  0.55  0.05  Random
-0.0028925  8.48475  430  10  0.65  0.05  Random
-1.25818e-05  17.809  430  10  0.75  0.05  Random
0  0  430  10  0.85  0.05  Random
0  0  430  10  0.95  0.05  Random
-0.370404  0.871497  450  10  -0.95  0.05  Random
0.340962  0.159503  450  10  -0.85  0.05  Random
0.158233  0.133436  450  10  -0.75  0.05  Random
-0.0258401  0.135078  450  10  -0.65  0.05  Random
0.358647  0.120462  450  10  -0.55  0.05  Random
-2.01911  0.918287  450  10  -0.45  0.05  Random
-0.293811  0.491518  450  10  -0.35  0.05  Random
0.302801  0.65102  450  10  -0.25  0.05  Random
-0.589773  0.520579  450  10  -0.15  0.05  Random
0.0247311  0.443561  450  10  -0.05  0.05  Random
-0.409465  0.639729  450  10  0.05  0.05  Random
0.265836  0.625224  450  10  0.15  0.05  Random
0.17392  0.539589  450  10  0.25  0.05  Random
-0.131677  0.476699  450  10  0.35  0.05  Random
-1.57233  0.792131  450  10  0.45  0.05  Random
-0.049484  0.730723  450  10  0.55  0.05  Random
-1.16425  1.40708  450  10  0.65  0.05  Random
-0.00175464  4.78563  450  10  0.75  0.05  Random
-0.00196913  248.969  450  10  0.85  0.05  Random
0  0  450  10  0.95  0.05  Random
-0.256586  0.617929  470  10  -0.95  0.05  Random
0.0550799  0.107151  470  10  -0.85  0.05  Random
0.0271789  0.169577  470  10  -0.75  0.05  Random
-0.0282683  0.127538  470  10  -0.65  0.05  Random
0.46001  0.0939162  470  10  -0.55  0.05  Random
-0.871006  0.344102  470  10  -0.45  0.05  Random
-0.705122  0.360593  470  10  -0.35  0.05  Random
-0.557844  0.263809  470  10  -0.25  0.05  Random
-0.518274  0.355775  470  10  -0.15  0.05  Random
-0.566731  0.212715  470  10  -0.05  0.05  Random
-0.852354  0.326421  470  10  0.05  0.05  Random
0.240546  0.281582  470  10  0.15  0.05  Random
-0.407218  0.406295  470  10  0.25  0.05  Random
0.706995  0.449953  470  10  0.35  0.05  Random
-0.168928  0.606177  470  10  0.45  0.05  Random
0.858942  0.998365  470  10  0.55  0.05  Random
-0.0453637  1.0824  470  10  0.65  0.05  Random
-0.00885177  70.5117  470  10  0.75  0.05  Random
0  0  470  10  0.85  0.05  Random
0  0  470  10  0.95  0.05  Random
0.241538  0.581288  490  10  -0.95  0.05  Random
0.52881  0.259383  490  10  -0.85  0.05  Random
0.212769  0.109361  490  10  -0.75  0.05  Random
0.0986509  0.0805422  490  10  -0.65  0.05  Random
0.257615  0.0857134  490  10  -0.55  0.05  Random
0.266827  0.13542  490  10  -0.45  0.05  Random
-0.281517  0.17312  490  10  -0.35  0.05  Random
-0.78309  0.201379  490  10  -0.25  0.05  Random
-0.283251  0.173533  490  10  -0.15  0.05  Random
-0.64012  0.20707  490  10  -0.05  0.05  Random
-0.587106  0.220615  490  10  0.05  0.05  Random
-0.746066  0.292153  490  10  0.15  0.05  Random
-0.611342  0.376084  490  10  0.25  0.05  Random
-0.619485  0.438403  490  10  0.35  0.05  Random
1.40654  0.694378  490  10  0.45  0.05  Random
1.09483  0.663312  490  10  0.55  0.05  Random
0.707964  0.743554  490  10  0.65  0.05  Random
0.561201  0.491882  490  10  0.75  0.05  Random
0  0  490  10  0.85  0.05  Random
0  0  490  10  0.95  0.05  Random
-0.164801  0.249333  510  10  -0.95  0.05  Random
0.0921852  0.1263  510  10  -0.85  0.05  Random
-0.0424107  0.0919767  510  10  -0.75  0.05  Random
0.102957  0.0749673  510  10  -0.65  0.05  Random
-0.0214472  0.067765  510  10  -0.55  0.05  Random
-0.39092  0.0876132  510  10  -0.45  0.05  Random
-0.269691  0.112385  510  10  -0.35  0.05  Random
-0.336592  0.112983  510  10  -0.25  0.05  Random
-0.231528  0.112825  510  10  -0.15  0.05  Random
-0.65639  0.133142  510  10  -0.05  0.05  Random
-0.643183  0.16974  510  10  0.05  0.05  Random
-0.447055  0.211117  510  10  0.15  0.05  Random
-0.35366  0.234192  510  10  0.25  0.05  Random
-0.9603  0.358057  510  10  0.35  0.05  Random
0.18844  0.259964  510  10  0.45  0.05  Random
-0.47273  0.423173  510  10  0.55  0.05  Random
-0.769414  0.901814  510  10  0.65  0.05  Random
-0.00103413  5.12505  510  10  0.75  0.05  Random
0  0  510  10  0.85  0.05  Random
0  0  510  10  0.95  0.05  Random
-0.0137243  0.223171  530  10  -0.95  0.05  Random
-0.0349564  0.108772  530  10  -0.85  0.05  Random
0.133064  0.056307  530  10  -0.75  0.05  Random
-0.225646  0.0678696  530  10  -0.65  0.05  Random
0.0336642  0.0628205  530  10  -0.55  0.05  Random
-0.152921  0.0826585  530  10  -0.45  0.05  Random
-0.326951  0.0867056  530  10  -0.35  0.05  Random
-0.41403  0.0890416  530  10  -0.25  0.05  Random
-0.0679975  0.0880657  530  10  -0.15  0.05  Random
-0.200382  0.105669  530  10  -0.05  0.05  Random
-0.544674  0.147419  530  10  0.05  0.05  Random
-0.285548  0.158545  530  10  0.15  0.05  Random
-0.422039  0.163117  530  10  0.25  0.05  Random
-0.327342  0.172374  530  10  0.35  0.05  Random
-0.192228  0.382166  530  10  0.45  0.05  Random
-0.814184  0.340195  530  10  0.55  0.05  Random
0.428018  0.663451  530  10  0.65  0.05  Random
-0.493984  0.555469  530  10  0.75  0.05  Random
0  0  530  10  0.85  0.05  Random
0  0  530  10  0.95  0.05  Random
-0.0184092  0.179752  550  10  -0.95  0.05  Random
-0.183739  0.0942599  550  10  -0.85  0.05  Random
-0.107771  0.0716656  550  10  -0.75  0.05  Random
-0.0277381  0.0582665  550  10  -0.65  0.05  Random
-0.0623238  0.0614905  550  10  -0.55  0.05  Random
-0.314829  0.0747693  550  10  -0.45  0.05  Random
-0.358085  0.0844726  550  10  -0.35  0.05  Random
-0.240624  0.0787973  550  10  -0.25  0.05  Random
-0.272533  0.0966253  550  10  -0.15  0.05  Random
-0.214826  0.107158  550  10  -0.05  0.05  Random
-0.559052  0.136906  550  10  0.05  0.05  Random
-0.207191  0.134852  550  10  0.15  0.05  Random
-0.546607  0.150644  550  10  0.25  0.05  Random
-0.565913  0.296398  550  10  0.35  0.05  Random
-0.249099  0.234032  550  10  0.45  0.05  Random
0.479373  0.348992  550  10  0.55  0.05  Random
-0.554222  0.427507  550  10  0.65  0.05  Random
-1.02219  0.706731  550  10  0.75  0.05  Random
0.103627  0.0886728  550  10  0.85  0.05  Random
3.00889  122.211  550  10  0.95  0.05  Random
-0.052429  0.148357  570  10  -0.95  0.05  Random
-0.072063  0.0613383  570  10  -0.85  0.05  Random
-0.116836  0.0447835  570  10  -0.75  0.05  Random
-0.103721  0.0383756  570  10  -0.65  0.05  Random
-0.102044  0.0416266  570  10  -0.55  0.05  Random
-0.312009  0.0458326  570  10  -0.45  0.05  Random
-0.211651  0.0457376  570  10  -0.35  0.05  Random
-0.29401  0.0498106  570  10  -0.25  0.05  Random
-0.168117  0.0518243  570  10  -0.15  0.05  Random
-0.225473  0.0611474  570  10  -0.05  0.05  Random
-0.354503  0.0768278  570  10  0.05  0.05  Random
-0.292407  0.0938747  570  10  0.15  0.05  Random
-0.331066  0.106945  570  10  0.25  0.05  Random
-0.423161  0.149793  570  10  0.35  0.05  Random
-0.0723989  0.143563  570  10  0.45  0.05  Random
0.0350252  0.207188  570  10  0.55  0.05  Random
-0.350801  0.321025  570  10  0.65  0.05  Random
-0.0130163  23.4813  570  10  0.75  0.05  Random
0.000173958  3.3305  570  10  0.85  0.05  Random
0  0  570  10  0.95  0.05  Random
-0.0951432  0.118642  590  10  -0.95  0.05  Random
-0.146728  0.0454711  590  10  -0.85  0.05  Random
-0.149983  0.030876  590  10  -0.75  0.05  Random
-0.135785  0.026933  590  10  -0.65  0.05  Random
-0.263063  0.031486  590  10  -0.55  0.05  Random
-0.353101  0.0341644  590  10  -0.45  0.05  Random
-0.287246  0.0315223  590  10  -0.35  0.05  Random
-0.217631  0.0332815  590  10  -0.25  0.05  Random
-0.230345  0.0342313  590  10  -0.15  0.05  Random
-0.355736  0.0414805  590  10  -0.05  0.05  Random
-0.320313  0.0498288  590  10  0.05  0.05  Random
-0.289623  0.0593877  590  10  0.15  0.05  Random
-0.153887  0.0743357  590  10  0.25  0.05  Random
-0.236975  0.0922182  590  10  0.35  0.05  Random
-0.166689  0.139142  590  10  0.45  0.05  Random
-0.0449683  0.128942  590  10  0.55  0.05  Random
0.307556  0.34662  590  10  0.65  0.05  Random
-3.76182e-07  3.00481  590  10  0.75  0.05  Random
8.84089e-09  2.18883  590  10  0.85  0.05  Random
0  0  590  10  0.95  0.05  Random
0.0114871  0.0825864  610  10  -0.95  0.05  Random
-0.239063  0.0385205  610  10  -0.85  0.05  Random
-0.194828  0.0295898  610  10  -0.75  0.05  Random
-0.166871  0.0260782  610  10  -0.65  0.05  Random
-0.258955  0.0301739  610  10  -0.55  0.05  Random
-0.382752  0.0328465  610  10  -0.45  0.05  Random
-0.401124  0.0309618  610  10  -0.35  0.05  Random
-0.299461  0.0313341  610  10  -0.25  0.05  Random
-0.327105  0.034759  610  10  -0.15  0.05  Random
-0.314718  0.0389888  610  10  -0.05  0.05  Random
-0.381297  0.0498544  610  10  0.05  0.05  Random
-0.241639  0.0578138  610  10  0.15  0.05  Random
-0.385516  0.0723756  610  10  0.25  0.05  Random
-0.239589  0.076217  610  10  0.35  0.05  Random
-0.117154  0.0879274  610  10  0.45  0.05  Random
-0.0991869  0.144566  610  10  0.55  0.05  Random
0.476203  0.211466  610  10  0.65  0.05  Random
0.520227  0.450685  610  10  0.75  0.05  Random
0  0  610  10  0.85  0.05  Random
0  0  610  10  0.95  0.05  Random
-0.196765  0.149296  630  10  -0.95  0.05  Random
-0.266768  0.0670839  630  10  -0.85  0.05  Random
-0.189046  0.0573546  630  10  -0.75  0.05  Random
-0.270855  0.0484024  630  10  -0.65  0.05  Random
-0.265566  0.0504747  630  10  -0.55  0.05  Random
-0.404006  0.0575844  630  10  -0.45  0.05  Random
-0.316167  0.0484871  630  10  -0.35  0.05  Random
-0.277383  0.0520798  630  10  -0.25  0.05  Random
-0.242007  0.0553681  630  10  -0.15  0.05  Random
-0.352045  0.0640899  630  10  -0.05  0.05  Random
-0.242514  0.0742688  630  10  0.05  0.05  Random
-0.313001  0.0912402  630  10  0.15  0.05  Random
-0.151423  0.10847  630  10  0.25  0.05  Random
0.0267366  0.118731  630  10  0.35  0.05  Random
0.0556218  0.153571  630  10  0.45  0.05  Random
0.0981594  0.202431  630  10  0.55  0.05  Random
0.194508  0.303789  630  10  0.65  0.05  Random
0.0011334  62.0729  630  10  0.75  0.05  Random
0  0  630  10  0.85  0.05  Random
0  0  630  10  0.95  0.05  Random
