550.86 0.810962 0.192 0.237 18
550.86 0.739983 0.26 0.072 18
550.86 0.639976 0.281 0.045 18
550.86 0.537005 0.348 0.032 18
550.86 0.432086 0.398 0.028 18
550.86 0.329031 0.485 0.027 18
550.86 0.223931 0.58 0.029 18
550.86 0.117017 0.586 0.027 18
550.86 0.0130896 0.646 0.028 18
550.86 -0.092023 0.611 0.027 18
550.86 -0.196973 0.684 0.028 18
550.86 -0.302037 0.681 0.029 18
550.86 -0.407055 0.684 0.029 18
550.86 -0.510993 0.688 0.032 18
550.86 -0.614974 0.77 0.034 18
550.86 -0.718005 0.785 0.046 18
550.86 -0.819952 0.847 0.068 18
550.86 -0.913971 0.591 0.177 18
