1.40656  19.6915   410.00   10  -0.95  0.05
0.551357  0.19202   410.00   10  -0.85  0.05
0.660302  0.0716468   410.00   10  -0.75  0.05
0.605319  0.0431612   410.00   10  -0.65  0.05
0.671849  0.0399298   410.00   10  -0.55  0.05
0.751927  0.0342185   410.00   10  -0.45  0.05
0.64329  0.0348016   410.00   10  -0.35  0.05
0.618464  0.0501357   410.00   10  -0.25  0.05
0.629669  0.0652581   410.00   10  -0.15  0.05
0.464155  0.0616509   410.00   10  -0.05  0.05
0.498023  0.0799926   410.00   10  0.05  0.05
0.461641  0.107995   410.00   10  0.15  0.05
0.35581  0.277163   410.00   10  0.25  0.05
0.399034  2.67279   410.00   10  0.35  0.05
0.990546  7.37649   410.00   10  0.45  0.05
0.124418  3.98532   410.00   10  0.55  0.05
2  2.60035e-05   410.00   10  0.65  0.05
-0.61371  0.325519   410.00   10  0.75  0.05
-0.34556  0.0634448   410.00   10  0.85  0.05
-1.38363  0.079339   410.00   10  0.95  0.05
-0.594056  2.88792   430.00   10  -0.95  0.05
-0.976354  1.68294   430.00   10  -0.85  0.05
0.758227  0.0441937   430.00   10  -0.75  0.05
0.680334  0.0324108   430.00   10  -0.65  0.05
0.752963  0.023765   430.00   10  -0.55  0.05
0.721884  0.0236335   430.00   10  -0.45  0.05
0.71871  0.0263579   430.00   10  -0.35  0.05
0.744623  0.0280798   430.00   10  -0.25  0.05
0.654746  0.0322235   430.00   10  -0.15  0.05
0.626122  0.0442065   430.00   10  -0.05  0.05
0.640896  0.0558483   430.00   10  0.05  0.05
0.653553  0.0772325   430.00   10  0.15  0.05
0.363587  0.270091   430.00   10  0.25  0.05
0.275759  0.506551   430.00   10  0.35  0.05
0.461764  0.261543   430.00   10  0.45  0.05
0.954311  0.357599   430.00   10  0.55  0.05
0.167934  2.82137   430.00   10  0.65  0.05
1.56328  41.8129   430.00   10  0.75  0.05
-2  2.18419e-06   430.00   10  0.85  0.05
0.0691896  0.069243   430.00   10  0.95  0.05
1.1292  0.349563   450.00   10  -0.95  0.05
0.658844  0.0883151   450.00   10  -0.85  0.05
0.733777  0.0337529   450.00   10  -0.75  0.05
0.767248  0.0243448   450.00   10  -0.65  0.05
0.729784  0.0196754   450.00   10  -0.55  0.05
0.751262  0.017579   450.00   10  -0.45  0.05
0.697818  0.0173343   450.00   10  -0.35  0.05
0.701678  0.0181736   450.00   10  -0.25  0.05
0.724519  0.0224794   450.00   10  -0.15  0.05
0.613863  0.0261712   450.00   10  -0.05  0.05
0.627718  0.0340799   450.00   10  0.05  0.05
0.670346  0.0477752   450.00   10  0.15  0.05
0.602549  0.0682969   450.00   10  0.25  0.05
0.581333  0.110448   450.00   10  0.35  0.05
0.43142  0.190156   450.00   10  0.45  0.05
0.474826  0.343261   450.00   10  0.55  0.05
-0.555748  0.466459   450.00   10  0.65  0.05
2  2.61728e-05   450.00   10  0.75  0.05
2  1.29647e-05   450.00   10  0.85  0.05
-0.627884  0.0558563   450.00   10  0.95  0.05
0.419057  0.315882   470.00   10  -0.95  0.05
0.786661  0.072793   470.00   10  -0.85  0.05
0.832688  0.0297929   470.00   10  -0.75  0.05
0.808128  0.0185999   470.00   10  -0.65  0.05
0.759824  0.0168654   470.00   10  -0.55  0.05
0.763217  0.0158001   470.00   10  -0.45  0.05
0.724363  0.0144474   470.00   10  -0.35  0.05
0.736498  0.0143289   470.00   10  -0.25  0.05
0.681911  0.0155749   470.00   10  -0.15  0.05
0.674149  0.0208157   470.00   10  -0.05  0.05
0.635907  0.0250583   470.00   10  0.05  0.05
0.627006  0.0307982   470.00   10  0.15  0.05
0.507892  0.0522869   470.00   10  0.25  0.05
0.433566  0.0949121   470.00   10  0.35  0.05
0.363883  0.361239   470.00   10  0.45  0.05
0.35302  0.189477   470.00   10  0.55  0.05
0.424305  0.442229   470.00   10  0.65  0.05
-0.770567  0.485696   470.00   10  0.75  0.05
-2  0.00109461   470.00   10  0.85  0.05
-1.02655  0.044984   470.00   10  0.95  0.05
-0.625833  0.229225   490.00   10  -0.95  0.05
0.788657  0.0911422   490.00   10  -0.85  0.05
0.79894  0.0310408   490.00   10  -0.75  0.05
0.835452  0.0198329   490.00   10  -0.65  0.05
0.766922  0.0174697   490.00   10  -0.55  0.05
0.766523  0.0167122   490.00   10  -0.45  0.05
0.790137  0.0151181   490.00   10  -0.35  0.05
0.764639  0.0156593   490.00   10  -0.25  0.05
0.742746  0.0160918   490.00   10  -0.15  0.05
0.690691  0.0165593   490.00   10  -0.05  0.05
0.652503  0.0221011   490.00   10  0.05  0.05
0.600275  0.0288672   490.00   10  0.15  0.05
0.571416  0.0434279   490.00   10  0.25  0.05
0.51677  0.0645319   490.00   10  0.35  0.05
0.329215  0.126345   490.00   10  0.45  0.05
0.0965239  33.4759   490.00   10  0.55  0.05
-0.540381  2.71566   490.00   10  0.65  0.05
-0.0518922  2.3966   490.00   10  0.75  0.05
1.03934  23.5302   490.00   10  0.85  0.05
-1.02013  0.0441885   490.00   10  0.95  0.05
1.10765  0.162025   510.00   10  -0.95  0.05
0.892285  0.0750655   510.00   10  -0.85  0.05
0.830907  0.0263369   510.00   10  -0.75  0.05
0.801524  2.6118   510.00   10  -0.65  0.05
0.834124  0.0148095   510.00   10  -0.55  0.05
0.820795  0.0131119   510.00   10  -0.45  0.05
0.780474  0.0127087   510.00   10  -0.35  0.05
0.726533  0.0124352   510.00   10  -0.25  0.05
0.727853  0.0123601   510.00   10  -0.15  0.05
0.691948  0.0128306   510.00   10  -0.05  0.05
0.681426  0.0156393   510.00   10  0.05  0.05
0.636123  0.0186592   510.00   10  0.15  0.05
0.589909  0.0284367   510.00   10  0.25  0.05
0.423763  0.0464452   510.00   10  0.35  0.05
0.479359  0.0729925   510.00   10  0.45  0.05
0.457736  0.176309   510.00   10  0.55  0.05
-0.465692  0.22166   510.00   10  0.65  0.05
0.799486  0.361349   510.00   10  0.75  0.05
0.642853  21.6289   510.00   10  0.85  0.05
-0.0464701  0.0388149   510.00   10  0.95  0.05
1.36981  0.184927   530.00   10  -0.95  0.05
0.949299  0.072733   530.00   10  -0.85  0.05
0.845909  0.0275311   530.00   10  -0.75  0.05
0.847961  0.0181981   530.00   10  -0.65  0.05
0.858588  0.0161875   530.00   10  -0.55  0.05
0.82457  0.0139647   530.00   10  -0.45  0.05
0.795065  0.0129969   530.00   10  -0.35  0.05
0.765083  0.0125865   530.00   10  -0.25  0.05
0.713924  0.0128716   530.00   10  -0.15  0.05
0.703133  0.0140965   530.00   10  -0.05  0.05
0.641417  0.0150199   530.00   10  0.05  0.05
0.571502  0.0179534   530.00   10  0.15  0.05
0.559615  0.0243004   530.00   10  0.25  0.05
0.493057  0.0423631   530.00   10  0.35  0.05
0.418635  0.0723161   530.00   10  0.45  0.05
0.300268  0.127212   530.00   10  0.55  0.05
0.177546  0.405521   530.00   10  0.65  0.05
0.771161  4.1548   530.00   10  0.75  0.05
2  4.25824e-05   530.00   10  0.85  0.05
-0.340441  0.0392425   530.00   10  0.95  0.05
0.979097  0.309005   550.00   10  -0.95  0.05
0.973753  0.075804   550.00   10  -0.85  0.05
0.856551  0.0328331   550.00   10  -0.75  0.05
0.872698  0.0200146   550.00   10  -0.65  0.05
0.841831  0.0178364   550.00   10  -0.55  0.05
0.799886  0.0160151   550.00   10  -0.45  0.05
0.786973  0.0159239   550.00   10  -0.35  0.05
0.751085  0.0138659   550.00   10  -0.25  0.05
0.73575  0.0136449   550.00   10  -0.15  0.05
0.692706  0.0139468   550.00   10  -0.05  0.05
0.644434  0.0152486   550.00   10  0.05  0.05
0.563135  0.0184859   550.00   10  0.15  0.05
0.586272  0.0252273   550.00   10  0.25  0.05
0.468723  0.0416124   550.00   10  0.35  0.05
0.373517  0.0716514   550.00   10  0.45  0.05
0.330783  0.163859   550.00   10  0.55  0.05
-0.257776  0.235288   550.00   10  0.65  0.05
0.532177  0.312318   550.00   10  0.75  0.05
-0.725975  1.14733   550.00   10  0.85  0.05
-0.284572  0.0430421   550.00   10  0.95  0.05
0.877727  0.189648   570.00   10  -0.95  0.05
0.777317  14.631   570.00   10  -0.85  0.05
0.842226  0.0240921   570.00   10  -0.75  0.05
0.833465  0.015631   570.00   10  -0.65  0.05
0.82724  0.0132726   570.00   10  -0.55  0.05
0.835915  0.0123799   570.00   10  -0.45  0.05
0.800497  0.0110549   570.00   10  -0.35  0.05
0.748592  0.0106617   570.00   10  -0.25  0.05
0.73171  0.0110942   570.00   10  -0.15  0.05
0.687966  0.0110758   570.00   10  -0.05  0.05
0.649896  0.0116216   570.00   10  0.05  0.05
0.572575  0.0135545   570.00   10  0.15  0.05
0.544585  0.0170989   570.00   10  0.25  0.05
0.484232  0.0247119   570.00   10  0.35  0.05
0.295017  0.0453005   570.00   10  0.45  0.05
0.0882883  0.476572   570.00   10  0.55  0.05
-0.160793  0.204283   570.00   10  0.65  0.05
-0.413456  0.273042   570.00   10  0.75  0.05
0.851209  1.25956   570.00   10  0.85  0.05
0.0811529  0.033156   570.00   10  0.95  0.05
0.367831  0.119796   590.00   10  -0.95  0.05
0.766505  0.0497405   590.00   10  -0.85  0.05
0.809263  0.0201353   590.00   10  -0.75  0.05
0.865243  0.013466   590.00   10  -0.65  0.05
0.851769  0.0105429   590.00   10  -0.55  0.05
0.829514  0.0105469   590.00   10  -0.45  0.05
0.801486  0.00965528   590.00   10  -0.35  0.05
0.768675  0.00936784   590.00   10  -0.25  0.05
0.750008  0.00911971   590.00   10  -0.15  0.05
0.721882  0.00924656   590.00   10  -0.05  0.05
0.667547  0.0100838   590.00   10  0.05  0.05
0.625792  0.0105643   590.00   10  0.15  0.05
0.569248  0.0131553   590.00   10  0.25  0.05
0.448637  0.0191248   590.00   10  0.35  0.05
0.309741  0.0327114   590.00   10  0.45  0.05
0.114789  0.0603072   590.00   10  0.55  0.05
0.200758  0.125015   590.00   10  0.65  0.05
0.234125  0.08075   590.00   10  0.75  0.05
-1.1784  5.71847   590.00   10  0.85  0.05
-0.057351  0.0279678   590.00   10  0.95  0.05
0.489565  0.118686   610.00   10  -0.95  0.05
0.689331  0.0573885   610.00   10  -0.85  0.05
0.835035  0.0218869   610.00   10  -0.75  0.05
0.86958  0.0147039   610.00   10  -0.65  0.05
0.862914  0.0124038   610.00   10  -0.55  0.05
0.859778  0.0108763   610.00   10  -0.45  0.05
0.821097  0.00997757   610.00   10  -0.35  0.05
0.796955  0.00993518   610.00   10  -0.25  0.05
0.786834  0.00960882   610.00   10  -0.15  0.05
0.744766  0.00994679   610.00   10  -0.05  0.05
0.701066  0.0101766   610.00   10  0.05  0.05
0.63609  0.0113572   610.00   10  0.15  0.05
0.591212  0.0130345   610.00   10  0.25  0.05
0.528058  0.0173099   610.00   10  0.35  0.05
0.427678  0.0313384   610.00   10  0.45  0.05
0.115595  0.105684   610.00   10  0.55  0.05
0.176846  0.199867   610.00   10  0.65  0.05
-0.560655  2.16172   610.00   10  0.75  0.05
0.678101  0.382441   610.00   10  0.85  0.05
0.0533867  0.0295676   610.00   10  0.95  0.05
1.22399  0.337665   630.00   10  -0.95  0.05
0.649383  0.110108   630.00   10  -0.85  0.05
0.822383  0.0439229   630.00   10  -0.75  0.05
0.87669  0.0266917   630.00   10  -0.65  0.05
0.86914  0.0221147   630.00   10  -0.55  0.05
0.879843  0.021324   630.00   10  -0.45  0.05
0.903535  0.018463   630.00   10  -0.35  0.05
0.857109  0.0180425   630.00   10  -0.25  0.05
0.852466  0.0183502   630.00   10  -0.15  0.05
0.767537  0.0184783   630.00   10  -0.05  0.05
0.706045  0.0194811   630.00   10  0.05  0.05
0.69375  0.0204879   630.00   10  0.15  0.05
0.596931  0.0235884   630.00   10  0.25  0.05
0.568742  0.0331964   630.00   10  0.35  0.05
0.448251  0.058488   630.00   10  0.45  0.05
0.0841877  0.104172   630.00   10  0.55  0.05
-0.153375  0.278639   630.00   10  0.65  0.05
-1.01705  2.48447   630.00   10  0.75  0.05
-1.40219  7.4009   630.00   10  0.85  0.05
0.0130196  0.0541135   630.00   10  0.95  0.05
0.709741  0.650584   650.00   10  -0.95  0.05
1.05812  0.229658   650.00   10  -0.85  0.05
0.832445  0.098861   650.00   10  -0.75  0.05
0.885184  0.0669926   650.00   10  -0.65  0.05
0.876446  0.0565387   650.00   10  -0.55  0.05
0.878044  0.0556517   650.00   10  -0.45  0.05
0.842985  0.0483108   650.00   10  -0.35  0.05
0.824401  0.0503815   650.00   10  -0.25  0.05
0.786692  0.0487725   650.00   10  -0.15  0.05
0.657531  0.0444188   650.00   10  -0.05  0.05
0.786459  0.0459643   650.00   10  0.05  0.05
0.657768  0.0513773   650.00   10  0.15  0.05
0.522659  0.0553337   650.00   10  0.25  0.05
0.642692  0.0740259   650.00   10  0.35  0.05
0.643099  0.100888   650.00   10  0.45  0.05
-0.544488  1.95867   650.00   10  0.55  0.05
-0.621927  4.71551   650.00   10  0.65  0.05
1.99798  2.67784e+06   650.00   10  0.75  0.05
-0.109205  0.0783946   650.00   10  0.85  0.05
0.178693  0.119497   650.00   10  0.95  0.05
-0.450394  1.92861   670.00   10  -0.95  0.05
-2  1.47703e-11   670.00   10  -0.85  0.05
1.45323  1.81643   670.00   10  -0.75  0.05
0.433588  0.215001   670.00   10  -0.65  0.05
0.829022  0.440646   670.00   10  -0.55  0.05
1.08545  0.208047   670.00   10  -0.45  0.05
0.923172  0.285882   670.00   10  -0.35  0.05
0.920854  0.182984   670.00   10  -0.25  0.05
0.535641  0.234408   670.00   10  -0.15  0.05
0.630911  0.276845   670.00   10  -0.05  0.05
0.753523  0.294803   670.00   10  0.05  0.05
1.09413  0.20464   670.00   10  0.15  0.05
0.525331  0.251462   670.00   10  0.25  0.05
0.663069  3.18796   670.00   10  0.35  0.05
0.919356  0.552528   670.00   10  0.45  0.05
-1.99663  7098.49   670.00   10  0.55  0.05
1.93028  1739.52   670.00   10  0.65  0.05
2  3.2438e-05   670.00   10  0.75  0.05
2  7.16969e-13   670.00   10  0.85  0.05
0.907609  0.482734   670.00   10  0.95  0.05
-1.87733  0.685601   690.00   10  -0.95  0.05
0.997043  1.29118   690.00   10  -0.85  0.05
0.60171  0.825398   690.00   10  -0.75  0.05
0.733037  0.140664   690.00   10  -0.65  0.05
0.616276  0.227922   690.00   10  -0.55  0.05
0.725282  1.09487   690.00   10  -0.45  0.05
0.622411  0.167611   690.00   10  -0.35  0.05
0.745805  0.185141   690.00   10  -0.25  0.05
0.857778  0.867698   690.00   10  -0.15  0.05
0.811195  0.149726   690.00   10  -0.05  0.05
0.919902  0.162462   690.00   10  0.05  0.05
0.779508  0.511273   690.00   10  0.15  0.05
0.610233  0.2076   690.00   10  0.25  0.05
-0.854718  1.49757   690.00   10  0.35  0.05
0.904251  0.584596   690.00   10  0.45  0.05
2  0.000348562   690.00   10  0.55  0.05
-1.07234  2.06032   690.00   10  0.65  0.05
2  1.79225e-06   690.00   10  0.75  0.05
-2  3.16793e-05   690.00   10  0.85  0.05
0.5417  0.479168   690.00   10  0.95  0.05
2  0.00224763   710.00   10  -0.95  0.05
1.03157  1.04759   710.00   10  -0.85  0.05
-0.922018  0.309377   710.00   10  -0.75  0.05
0.574539  1.24109   710.00   10  -0.65  0.05
0.64121  0.0513474   710.00   10  -0.55  0.05
0.708416  0.204665   710.00   10  -0.45  0.05
0.646268  0.550342   710.00   10  -0.35  0.05
1.04006  0.218399   710.00   10  -0.25  0.05
0.380031  0.201709   710.00   10  -0.15  0.05
0.801328  0.29922   710.00   10  -0.05  0.05
0.977233  0.239113   710.00   10  0.05  0.05
0.828136  0.264328   710.00   10  0.15  0.05
0.781278  0.233359   710.00   10  0.25  0.05
0.352166  0.221893   710.00   10  0.35  0.05
0.541877  0.588349   710.00   10  0.45  0.05
0.761807  0.62893   710.00   10  0.55  0.05
-2  2.53719e-05   710.00   10  0.65  0.05
-1.81443  5.56513   710.00   10  0.75  0.05
1.8718  0.307797   710.00   10  0.85  0.05
0.886415  0.585308   710.00   10  0.95  0.05
