0  110  -0.95   Random
0  110  -0.85   Random
0  110  -0.75   Random
0  110  -0.65   Random
0  110  -0.55   Random
0  110  -0.45   Random
0  110  -0.35   Random
0  110  -0.25   Random
0  110  -0.15   Random
0  110  -0.05   Random
0  110  0.05   Random
0  110  0.15   Random
0  110  0.25   Random
0  110  0.35   Random
0  110  0.45   Random
0  110  0.55   Random
0  110  0.65   Random
0  110  0.75   Random
0  110  0.85   Random
0  110  0.95   Random
0  130  -0.95   Random
0  130  -0.85   Random
0  130  -0.75   Random
0  130  -0.65   Random
0  130  -0.55   Random
0  130  -0.45   Random
0  130  -0.35   Random
0  130  -0.25   Random
0  130  -0.15   Random
0  130  -0.05   Random
0  130  0.05   Random
0  130  0.15   Random
0  130  0.25   Random
0  130  0.35   Random
0  130  0.45   Random
0  130  0.55   Random
0  130  0.65   Random
0  130  0.75   Random
0  130  0.85   Random
0  130  0.95   Random
0  150  -0.95   Random
0  150  -0.85   Random
0  150  -0.75   Random
0  150  -0.65   Random
0  150  -0.55   Random
0  150  -0.45   Random
0  150  -0.35   Random
0  150  -0.25   Random
0  150  -0.15   Random
0  150  -0.05   Random
0  150  0.05   Random
0  150  0.15   Random
0  150  0.25   Random
0  150  0.35   Random
0  150  0.45   Random
0  150  0.55   Random
0  150  0.65   Random
0  150  0.75   Random
0  150  0.85   Random
0  150  0.95   Random
0  170  -0.95   Random
0  170  -0.85   Random
0  170  -0.75   Random
0  170  -0.65   Random
0  170  -0.55   Random
0  170  -0.45   Random
0  170  -0.35   Random
0  170  -0.25   Random
0  170  -0.15   Random
0  170  -0.05   Random
0  170  0.05   Random
0  170  0.15   Random
0  170  0.25   Random
0  170  0.35   Random
0  170  0.45   Random
282.186  170  0.55   Random
0  170  0.65   Random
0  170  0.75   Random
0  170  0.85   Random
0  170  0.95   Random
0  190  -0.95   Random
0  190  -0.85   Random
0  190  -0.75   Random
0  190  -0.65   Random
0  190  -0.55   Random
0  190  -0.45   Random
0  190  -0.35   Random
0  190  -0.25   Random
0  190  -0.15   Random
0  190  -0.05   Random
0  190  0.05   Random
0  190  0.15   Random
0  190  0.25   Random
0  190  0.35   Random
0  190  0.45   Random
0  190  0.55   Random
0  190  0.65   Random
0  190  0.75   Random
0  190  0.85   Random
0  190  0.95   Random
0  210  -0.95   Random
0  210  -0.85   Random
0  210  -0.75   Random
0  210  -0.65   Random
0  210  -0.55   Random
0  210  -0.45   Random
0  210  -0.35   Random
0  210  -0.25   Random
0  210  -0.15   Random
0  210  -0.05   Random
0  210  0.05   Random
0  210  0.15   Random
0  210  0.25   Random
0  210  0.35   Random
0  210  0.45   Random
0  210  0.55   Random
0  210  0.65   Random
0  210  0.75   Random
0  210  0.85   Random
0  210  0.95   Random
0  230  -0.95   Random
0  230  -0.85   Random
0  230  -0.75   Random
0  230  -0.65   Random
0  230  -0.55   Random
0  230  -0.45   Random
0  230  -0.35   Random
0  230  -0.25   Random
0  230  -0.15   Random
0  230  -0.05   Random
0  230  0.05   Random
0  230  0.15   Random
0  230  0.25   Random
0  230  0.35   Random
0  230  0.45   Random
0  230  0.55   Random
0  230  0.65   Random
0  230  0.75   Random
0  230  0.85   Random
0  230  0.95   Random
0  250  -0.95   Random
0  250  -0.85   Random
0  250  -0.75   Random
0  250  -0.65   Random
0  250  -0.55   Random
0  250  -0.45   Random
0  250  -0.35   Random
0  250  -0.25   Random
0  250  -0.15   Random
-0.000115062  250  -0.05   Random
0  250  0.05   Random
0  250  0.15   Random
0  250  0.25   Random
-139.884  250  0.35   Random
0  250  0.45   Random
0  250  0.55   Random
0  250  0.65   Random
0  250  0.75   Random
0  250  0.85   Random
0  250  0.95   Random
-9.26017  270  -0.95   Random
0.162915  270  -0.85   Random
0  270  -0.75   Random
0  270  -0.65   Random
0  270  -0.55   Random
0  270  -0.45   Random
0  270  -0.35   Random
-0.127947  270  -0.25   Random
0  270  -0.15   Random
-0.012428  270  -0.05   Random
-40.3149  270  0.05   Random
-0.675332  270  0.15   Random
0  270  0.25   Random
0  270  0.35   Random
0  270  0.45   Random
0  270  0.55   Random
0  270  0.65   Random
0  270  0.75   Random
0  270  0.85   Random
0  270  0.95   Random
0  290  -0.95   Random
0  290  -0.85   Random
0  290  -0.75   Random
-1.82327  290  -0.65   Random
0.393464  290  -0.55   Random
-8.40668  290  -0.45   Random
0  290  -0.35   Random
0  290  -0.25   Random
4.45366  290  -0.15   Random
0.522672  290  -0.05   Random
0.0851002  290  0.05   Random
0.280819  290  0.15   Random
-0.491782  290  0.25   Random
0  290  0.35   Random
0  290  0.45   Random
0  290  0.55   Random
0  290  0.65   Random
0  290  0.75   Random
0  290  0.85   Random
0  290  0.95   Random
-19.1129  310  -0.95   Random
-23.7077  310  -0.85   Random
-0.0145406  310  -0.75   Random
0  310  -0.65   Random
0  310  -0.55   Random
-1.98171  310  -0.45   Random
-0.85572  310  -0.35   Random
-0.400722  310  -0.25   Random
-0.962294  310  -0.15   Random
0.137437  310  -0.05   Random
-7.52021  310  0.05   Random
-4.56673  310  0.15   Random
-2.21216  310  0.25   Random
-1.33307  310  0.35   Random
0.000299996  310  0.45   Random
0  310  0.55   Random
0  310  0.65   Random
0  310  0.75   Random
0  310  0.85   Random
0  310  0.95   Random
0  330  -0.95   Random
0.795332  330  -0.85   Random
1.06379  330  -0.75   Random
1.54873  330  -0.65   Random
-0.960204  330  -0.55   Random
4.73222  330  -0.45   Random
1.63632  330  -0.35   Random
5.62771  330  -0.25   Random
1.37115e-05  330  -0.15   Random
5.40976  330  -0.05   Random
-9.07286  330  0.05   Random
0.416244  330  0.15   Random
0.374269  330  0.25   Random
-0.37946  330  0.35   Random
0  330  0.45   Random
0.000822117  330  0.55   Random
0  330  0.65   Random
0  330  0.75   Random
0  330  0.85   Random
0  330  0.95   Random
0  350  -0.95   Random
1.33575  350  -0.85   Random
-0.893913  350  -0.75   Random
0.228777  350  -0.65   Random
-0.450966  350  -0.55   Random
0.799272  350  -0.45   Random
1.64828  350  -0.35   Random
1.12259  350  -0.25   Random
3.01389  350  -0.15   Random
0.272328  350  -0.05   Random
0.831831  350  0.05   Random
-9.093  350  0.15   Random
0.000457418  350  0.25   Random
-0.00280565  350  0.35   Random
-2.06566  350  0.45   Random
0.00739312  350  0.55   Random
0  350  0.65   Random
0  350  0.75   Random
0  350  0.85   Random
0  350  0.95   Random
-0.879732  370  -0.95   Random
0.274425  370  -0.85   Random
0.755916  370  -0.75   Random
-0.203673  370  -0.65   Random
0.845227  370  -0.55   Random
-0.580887  370  -0.45   Random
-0.460504  370  -0.35   Random
1.4523  370  -0.25   Random
-3.27871  370  -0.15   Random
-1.63539  370  -0.05   Random
0.926934  370  0.05   Random
-0.000103373  370  0.15   Random
-1.00343e-07  370  0.25   Random
4.60459e-05  370  0.35   Random
-0.0355216  370  0.45   Random
-0.822403  370  0.55   Random
0.00304827  370  0.65   Random
0  370  0.75   Random
0  370  0.85   Random
0  370  0.95   Random
-1.23135  390  -0.95   Random
-1.40416  390  -0.85   Random
0.484166  390  -0.75   Random
-0.733044  390  -0.65   Random
-0.569278  390  -0.55   Random
-0.765916  390  -0.45   Random
0.0612563  390  -0.35   Random
1.50693  390  -0.25   Random
0.194207  390  -0.15   Random
1.74454  390  -0.05   Random
2.31531e-07  390  0.05   Random
-0.00260524  390  0.15   Random
0.000743371  390  0.25   Random
0.000799056  390  0.35   Random
-1.33917  390  0.45   Random
-0.328335  390  0.55   Random
-0.000773846  390  0.65   Random
0  390  0.75   Random
0  390  0.85   Random
0  390  0.95   Random
-1.34194  410  -0.95   Random
0.560641  410  -0.85   Random
-0.0200242  410  -0.75   Random
-0.0598596  410  -0.65   Random
0  410  -0.55   Random
0.000320142  410  -0.45   Random
5.11438  410  -0.35   Random
-0.00106029  410  -0.25   Random
-1.62426  410  -0.15   Random
1.37003  410  -0.05   Random
-2.60462  410  0.05   Random
-3.03435  410  0.15   Random
-0.0891772  410  0.25   Random
1.27702  410  0.35   Random
-0.00309358  410  0.45   Random
-0.791877  410  0.55   Random
0  410  0.65   Random
0  410  0.75   Random
0  410  0.85   Random
0  410  0.95   Random
-6.26397  430  -0.95   Random
2.52837  430  -0.85   Random
0.816764  430  -0.75   Random
0.403436  430  -0.65   Random
0.438278  430  -0.55   Random
0.919367  430  -0.45   Random
-1.23076e-07  430  -0.35   Random
0.0002915  430  -0.25   Random
1.37755  430  -0.15   Random
-0.583115  430  -0.05   Random
-0.172247  430  0.05   Random
-1.51317  430  0.15   Random
0.59999  430  0.25   Random
-0.0341179  430  0.35   Random
2.04891  430  0.45   Random
-0.00088854  430  0.55   Random
0.000892432  430  0.65   Random
-1.23265  430  0.75   Random
0  430  0.85   Random
0  430  0.95   Random
-0.371726  450  -0.95   Random
0.70693  450  -0.85   Random
0.263137  450  -0.75   Random
-0.395655  450  -0.65   Random
0.237003  450  -0.55   Random
-0.34258  450  -0.45   Random
0.680341  450  -0.35   Random
-0.0368187  450  -0.25   Random
1.41038e-08  450  -0.15   Random
0.760935  450  -0.05   Random
-5.09382e-07  450  0.05   Random
-0.42893  450  0.15   Random
-0.705805  450  0.25   Random
-0.732309  450  0.35   Random
0.119419  450  0.45   Random
-0.893406  450  0.55   Random
-0.00666213  450  0.65   Random
0  450  0.75   Random
0  450  0.85   Random
0  450  0.95   Random
0.371056  470  -0.95   Random
-0.422551  470  -0.85   Random
0.105118  470  -0.75   Random
-0.0990799  470  -0.65   Random
0.447561  470  -0.55   Random
-0.621505  470  -0.45   Random
-1.09915  470  -0.35   Random
-0.316143  470  -0.25   Random
-0.288278  470  -0.15   Random
-0.081031  470  -0.05   Random
-0.915179  470  0.05   Random
0.142728  470  0.15   Random
-0.364751  470  0.25   Random
-0.188941  470  0.35   Random
-0.951386  470  0.45   Random
0.213252  470  0.55   Random
2.40616e-05  470  0.65   Random
0.00306103  470  0.75   Random
0  470  0.85   Random
0  470  0.95   Random
0.463323  490  -0.95   Random
0.738166  490  -0.85   Random
0.0523903  490  -0.75   Random
-0.105136  490  -0.65   Random
-0.293387  490  -0.55   Random
0.375084  490  -0.45   Random
-0.0509483  490  -0.35   Random
-0.362897  490  -0.25   Random
0.0432679  490  -0.15   Random
-0.231896  490  -0.05   Random
-0.829182  490  0.05   Random
-0.594333  490  0.15   Random
-1.04139  490  0.25   Random
-0.122094  490  0.35   Random
-0.211895  490  0.45   Random
-0.268155  490  0.55   Random
-0.258306  490  0.65   Random
0.000117578  490  0.75   Random
0  490  0.85   Random
0  490  0.95   Random
0.390513  510  -0.95   Random
-0.0502852  510  -0.85   Random
0.118657  510  -0.75   Random
-0.0846448  510  -0.65   Random
-0.317538  510  -0.55   Random
-1.0473  510  -0.45   Random
-0.0909748  510  -0.35   Random
-0.204346  510  -0.25   Random
-0.178112  510  -0.15   Random
-0.341137  510  -0.05   Random
-0.378113  510  0.05   Random
-0.993444  510  0.15   Random
-0.05176  510  0.25   Random
-0.276048  510  0.35   Random
0.919699  510  0.45   Random
0.686182  510  0.55   Random
-5.86123e-06  510  0.65   Random
0  510  0.75   Random
1.20017  510  0.85   Random
0  510  0.95   Random
0.63476  530  -0.95   Random
0.267751  530  -0.85   Random
-0.074296  530  -0.75   Random
-0.0936248  530  -0.65   Random
-0.047853  530  -0.55   Random
-0.195107  530  -0.45   Random
-0.200729  530  -0.35   Random
-0.129024  530  -0.25   Random
-0.208158  530  -0.15   Random
-0.0144796  530  -0.05   Random
-0.49383  530  0.05   Random
-0.228036  530  0.15   Random
-0.347727  530  0.25   Random
-0.578147  530  0.35   Random
-0.38934  530  0.45   Random
-0.850517  530  0.55   Random
-0.336775  530  0.65   Random
-0.000866278  530  0.75   Random
-4.42795e-05  530  0.85   Random
0  530  0.95   Random
0  550  -0.95   Random
-0.0435176  550  -0.85   Random
-0.111732  550  -0.75   Random
-0.263707  550  -0.65   Random
-0.0575448  550  -0.55   Random
-0.346103  550  -0.45   Random
-0.181126  550  -0.35   Random
-0.200489  550  -0.25   Random
-0.220073  550  -0.15   Random
-0.439504  550  -0.05   Random
-0.332269  550  0.05   Random
0.105011  550  0.15   Random
-0.338287  550  0.25   Random
-0.57062  550  0.35   Random
-0.359553  550  0.45   Random
0.752942  550  0.55   Random
0.0119921  550  0.65   Random
0  550  0.75   Random
-0.000248403  550  0.85   Random
0  550  0.95   Random
0.128907  570  -0.95   Random
-0.0561955  570  -0.85   Random
-0.0302863  570  -0.75   Random
-0.18987  570  -0.65   Random
-0.166326  570  -0.55   Random
-0.309424  570  -0.45   Random
-0.264087  570  -0.35   Random
-0.153989  570  -0.25   Random
0.0273821  570  -0.15   Random
-0.177889  570  -0.05   Random
-0.0319743  570  0.05   Random
-0.514832  570  0.15   Random
-0.00865893  570  0.25   Random
-0.244734  570  0.35   Random
-0.0395774  570  0.45   Random
-0.140492  570  0.55   Random
0.750487  570  0.65   Random
-3.91254e-05  570  0.75   Random
0  570  0.85   Random
0  570  0.95   Random
0.0801504  590  -0.95   Random
-0.179063  590  -0.85   Random
-0.113055  590  -0.75   Random
-0.0403086  590  -0.65   Random
-0.253773  590  -0.55   Random
-0.464248  590  -0.45   Random
-0.25973  590  -0.35   Random
-0.211182  590  -0.25   Random
-0.0838827  590  -0.15   Random
-0.219969  590  -0.05   Random
-0.335852  590  0.05   Random
-0.175299  590  0.15   Random
-0.349086  590  0.25   Random
0.059196  590  0.35   Random
-0.353667  590  0.45   Random
-0.15678  590  0.55   Random
0.229874  590  0.65   Random
0.00697122  590  0.75   Random
0  590  0.85   Random
0  590  0.95   Random
0.131985  610  -0.95   Random
-0.250073  610  -0.85   Random
-0.153782  610  -0.75   Random
-0.280894  610  -0.65   Random
-0.281159  610  -0.55   Random
-0.59493  610  -0.45   Random
-0.406619  610  -0.35   Random
-0.224167  610  -0.25   Random
-0.202603  610  -0.15   Random
-0.266734  610  -0.05   Random
-0.253646  610  0.05   Random
-0.27229  610  0.15   Random
-0.213359  610  0.25   Random
-0.253602  610  0.35   Random
0.108931  610  0.45   Random
0.119982  610  0.55   Random
-0.143061  610  0.65   Random
-0.0039454  610  0.75   Random
0  610  0.85   Random
0  610  0.95   Random
0.0266644  630  -0.95   Random
-0.116893  630  -0.85   Random
-0.175055  630  -0.75   Random
-0.264179  630  -0.65   Random
-0.253994  630  -0.55   Random
-0.436902  630  -0.45   Random
-0.396436  630  -0.35   Random
-0.139847  630  -0.25   Random
-0.23721  630  -0.15   Random
-0.224167  630  -0.05   Random
-0.146818  630  0.05   Random
-0.185988  630  0.15   Random
0.125679  630  0.25   Random
0.379055  630  0.35   Random
-0.19416  630  0.45   Random
0.267787  630  0.55   Random
0.314084  630  0.65   Random
1.16731e-05  630  0.75   Random
-7.62536e-05  630  0.85   Random
0  630  0.95   Random
0.502607  650  -0.95   Random
0.309566  650  -0.85   Random
-0.334523  650  -0.75   Random
-0.306312  650  -0.65   Random
-0.51325  650  -0.55   Random
-0.45242  650  -0.45   Random
-0.250295  650  -0.35   Random
0.0676052  650  -0.25   Random
-0.299988  650  -0.15   Random
0.0409095  650  -0.05   Random
-0.341208  650  0.05   Random
-0.0240761  650  0.15   Random
-0.435634  650  0.25   Random
-0.557459  650  0.35   Random
0.378696  650  0.45   Random
0.535908  650  0.55   Random
1.60162  650  0.65   Random
-0.000899881  650  0.75   Random
0  650  0.85   Random
0  650  0.95   Random
3.41164  670  -0.95   Random
0.470482  670  -0.85   Random
-0.96606  670  -0.75   Random
1.23661  670  -0.65   Random
0.312177  670  -0.55   Random
-0.536359  670  -0.45   Random
-0.931095  670  -0.35   Random
-0.981195  670  -0.25   Random
0.328403  670  -0.15   Random
0.182681  670  -0.05   Random
-2.64002  670  0.05   Random
0.204985  670  0.15   Random
-0.249392  670  0.25   Random
-1.33342  670  0.35   Random
-0.920737  670  0.45   Random
0.21437  670  0.55   Random
-8.30365  670  0.65   Random
0  670  0.75   Random
0  670  0.85   Random
0  670  0.95   Random
-2.1239  690  -0.95   Random
1.14324  690  -0.85   Random
-0.286771  690  -0.75   Random
1.16471  690  -0.65   Random
0.0451263  690  -0.55   Random
-1.04903  690  -0.45   Random
1.22119  690  -0.35   Random
-1.17613  690  -0.25   Random
-0.540198  690  -0.15   Random
-0.3552  690  -0.05   Random
-1.55798  690  0.05   Random
1.80858  690  0.15   Random
-2.44471  690  0.25   Random
-0.99834  690  0.35   Random
-2.08043  690  0.45   Random
-6.30012  690  0.55   Random
0.746359  690  0.65   Random
7.56709e-09  690  0.75   Random
-0.000548716  690  0.85   Random
0  690  0.95   Random
-3.62591  710  -0.95   Random
0.921567  710  -0.85   Random
-0.525515  710  -0.75   Random
1.37881  710  -0.65   Random
-0.820998  710  -0.55   Random
-1.25765  710  -0.45   Random
-1.20481  710  -0.35   Random
-0.124188  710  -0.25   Random
0.156947  710  -0.15   Random
-2.5921  710  -0.05   Random
-0.161359  710  0.05   Random
1.31299  710  0.15   Random
1.15057  710  0.25   Random
-1.86929  710  0.35   Random
2.71444  710  0.45   Random
0.607919  710  0.55   Random
-1.14568  710  0.65   Random
0  710  0.75   Random
0  710  0.85   Random
0  710  0.95   Random
-0.686268  730  -0.95   Random
-1.36992  730  -0.85   Random
-0.375468  730  -0.75   Random
0.232164  730  -0.65   Random
0.357376  730  -0.55   Random
-0.779716  730  -0.45   Random
-0.423006  730  -0.35   Random
0.254725  730  -0.25   Random
-1.53232  730  -0.15   Random
0.631858  730  -0.05   Random
-0.173434  730  0.05   Random
-1.19161  730  0.15   Random
1.62556  730  0.25   Random
-0.354383  730  0.35   Random
-1.98516  730  0.45   Random
-2.63498  730  0.55   Random
-1.63119  730  0.65   Random
-2.6786  730  0.75   Random
0  730  0.85   Random
0  730  0.95   Random
-1.17718  750  -0.95   Random
-0.413983  750  -0.85   Random
-0.402506  750  -0.75   Random
0.209138  750  -0.65   Random
-0.438328  750  -0.55   Random
-0.641995  750  -0.45   Random
-0.13337  750  -0.35   Random
0.417081  750  -0.25   Random
-0.0936588  750  -0.15   Random
-0.884251  750  -0.05   Random
-0.832707  750  0.05   Random
-0.781834  750  0.15   Random
0.855514  750  0.25   Random
-1.84512  750  0.35   Random
0.481679  750  0.45   Random
2.61849  750  0.55   Random
2.19189  750  0.65   Random
-0.000212194  750  0.75   Random
6.08589  750  0.85   Random
0  750  0.95   Random
-2.22917  770  -0.95   Random
-0.27261  770  -0.85   Random
0.37126  770  -0.75   Random
0.111257  770  -0.65   Random
-0.0334492  770  -0.55   Random
-0.553117  770  -0.45   Random
-0.296082  770  -0.35   Random
0.355944  770  -0.25   Random
-0.211059  770  -0.15   Random
-0.0683  770  -0.05   Random
0.105677  770  0.05   Random
0.371189  770  0.15   Random
-0.602749  770  0.25   Random
0.576113  770  0.35   Random
0.660696  770  0.45   Random
-1.11108  770  0.55   Random
1.45516  770  0.65   Random
0.00263429  770  0.75   Random
0  770  0.85   Random
0  770  0.95   Random
-0.472682  790  -0.95   Random
0.305665  790  -0.85   Random
-0.45963  790  -0.75   Random
-0.874884  790  -0.65   Random
0.22333  790  -0.55   Random
-0.762228  790  -0.45   Random
-0.648065  790  -0.35   Random
-0.706779  790  -0.25   Random
-0.253366  790  -0.15   Random
-0.918646  790  -0.05   Random
0.33813  790  0.05   Random
0.300516  790  0.15   Random
-0.204482  790  0.25   Random
0.562989  790  0.35   Random
-0.39146  790  0.45   Random
-3.59333  790  0.55   Random
3.00901  790  0.65   Random
-0.000229725  790  0.75   Random
0  790  0.85   Random
0  790  0.95   Random
-0.3602  810  -0.95   Random
0.367892  810  -0.85   Random
-0.256584  810  -0.75   Random
0.402661  810  -0.65   Random
-0.432995  810  -0.55   Random
-0.379863  810  -0.45   Random
-0.257458  810  -0.35   Random
-0.271787  810  -0.25   Random
0.804565  810  -0.15   Random
0.373756  810  -0.05   Random
-0.570219  810  0.05   Random
-0.249403  810  0.15   Random
1.31584  810  0.25   Random
0.954703  810  0.35   Random
0.728095  810  0.45   Random
-1.92262  810  0.55   Random
-3.64414  810  0.65   Random
-0.0147175  810  0.75   Random
0  810  0.85   Random
0  810  0.95   Random
-1.73432  830  -0.95   Random
-0.894508  830  -0.85   Random
-0.210727  830  -0.75   Random
-0.479701  830  -0.65   Random
0.999898  830  -0.55   Random
0.315369  830  -0.45   Random
-0.18808  830  -0.35   Random
-0.505316  830  -0.25   Random
-0.098783  830  -0.15   Random
-0.249997  830  -0.05   Random
-0.16232  830  0.05   Random
0.247369  830  0.15   Random
0.548089  830  0.25   Random
0.376055  830  0.35   Random
0.783852  830  0.45   Random
-0.605665  830  0.55   Random
-2.42814  830  0.65   Random
0.00324096  830  0.75   Random
0  830  0.85   Random
0  830  0.95   Random
-0.00124873  850  -0.95   Random
0.187651  850  -0.85   Random
-0.47861  850  -0.75   Random
-0.517974  850  -0.65   Random
-0.412529  850  -0.55   Random
0.633696  850  -0.45   Random
-0.764283  850  -0.35   Random
-0.192038  850  -0.25   Random
0.106722  850  -0.15   Random
0.118157  850  -0.05   Random
0.638981  850  0.05   Random
0.627941  850  0.15   Random
0.0584654  850  0.25   Random
0.567751  850  0.35   Random
-0.0798695  850  0.45   Random
0.658722  850  0.55   Random
3.04893  850  0.65   Random
6.76855  850  0.75   Random
0  850  0.85   Random
0  850  0.95   Random
1.86366  870  -0.95   Random
0.203439  870  -0.85   Random
-0.88037  870  -0.75   Random
0.102261  870  -0.65   Random
0.281173  870  -0.55   Random
0.663892  870  -0.45   Random
-0.502304  870  -0.35   Random
-0.231229  870  -0.25   Random
-0.114705  870  -0.15   Random
-0.272139  870  -0.05   Random
0.408492  870  0.05   Random
-0.484762  870  0.15   Random
0.960198  870  0.25   Random
-0.39442  870  0.35   Random
0  870  0.45   Random
-1.73444  870  0.55   Random
-1.29765  870  0.65   Random
-4.05563e-06  870  0.75   Random
0  870  0.85   Random
0  870  0.95   Random
0.000805154  890  -0.95   Random
-0.484633  890  -0.85   Random
0.0690386  890  -0.75   Random
-0.240388  890  -0.65   Random
-0.393172  890  -0.55   Random
-1.11758  890  -0.45   Random
0.982028  890  -0.35   Random
0.0127043  890  -0.25   Random
0.35091  890  -0.15   Random
0.172727  890  -0.05   Random
0.446566  890  0.05   Random
0.574164  890  0.15   Random
0.495023  890  0.25   Random
-0.814817  890  0.35   Random
0.895895  890  0.45   Random
0.623038  890  0.55   Random
-0.198024  890  0.65   Random
0.000379807  890  0.75   Random
0  890  0.85   Random
0  890  0.95   Random
24.5182  910  -0.95   Random
-0.266555  910  -0.85   Random
1.01076  910  -0.75   Random
-0.28057  910  -0.65   Random
0.916111  910  -0.55   Random
2.28909  910  -0.45   Random
1.60624  910  -0.35   Random
1.83684  910  -0.25   Random
-0.525006  910  -0.15   Random
1.25284  910  -0.05   Random
-0.244517  910  0.05   Random
-0.46135  910  0.15   Random
0.692424  910  0.25   Random
1.16723  910  0.35   Random
2.35812  910  0.45   Random
1.63029  910  0.55   Random
11.2975  910  0.65   Random
0  910  0.75   Random
-9.46319e-06  910  0.85   Random
0  910  0.95   Random
0  110  -0.95   Sig
0  110  -0.85   Sig
0  110  -0.75   Sig
0  110  -0.65   Sig
0  110  -0.55   Sig
0  110  -0.45   Sig
0  110  -0.35   Sig
0  110  -0.25   Sig
0  110  -0.15   Sig
-1175.58  110  -0.05   Sig
0  110  0.05   Sig
0  110  0.15   Sig
0  110  0.25   Sig
0  110  0.35   Sig
0  110  0.45   Sig
0  110  0.55   Sig
0  110  0.65   Sig
0  110  0.75   Sig
0  110  0.85   Sig
0  110  0.95   Sig
0  130  -0.95   Sig
0  130  -0.85   Sig
0  130  -0.75   Sig
0  130  -0.65   Sig
0  130  -0.55   Sig
0  130  -0.45   Sig
0  130  -0.35   Sig
0  130  -0.25   Sig
0  130  -0.15   Sig
0  130  -0.05   Sig
0  130  0.05   Sig
0  130  0.15   Sig
0  130  0.25   Sig
0  130  0.35   Sig
0  130  0.45   Sig
0  130  0.55   Sig
0  130  0.65   Sig
2307.61  130  0.75   Sig
0  130  0.85   Sig
0  130  0.95   Sig
0  150  -0.95   Sig
0  150  -0.85   Sig
0  150  -0.75   Sig
0  150  -0.65   Sig
0  150  -0.55   Sig
0  150  -0.45   Sig
-430.998  150  -0.35   Sig
0  150  -0.25   Sig
0  150  -0.15   Sig
0  150  -0.05   Sig
0  150  0.05   Sig
0  150  0.15   Sig
0  150  0.25   Sig
0  150  0.35   Sig
0  150  0.45   Sig
0  150  0.55   Sig
0  150  0.65   Sig
0  150  0.75   Sig
0  150  0.85   Sig
0  150  0.95   Sig
0  170  -0.95   Sig
0  170  -0.85   Sig
0  170  -0.75   Sig
0  170  -0.65   Sig
0  170  -0.55   Sig
0  170  -0.45   Sig
0  170  -0.35   Sig
0  170  -0.25   Sig
0  170  -0.15   Sig
0  170  -0.05   Sig
0  170  0.05   Sig
0  170  0.15   Sig
0  170  0.25   Sig
0  170  0.35   Sig
0  170  0.45   Sig
0  170  0.55   Sig
0  170  0.65   Sig
0  170  0.75   Sig
0  170  0.85   Sig
0  170  0.95   Sig
0  190  -0.95   Sig
0  190  -0.85   Sig
0  190  -0.75   Sig
0  190  -0.65   Sig
0  190  -0.55   Sig
0  190  -0.45   Sig
0  190  -0.35   Sig
-453.324  190  -0.25   Sig
0  190  -0.15   Sig
0  190  -0.05   Sig
0  190  0.05   Sig
0  190  0.15   Sig
0  190  0.25   Sig
0  190  0.35   Sig
0  190  0.45   Sig
0  190  0.55   Sig
0  190  0.65   Sig
-210.773  190  0.75   Sig
0  190  0.85   Sig
0  190  0.95   Sig
0  210  -0.95   Sig
0  210  -0.85   Sig
0  210  -0.75   Sig
0  210  -0.65   Sig
0  210  -0.55   Sig
0  210  -0.45   Sig
-97.3556  210  -0.35   Sig
0  210  -0.25   Sig
0  210  -0.15   Sig
0  210  -0.05   Sig
0  210  0.05   Sig
-102.374  210  0.15   Sig
0  210  0.25   Sig
0  210  0.35   Sig
0  210  0.45   Sig
0  210  0.55   Sig
0  210  0.65   Sig
0  210  0.75   Sig
0  210  0.85   Sig
0  210  0.95   Sig
0  230  -0.95   Sig
0  230  -0.85   Sig
0  230  -0.75   Sig
0  230  -0.65   Sig
0  230  -0.55   Sig
0  230  -0.45   Sig
0  230  -0.35   Sig
0  230  -0.25   Sig
0  230  -0.15   Sig
0  230  -0.05   Sig
0  230  0.05   Sig
0  230  0.15   Sig
0  230  0.25   Sig
0  230  0.35   Sig
0  230  0.45   Sig
0  230  0.55   Sig
0  230  0.65   Sig
0  230  0.75   Sig
0  230  0.85   Sig
0  230  0.95   Sig
0  250  -0.95   Sig
0  250  -0.85   Sig
0  250  -0.75   Sig
0  250  -0.65   Sig
0  250  -0.55   Sig
135.093  250  -0.45   Sig
0  250  -0.35   Sig
-30.9049  250  -0.25   Sig
0  250  -0.15   Sig
-5.67571  250  -0.05   Sig
-130.668  250  0.05   Sig
0  250  0.15   Sig
-168.868  250  0.25   Sig
0  250  0.35   Sig
0  250  0.45   Sig
0  250  0.55   Sig
135.093  250  0.65   Sig
0  250  0.75   Sig
0  250  0.85   Sig
0  250  0.95   Sig
-4.85587  270  -0.95   Sig
0.0133289  270  -0.85   Sig
0  270  -0.75   Sig
44.2589  270  -0.65   Sig
-42.8136  270  -0.55   Sig
0  270  -0.45   Sig
0  270  -0.35   Sig
0.000205341  270  -0.25   Sig
-20.902  270  -0.15   Sig
0.000111947  270  -0.05   Sig
0.029556  270  0.05   Sig
-0.314696  270  0.15   Sig
0  270  0.25   Sig
0  270  0.35   Sig
0  270  0.45   Sig
0  270  0.55   Sig
0  270  0.65   Sig
44.4069  270  0.75   Sig
0  270  0.85   Sig
0  270  0.95   Sig
0  290  -0.95   Sig
0  290  -0.85   Sig
0  290  -0.75   Sig
-10.9681  290  -0.65   Sig
-0.000573085  290  -0.55   Sig
1.84181  290  -0.45   Sig
0  290  -0.35   Sig
0  290  -0.25   Sig
-1.09954  290  -0.15   Sig
-4.85966  290  -0.05   Sig
-1.38467  290  0.05   Sig
-4.61787  290  0.15   Sig
2.29813  290  0.25   Sig
0  290  0.35   Sig
0  290  0.45   Sig
0  290  0.55   Sig
0  290  0.65   Sig
0  290  0.75   Sig
0.781313  290  0.85   Sig
0  290  0.95   Sig
2.5272e-05  310  -0.95   Sig
0.215866  310  -0.85   Sig
-21.2625  310  -0.75   Sig
0  310  -0.65   Sig
0  310  -0.55   Sig
4.15269  310  -0.45   Sig
-5.47504  310  -0.35   Sig
2.49439  310  -0.25   Sig
2.79794  310  -0.15   Sig
-1.76711  310  -0.05   Sig
-1.01936  310  0.05   Sig
0.761071  310  0.15   Sig
0.167263  310  0.25   Sig
6.81457  310  0.35   Sig
0.343846  310  0.45   Sig
-20.9417  310  0.55   Sig
0  310  0.65   Sig
24.0194  310  0.75   Sig
-64.1998  310  0.85   Sig
0  310  0.95   Sig
0  330  -0.95   Sig
0.00241116  330  -0.85   Sig
-0.854788  330  -0.75   Sig
-3.43497  330  -0.65   Sig
0.885052  330  -0.55   Sig
-2.85406  330  -0.45   Sig
-0.366001  330  -0.35   Sig
1.81483  330  -0.25   Sig
-2.75146  330  -0.15   Sig
4.65428  330  -0.05   Sig
-6.09101  330  0.05   Sig
-0.582731  330  0.15   Sig
0.521578  330  0.25   Sig
3.14973  330  0.35   Sig
0  330  0.45   Sig
5.47548e-09  330  0.55   Sig
9.76048e-06  330  0.65   Sig
0  330  0.75   Sig
0  330  0.85   Sig
0  330  0.95   Sig
-0.0117752  350  -0.95   Sig
-1.54549  350  -0.85   Sig
1.35114  350  -0.75   Sig
1.29593  350  -0.65   Sig
1.25351  350  -0.55   Sig
-1.15374  350  -0.45   Sig
-0.658142  350  -0.35   Sig
-0.846944  350  -0.25   Sig
0.297849  350  -0.15   Sig
0.234428  350  -0.05   Sig
-0.124822  350  0.05   Sig
-0.834851  350  0.15   Sig
-35.9846  350  0.25   Sig
0.632648  350  0.35   Sig
1.20426  350  0.45   Sig
-0.191292  350  0.55   Sig
0  350  0.65   Sig
0  350  0.75   Sig
0  350  0.85   Sig
0  350  0.95   Sig
1.32789  370  -0.95   Sig
-0.184029  370  -0.85   Sig
-0.060193  370  -0.75   Sig
0.0930053  370  -0.65   Sig
0.455046  370  -0.55   Sig
0.451912  370  -0.45   Sig
0.636601  370  -0.35   Sig
0.318902  370  -0.25   Sig
0.88017  370  -0.15   Sig
0.175678  370  -0.05   Sig
0.0434351  370  0.05   Sig
11.1572  370  0.15   Sig
0  370  0.25   Sig
-0.84223  370  0.35   Sig
2.10613  370  0.45   Sig
-0.216668  370  0.55   Sig
8.79598e-06  370  0.65   Sig
0  370  0.75   Sig
0  370  0.85   Sig
0  370  0.95   Sig
-0.300002  390  -0.95   Sig
-0.0646473  390  -0.85   Sig
0.482304  390  -0.75   Sig
0.399843  390  -0.65   Sig
0.287765  390  -0.55   Sig
0.403209  390  -0.45   Sig
0.381699  390  -0.35   Sig
0.461722  390  -0.25   Sig
0.720007  390  -0.15   Sig
0.640099  390  -0.05   Sig
0  390  0.05   Sig
-1.38797  390  0.15   Sig
-9.36497  390  0.25   Sig
5.18357e-07  390  0.35   Sig
3.29465  390  0.45   Sig
0.0974944  390  0.55   Sig
-2.03978e-07  390  0.65   Sig
0  390  0.75   Sig
-9.23682  390  0.85   Sig
0  390  0.95   Sig
0.224905  410  -0.95   Sig
0.588183  410  -0.85   Sig
0.66612  410  -0.75   Sig
0.797638  410  -0.65   Sig
9.7595  410  -0.55   Sig
-0.0276201  410  -0.45   Sig
0.696534  410  -0.35   Sig
0  410  -0.25   Sig
0.708013  410  -0.15   Sig
0.54807  410  -0.05   Sig
0.413712  410  0.05   Sig
0.674053  410  0.15   Sig
0.311664  410  0.25   Sig
0.91977  410  0.35   Sig
3.42202  410  0.45   Sig
-0.441499  410  0.55   Sig
0.00246405  410  0.65   Sig
0  410  0.75   Sig
-7.1875  410  0.85   Sig
0  410  0.95   Sig
3.18347  430  -0.95   Sig
0.94937  430  -0.85   Sig
0.586042  430  -0.75   Sig
0.623264  430  -0.65   Sig
0.704161  430  -0.55   Sig
0.713896  430  -0.45   Sig
-6.18392e-05  430  -0.35   Sig
-0.00064285  430  -0.25   Sig
0.712844  430  -0.15   Sig
0.693365  430  -0.05   Sig
0.43298  430  0.05   Sig
0.594455  430  0.15   Sig
0.279641  430  0.25   Sig
-5.0933  430  0.35   Sig
0.920571  430  0.45   Sig
-0.0505897  430  0.55   Sig
-0.00379086  430  0.65   Sig
1.56457  430  0.75   Sig
0  430  0.85   Sig
0  430  0.95   Sig
1.12761  450  -0.95   Sig
0.492656  450  -0.85   Sig
0.679952  450  -0.75   Sig
0.733733  450  -0.65   Sig
0.723268  450  -0.55   Sig
0.672765  450  -0.45   Sig
0.69424  450  -0.35   Sig
0.649806  450  -0.25   Sig
0.701461  450  -0.15   Sig
0.618226  450  -0.05   Sig
0.645575  450  0.05   Sig
0.520572  450  0.15   Sig
0.274663  450  0.25   Sig
0.29856  450  0.35   Sig
-0.288423  450  0.45   Sig
-0.0373508  450  0.55   Sig
-0.164733  450  0.65   Sig
0  450  0.75   Sig
0  450  0.85   Sig
0  450  0.95   Sig
0.85659  470  -0.95   Sig
0.679772  470  -0.85   Sig
0.829427  470  -0.75   Sig
0.729353  470  -0.65   Sig
0.703852  470  -0.55   Sig
0.755364  470  -0.45   Sig
0.739321  470  -0.35   Sig
0.706756  470  -0.25   Sig
0.688894  470  -0.15   Sig
0.603051  470  -0.05   Sig
0.615312  470  0.05   Sig
0.534034  470  0.15   Sig
0.484169  470  0.25   Sig
0.431854  470  0.35   Sig
0.481503  470  0.45   Sig
-0.226352  470  0.55   Sig
-9.09424e-06  470  0.65   Sig
0.000580398  470  0.75   Sig
0.000109822  470  0.85   Sig
0  470  0.95   Sig
0.835147  490  -0.95   Sig
0.656017  490  -0.85   Sig
0.774875  490  -0.75   Sig
0.762377  490  -0.65   Sig
0.743781  490  -0.55   Sig
0.735502  490  -0.45   Sig
0.768821  490  -0.35   Sig
0.731727  490  -0.25   Sig
0.740825  490  -0.15   Sig
0.655562  490  -0.05   Sig
0.646775  490  0.05   Sig
0.591691  490  0.15   Sig
0.644874  490  0.25   Sig
0.369836  490  0.35   Sig
0.339241  490  0.45   Sig
0.34142  490  0.55   Sig
1.25216  490  0.65   Sig
0.95398  490  0.75   Sig
0  490  0.85   Sig
0  490  0.95   Sig
0.437772  510  -0.95   Sig
0.810496  510  -0.85   Sig
0.789003  510  -0.75   Sig
0.777672  510  -0.65   Sig
0.730383  510  -0.55   Sig
0.795238  510  -0.45   Sig
0.776573  510  -0.35   Sig
0.745647  510  -0.25   Sig
0.727637  510  -0.15   Sig
0.669247  510  -0.05   Sig
0.6041  510  0.05   Sig
0.708566  510  0.15   Sig
0.489473  510  0.25   Sig
0.578042  510  0.35   Sig
0.466756  510  0.45   Sig
-0.114328  510  0.55   Sig
-0.00124171  510  0.65   Sig
3.52242  510  0.75   Sig
-1.79022  510  0.85   Sig
0  510  0.95   Sig
0.967972  530  -0.95   Sig
0.776375  530  -0.85   Sig
0.711611  530  -0.75   Sig
0.806936  530  -0.65   Sig
0.743864  530  -0.55   Sig
0.785087  530  -0.45   Sig
0.772301  530  -0.35   Sig
0.79301  530  -0.25   Sig
0.70236  530  -0.15   Sig
0.690854  530  -0.05   Sig
0.69186  530  0.05   Sig
0.621086  530  0.15   Sig
0.579796  530  0.25   Sig
0.468145  530  0.35   Sig
0.358662  530  0.45   Sig
0.322725  530  0.55   Sig
1.19121  530  0.65   Sig
0.00151381  530  0.75   Sig
1.95315e-06  530  0.85   Sig
0  530  0.95   Sig
-2.02591e-06  550  -0.95   Sig
0.944303  550  -0.85   Sig
0.780613  550  -0.75   Sig
0.78929  550  -0.65   Sig
0.753465  550  -0.55   Sig
0.778619  550  -0.45   Sig
0.764114  550  -0.35   Sig
0.795467  550  -0.25   Sig
0.681997  550  -0.15   Sig
0.69459  550  -0.05   Sig
0.625363  550  0.05   Sig
0.634683  550  0.15   Sig
0.59103  550  0.25   Sig
0.495276  550  0.35   Sig
0.215761  550  0.45   Sig
0.0895446  550  0.55   Sig
-0.280951  550  0.65   Sig
0  550  0.75   Sig
0.00043001  550  0.85   Sig
0  550  0.95   Sig
-0.262491  570  -0.95   Sig
0.671306  570  -0.85   Sig
0.70603  570  -0.75   Sig
0.785366  570  -0.65   Sig
0.71415  570  -0.55   Sig
0.824871  570  -0.45   Sig
0.804412  570  -0.35   Sig
0.76179  570  -0.25   Sig
0.72398  570  -0.15   Sig
0.700982  570  -0.05   Sig
0.646873  570  0.05   Sig
0.606651  570  0.15   Sig
0.496663  570  0.25   Sig
0.478791  570  0.35   Sig
0.269734  570  0.45   Sig
0.190235  570  0.55   Sig
0.0333933  570  0.65   Sig
-0.000140119  570  0.75   Sig
0  570  0.85   Sig
0  570  0.95   Sig
0.354487  590  -0.95   Sig
0.654407  590  -0.85   Sig
0.707667  590  -0.75   Sig
0.781923  590  -0.65   Sig
0.763609  590  -0.55   Sig
0.797943  590  -0.45   Sig
0.788971  590  -0.35   Sig
0.781293  590  -0.25   Sig
0.70622  590  -0.15   Sig
0.704468  590  -0.05   Sig
0.664083  590  0.05   Sig
0.619224  590  0.15   Sig
0.594821  590  0.25   Sig
0.467297  590  0.35   Sig
0.439573  590  0.45   Sig
0.2457  590  0.55   Sig
-0.258092  590  0.65   Sig
-0.477775  590  0.75   Sig
-6.08302  590  0.85   Sig
0  590  0.95   Sig
0.386662  610  -0.95   Sig
0.871376  610  -0.85   Sig
0.790818  610  -0.75   Sig
0.774854  610  -0.65   Sig
0.753269  610  -0.55   Sig
0.805488  610  -0.45   Sig
0.875102  610  -0.35   Sig
0.762195  610  -0.25   Sig
0.764064  610  -0.15   Sig
0.721963  610  -0.05   Sig
0.709101  610  0.05   Sig
0.693442  610  0.15   Sig
0.630861  610  0.25   Sig
0.527454  610  0.35   Sig
0.441538  610  0.45   Sig
0.178192  610  0.55   Sig
0.0488387  610  0.65   Sig
8.0043e-05  610  0.75   Sig
0  610  0.85   Sig
0  610  0.95   Sig
0.295099  630  -0.95   Sig
0.595518  630  -0.85   Sig
0.637938  630  -0.75   Sig
0.777574  630  -0.65   Sig
0.710629  630  -0.55   Sig
0.836559  630  -0.45   Sig
0.925075  630  -0.35   Sig
0.827952  630  -0.25   Sig
0.815266  630  -0.15   Sig
0.812861  630  -0.05   Sig
0.720766  630  0.05   Sig
0.691785  630  0.15   Sig
0.604617  630  0.25   Sig
0.586471  630  0.35   Sig
0.643739  630  0.45   Sig
0.165527  630  0.55   Sig
0.0532992  630  0.65   Sig
0.124739  630  0.75   Sig
-0.109603  630  0.85   Sig
0  630  0.95   Sig
-0.262508  650  -0.95   Sig
0.702899  650  -0.85   Sig
0.988026  650  -0.75   Sig
0.703833  650  -0.65   Sig
0.952943  650  -0.55   Sig
0.625289  650  -0.45   Sig
0.766204  650  -0.35   Sig
0.722999  650  -0.25   Sig
0.715343  650  -0.15   Sig
0.68062  650  -0.05   Sig
0.792919  650  0.05   Sig
0.601823  650  0.15   Sig
0.824299  650  0.25   Sig
0.640903  650  0.35   Sig
0.590039  650  0.45   Sig
-0.336077  650  0.55   Sig
1.06101  650  0.65   Sig
3.9413e-05  650  0.75   Sig
0  650  0.85   Sig
0  650  0.95   Sig
0.211249  670  -0.95   Sig
-2.58498  670  -0.85   Sig
0.654289  670  -0.75   Sig
1.10759  670  -0.65   Sig
1.23941  670  -0.55   Sig
1.2763  670  -0.45   Sig
0.428054  670  -0.35   Sig
0.746519  670  -0.25   Sig
0.522814  670  -0.15   Sig
0.383974  670  -0.05   Sig
1.14159  670  0.05   Sig
0.586647  670  0.15   Sig
1.48044  670  0.25   Sig
0.743263  670  0.35   Sig
0.880675  670  0.45   Sig
0.125187  670  0.55   Sig
2.72435  670  0.65   Sig
0  670  0.75   Sig
0  670  0.85   Sig
0  670  0.95   Sig
-3.41251  690  -0.95   Sig
-2.2776  690  -0.85   Sig
0.851975  690  -0.75   Sig
0.578684  690  -0.65   Sig
1.19771  690  -0.55   Sig
0.659128  690  -0.45   Sig
-0.0673386  690  -0.35   Sig
0.924189  690  -0.25   Sig
0.927836  690  -0.15   Sig
0.644924  690  -0.05   Sig
0.927769  690  0.05   Sig
0.780691  690  0.15   Sig
0.548898  690  0.25   Sig
1.1992  690  0.35   Sig
0.925361  690  0.45   Sig
1.43868  690  0.55   Sig
1.02041  690  0.65   Sig
-0.000109213  690  0.75   Sig
0.00096445  690  0.85   Sig
0  690  0.95   Sig
1.88038  710  -0.95   Sig
-1.13659  710  -0.85   Sig
0.895089  710  -0.75   Sig
-0.24566  710  -0.65   Sig
1.00403  710  -0.55   Sig
1.18795  710  -0.45   Sig
0.265986  710  -0.35   Sig
0.731315  710  -0.25   Sig
0.616752  710  -0.15   Sig
1.25495  710  -0.05   Sig
0.535415  710  0.05   Sig
0.987753  710  0.15   Sig
0.453969  710  0.25   Sig
0.978778  710  0.35   Sig
0.88959  710  0.45   Sig
-0.390829  710  0.55   Sig
0.239666  710  0.65   Sig
19.1041  710  0.75   Sig
-21.0234  710  0.85   Sig
0  710  0.95   Sig
-1.4515  730  -0.95   Sig
0.664054  730  -0.85   Sig
1.64862  730  -0.75   Sig
-0.13903  730  -0.65   Sig
1.02287  730  -0.55   Sig
0.645731  730  -0.45   Sig
0.876626  730  -0.35   Sig
0.412587  730  -0.25   Sig
0.452475  730  -0.15   Sig
0.662338  730  -0.05   Sig
0.575761  730  0.05   Sig
0.400674  730  0.15   Sig
-0.0192067  730  0.25   Sig
0.434597  730  0.35   Sig
0.6246  730  0.45   Sig
1.24599  730  0.55   Sig
2.59385  730  0.65   Sig
5.42703  730  0.75   Sig
0  730  0.85   Sig
0  730  0.95   Sig
-0.73973  750  -0.95   Sig
0.0979824  750  -0.85   Sig
0.455309  750  -0.75   Sig
0.0254459  750  -0.65   Sig
0.737568  750  -0.55   Sig
0.59682  750  -0.45   Sig
0.714943  750  -0.35   Sig
0.458715  750  -0.25   Sig
0.395669  750  -0.15   Sig
0.345111  750  -0.05   Sig
0.813761  750  0.05   Sig
0.846486  750  0.15   Sig
0.13086  750  0.25   Sig
0.62461  750  0.35   Sig
0.500043  750  0.45   Sig
0.832857  750  0.55   Sig
1.16672  750  0.65   Sig
-13.728  750  0.75   Sig
-11.996  750  0.85   Sig
0  750  0.95   Sig
0.494784  770  -0.95   Sig
0.434836  770  -0.85   Sig
0.728695  770  -0.75   Sig
0.257699  770  -0.65   Sig
0.514224  770  -0.55   Sig
0.472742  770  -0.45   Sig
0.896266  770  -0.35   Sig
0.28237  770  -0.25   Sig
0.402147  770  -0.15   Sig
0.34853  770  -0.05   Sig
0.632339  770  0.05   Sig
0.613144  770  0.15   Sig
0.301727  770  0.25   Sig
0.403669  770  0.35   Sig
0.43687  770  0.45   Sig
0.724285  770  0.55   Sig
0.949846  770  0.65   Sig
-11.8234  770  0.75   Sig
0  770  0.85   Sig
0  770  0.95   Sig
0.131805  790  -0.95   Sig
-1.14033  790  -0.85   Sig
0.901494  790  -0.75   Sig
0.0803766  790  -0.65   Sig
0.319433  790  -0.55   Sig
1.05616  790  -0.45   Sig
0.542615  790  -0.35   Sig
0.726882  790  -0.25   Sig
0.794841  790  -0.15   Sig
0.984896  790  -0.05   Sig
0.481893  790  0.05   Sig
0.287445  790  0.15   Sig
0.871013  790  0.25   Sig
0.35462  790  0.35   Sig
0.512805  790  0.45   Sig
1.06196  790  0.55   Sig
1.14603  790  0.65   Sig
-0.000316212  790  0.75   Sig
0  790  0.85   Sig
0  790  0.95   Sig
0.322183  810  -0.95   Sig
0.682828  810  -0.85   Sig
0.664219  810  -0.75   Sig
0.491795  810  -0.65   Sig
0.218664  810  -0.55   Sig
0.344631  810  -0.45   Sig
0.531051  810  -0.35   Sig
0.792475  810  -0.25   Sig
0.609568  810  -0.15   Sig
0.520574  810  -0.05   Sig
0.28375  810  0.05   Sig
0.428518  810  0.15   Sig
0.505371  810  0.25   Sig
0.633686  810  0.35   Sig
0.533668  810  0.45   Sig
0.854478  810  0.55   Sig
0.729334  810  0.65   Sig
26.3464  810  0.75   Sig
0  810  0.85   Sig
0  810  0.95   Sig
0.688158  830  -0.95   Sig
0.337464  830  -0.85   Sig
0.537117  830  -0.75   Sig
0.485599  830  -0.65   Sig
-0.0765545  830  -0.55   Sig
0.201274  830  -0.45   Sig
0.274702  830  -0.35   Sig
0.38309  830  -0.25   Sig
0.418107  830  -0.15   Sig
0.598059  830  -0.05   Sig
0.515864  830  0.05   Sig
0.541398  830  0.15   Sig
0.676534  830  0.25   Sig
0.548478  830  0.35   Sig
0.431286  830  0.45   Sig
0.665791  830  0.55   Sig
0.653352  830  0.65   Sig
0.109797  830  0.75   Sig
0  830  0.85   Sig
0  830  0.95   Sig
-3.87888  850  -0.95   Sig
0.109356  850  -0.85   Sig
0.434038  850  -0.75   Sig
0.378278  850  -0.65   Sig
0.337899  850  -0.55   Sig
0.169796  850  -0.45   Sig
0.336932  850  -0.35   Sig
0.261784  850  -0.25   Sig
0.263327  850  -0.15   Sig
0.251612  850  -0.05   Sig
0.168778  850  0.05   Sig
0.385422  850  0.15   Sig
0.543158  850  0.25   Sig
0.63543  850  0.35   Sig
0.314414  850  0.45   Sig
0.332351  850  0.55   Sig
0.111292  850  0.65   Sig
1.51868  850  0.75   Sig
0  850  0.85   Sig
0  850  0.95   Sig
0.357159  870  -0.95   Sig
-0.0533497  870  -0.85   Sig
0.669937  870  -0.75   Sig
0.371106  870  -0.65   Sig
0.396339  870  -0.55   Sig
0.149114  870  -0.45   Sig
0.497561  870  -0.35   Sig
0.487644  870  -0.25   Sig
0.698869  870  -0.15   Sig
0.546946  870  -0.05   Sig
0.262301  870  0.05   Sig
0.530005  870  0.15   Sig
0.410353  870  0.25   Sig
0.417192  870  0.35   Sig
-9.3766  870  0.45   Sig
0.730264  870  0.55   Sig
0.569066  870  0.65   Sig
0  870  0.75   Sig
0  870  0.85   Sig
0  870  0.95   Sig
0  890  -0.95   Sig
0.116552  890  -0.85   Sig
0.243794  890  -0.75   Sig
0.691966  890  -0.65   Sig
0.0355472  890  -0.55   Sig
0.325895  890  -0.45   Sig
0.0894713  890  -0.35   Sig
0.325293  890  -0.25   Sig
0.401108  890  -0.15   Sig
0.48632  890  -0.05   Sig
0.45662  890  0.05   Sig
0.524153  890  0.15   Sig
0.309592  890  0.25   Sig
0.70587  890  0.35   Sig
0.446361  890  0.45   Sig
0.389728  890  0.55   Sig
0.557616  890  0.65   Sig
-0.00421147  890  0.75   Sig
0  890  0.85   Sig
0  890  0.95   Sig
-0.763463  910  -0.95   Sig
-0.281501  910  -0.85   Sig
1.66289  910  -0.75   Sig
0.12892  910  -0.65   Sig
0.180481  910  -0.55   Sig
0.111902  910  -0.45   Sig
-0.327264  910  -0.35   Sig
0.800094  910  -0.25   Sig
0.516233  910  -0.15   Sig
0.314795  910  -0.05   Sig
0.732944  910  0.05   Sig
-0.0298885  910  0.15   Sig
-0.516947  910  0.25   Sig
-0.229157  910  0.35   Sig
0.742536  910  0.45   Sig
1.66406  910  0.55   Sig
-0.564465  910  0.65   Sig
-35.5475  910  0.75   Sig
0.00218294  910  0.85   Sig
0  910  0.95   Sig
0  110  -0.95   Cut1
0  110  -0.85   Cut1
0  110  -0.75   Cut1
0  110  -0.65   Cut1
0  110  -0.55   Cut1
0  110  -0.45   Cut1
0  110  -0.35   Cut1
0  110  -0.25   Cut1
0  110  -0.15   Cut1
0  110  -0.05   Cut1
0  110  0.05   Cut1
0  110  0.15   Cut1
0  110  0.25   Cut1
0  110  0.35   Cut1
0  110  0.45   Cut1
0  110  0.55   Cut1
0  110  0.65   Cut1
131.027  110  0.75   Cut1
44.1214  110  0.85   Cut1
0  110  0.95   Cut1
0  130  -0.95   Cut1
0  130  -0.85   Cut1
357.78  130  -0.75   Cut1
-523.095  130  -0.65   Cut1
107.85  130  -0.55   Cut1
-218.109  130  -0.45   Cut1
209.525  130  -0.35   Cut1
-120.575  130  -0.25   Cut1
-46.4892  130  -0.15   Cut1
66.4682  130  -0.05   Cut1
-118.19  130  0.05   Cut1
36.486  130  0.15   Cut1
66.1764  130  0.25   Cut1
33.0226  130  0.35   Cut1
200.265  130  0.45   Cut1
-171.865  130  0.55   Cut1
103.794  130  0.65   Cut1
-26.4456  130  0.75   Cut1
132.163  130  0.85   Cut1
79.8619  130  0.95   Cut1
25.8148  150  -0.95   Cut1
-8.6463  150  -0.85   Cut1
-13.8099  150  -0.75   Cut1
28.1747  150  -0.65   Cut1
-6.80186  150  -0.55   Cut1
7.81697  150  -0.45   Cut1
-6.45358  150  -0.35   Cut1
21.0214  150  -0.25   Cut1
-17.3918  150  -0.15   Cut1
28.3583  150  -0.05   Cut1
27.9571  150  0.05   Cut1
5.67836  150  0.15   Cut1
-4.27437  150  0.25   Cut1
12.5117  150  0.35   Cut1
5.22442  150  0.45   Cut1
-11.3412  150  0.55   Cut1
5.30387  150  0.65   Cut1
36.2426  150  0.75   Cut1
26.3201  150  0.85   Cut1
23.2935  150  0.95   Cut1
-17.6103  170  -0.95   Cut1
6.29418  170  -0.85   Cut1
5.31576  170  -0.75   Cut1
-2.0157  170  -0.65   Cut1
2.88388  170  -0.55   Cut1
-8.49209  170  -0.45   Cut1
-6.14204  170  -0.35   Cut1
15.3404  170  -0.25   Cut1
1.06745  170  -0.15   Cut1
4.7879  170  -0.05   Cut1
-2.91382  170  0.05   Cut1
3.05614  170  0.15   Cut1
4.89332  170  0.25   Cut1
10.6877  170  0.35   Cut1
-1.64294  170  0.45   Cut1
7.73259  170  0.55   Cut1
8.91702  170  0.65   Cut1
14.7837  170  0.75   Cut1
10.2534  170  0.85   Cut1
12.1089  170  0.95   Cut1
-2.5292  190  -0.95   Cut1
3.92432  190  -0.85   Cut1
8.868  190  -0.75   Cut1
-5.25174  190  -0.65   Cut1
3.72936  190  -0.55   Cut1
-15.1532  190  -0.45   Cut1
-0.479108  190  -0.35   Cut1
0.622943  190  -0.25   Cut1
-4.06876  190  -0.15   Cut1
1.04337  190  -0.05   Cut1
1.10339  190  0.05   Cut1
-3.69015  190  0.15   Cut1
4.90519  190  0.25   Cut1
11.0352  190  0.35   Cut1
-0.571834  190  0.45   Cut1
4.58918  190  0.55   Cut1
0.944977  190  0.65   Cut1
9.84809  190  0.75   Cut1
10.6506  190  0.85   Cut1
5.70649  190  0.95   Cut1
3.62041  210  -0.95   Cut1
4.12812  210  -0.85   Cut1
0.137956  210  -0.75   Cut1
-2.88243  210  -0.65   Cut1
-0.95705  210  -0.55   Cut1
-1.62555  210  -0.45   Cut1
-0.22777  210  -0.35   Cut1
3.32251  210  -0.25   Cut1
-2.47261  210  -0.15   Cut1
-0.0449424  210  -0.05   Cut1
-0.478356  210  0.05   Cut1
0.117282  210  0.15   Cut1
-0.886166  210  0.25   Cut1
1.82255  210  0.35   Cut1
0.263373  210  0.45   Cut1
2.69466  210  0.55   Cut1
3.04475  210  0.65   Cut1
3.33046  210  0.75   Cut1
1.43272  210  0.85   Cut1
-4.69164  210  0.95   Cut1
2.27727  230  -0.95   Cut1
-0.175291  230  -0.85   Cut1
-0.705303  230  -0.75   Cut1
-1.84204  230  -0.65   Cut1
-1.53697  230  -0.55   Cut1
-0.34044  230  -0.45   Cut1
-0.72313  230  -0.35   Cut1
1.07118  230  -0.25   Cut1
-1.4077  230  -0.15   Cut1
0.421153  230  -0.05   Cut1
-1.53769  230  0.05   Cut1
-1.13543  230  0.15   Cut1
1.14843  230  0.25   Cut1
1.54506  230  0.35   Cut1
1.90214  230  0.45   Cut1
2.70467  230  0.55   Cut1
1.75144  230  0.65   Cut1
2.3626  230  0.75   Cut1
0.259642  230  0.85   Cut1
0.681374  230  0.95   Cut1
-0.574174  250  -0.95   Cut1
0.762009  250  -0.85   Cut1
0.260168  250  -0.75   Cut1
-0.503122  250  -0.65   Cut1
0.234558  250  -0.55   Cut1
-0.117742  250  -0.45   Cut1
-0.260466  250  -0.35   Cut1
0.238499  250  -0.25   Cut1
-0.983523  250  -0.15   Cut1
-0.321918  250  -0.05   Cut1
0.117253  250  0.05   Cut1
0.178004  250  0.15   Cut1
0.303266  250  0.25   Cut1
1.03015  250  0.35   Cut1
0.652003  250  0.45   Cut1
1.19686  250  0.55   Cut1
2.1078  250  0.65   Cut1
1.69935  250  0.75   Cut1
0.627983  250  0.85   Cut1
-0.426195  250  0.95   Cut1
-0.757638  270  -0.95   Cut1
-0.180882  270  -0.85   Cut1
0.703523  270  -0.75   Cut1
-0.49355  270  -0.65   Cut1
0.0850863  270  -0.55   Cut1
0.107175  270  -0.45   Cut1
0.344878  270  -0.35   Cut1
0.147557  270  -0.25   Cut1
0.377779  270  -0.15   Cut1
-0.487911  270  -0.05   Cut1
-0.310358  270  0.05   Cut1
-0.107405  270  0.15   Cut1
-0.110563  270  0.25   Cut1
-0.142761  270  0.35   Cut1
0.359057  270  0.45   Cut1
0.682483  270  0.55   Cut1
0.820314  270  0.65   Cut1
0.661424  270  0.75   Cut1
0.860006  270  0.85   Cut1
0.255183  270  0.95   Cut1
0.221131  290  -0.95   Cut1
-0.0866323  290  -0.85   Cut1
0.684492  290  -0.75   Cut1
0.583472  290  -0.65   Cut1
0.487751  290  -0.55   Cut1
0.316962  290  -0.45   Cut1
0.596206  290  -0.35   Cut1
0.614361  290  -0.25   Cut1
0.440264  290  -0.15   Cut1
-0.25437  290  -0.05   Cut1
-0.0282513  290  0.05   Cut1
0.295519  290  0.15   Cut1
-0.475662  290  0.25   Cut1
0.289874  290  0.35   Cut1
0.435587  290  0.45   Cut1
0.258151  290  0.55   Cut1
0.511615  290  0.65   Cut1
0.378897  290  0.75   Cut1
0.746723  290  0.85   Cut1
0.163752  290  0.95   Cut1
0.368663  310  -0.95   Cut1
0.576363  310  -0.85   Cut1
0.473777  310  -0.75   Cut1
0.547747  310  -0.65   Cut1
0.676009  310  -0.55   Cut1
0.551986  310  -0.45   Cut1
0.481354  310  -0.35   Cut1
0.369049  310  -0.25   Cut1
0.0850035  310  -0.15   Cut1
-0.0227553  310  -0.05   Cut1
-0.0412708  310  0.05   Cut1
0.0242185  310  0.15   Cut1
-0.133932  310  0.25   Cut1
-0.224753  310  0.35   Cut1
0.241113  310  0.45   Cut1
0.361059  310  0.55   Cut1
0.553095  310  0.65   Cut1
0.370878  310  0.75   Cut1
0.414911  310  0.85   Cut1
0.200624  310  0.95   Cut1
0.116965  330  -0.95   Cut1
0.13191  330  -0.85   Cut1
0.576322  330  -0.75   Cut1
0.58497  330  -0.65   Cut1
0.685022  330  -0.55   Cut1
0.777866  330  -0.45   Cut1
0.646523  330  -0.35   Cut1
0.62359  330  -0.25   Cut1
0.42523  330  -0.15   Cut1
0.267713  330  -0.05   Cut1
0.210948  330  0.05   Cut1
-0.169432  330  0.15   Cut1
-0.264303  330  0.25   Cut1
0.249272  330  0.35   Cut1
-0.0180911  330  0.45   Cut1
-0.0739845  330  0.55   Cut1
0.507515  330  0.65   Cut1
0.342881  330  0.75   Cut1
0.32765  330  0.85   Cut1
-0.04147  330  0.95   Cut1
0.291643  350  -0.95   Cut1
0.229684  350  -0.85   Cut1
0.468554  350  -0.75   Cut1
0.532147  350  -0.65   Cut1
0.593187  350  -0.55   Cut1
0.684634  350  -0.45   Cut1
0.626319  350  -0.35   Cut1
0.497348  350  -0.25   Cut1
0.462887  350  -0.15   Cut1
0.392887  350  -0.05   Cut1
0.0880545  350  0.05   Cut1
0.0552447  350  0.15   Cut1
0.172073  350  0.25   Cut1
0.0581575  350  0.35   Cut1
0.0540322  350  0.45   Cut1
0.0559664  350  0.55   Cut1
0.309166  350  0.65   Cut1
0.184875  350  0.75   Cut1
0.133514  350  0.85   Cut1
-0.189362  350  0.95   Cut1
0.134617  370  -0.95   Cut1
0.41926  370  -0.85   Cut1
0.353253  370  -0.75   Cut1
0.378983  370  -0.65   Cut1
0.63031  370  -0.55   Cut1
0.55991  370  -0.45   Cut1
0.710259  370  -0.35   Cut1
0.475019  370  -0.25   Cut1
0.506076  370  -0.15   Cut1
0.318941  370  -0.05   Cut1
0.325485  370  0.05   Cut1
0.149127  370  0.15   Cut1
0.129968  370  0.25   Cut1
0.113709  370  0.35   Cut1
0.170359  370  0.45   Cut1
-0.0402981  370  0.55   Cut1
0.0551123  370  0.65   Cut1
0.0505218  370  0.75   Cut1
0.0434971  370  0.85   Cut1
0.171562  370  0.95   Cut1
0.169188  390  -0.95   Cut1
0.388319  390  -0.85   Cut1
0.45614  390  -0.75   Cut1
0.571632  390  -0.65   Cut1
0.47818  390  -0.55   Cut1
0.585456  390  -0.45   Cut1
0.53302  390  -0.35   Cut1
0.578765  390  -0.25   Cut1
0.416415  390  -0.15   Cut1
0.322693  390  -0.05   Cut1
0.390056  390  0.05   Cut1
0.216667  390  0.15   Cut1
0.211784  390  0.25   Cut1
-0.0335267  390  0.35   Cut1
0.125012  390  0.45   Cut1
-0.0666084  390  0.55   Cut1
0.125696  390  0.65   Cut1
-0.0287849  390  0.75   Cut1
0.0946102  390  0.85   Cut1
-0.0846533  390  0.95   Cut1
0.253881  410  -0.95   Cut1
0.379036  410  -0.85   Cut1
0.493083  410  -0.75   Cut1
0.61851  410  -0.65   Cut1
0.584978  410  -0.55   Cut1
0.626002  410  -0.45   Cut1
0.631084  410  -0.35   Cut1
0.570759  410  -0.25   Cut1
0.526907  410  -0.15   Cut1
0.41823  410  -0.05   Cut1
0.289603  410  0.05   Cut1
0.194858  410  0.15   Cut1
0.143575  410  0.25   Cut1
0.133806  410  0.35   Cut1
0.154366  410  0.45   Cut1
0.0192369  410  0.55   Cut1
0.0320806  410  0.65   Cut1
0.102445  410  0.75   Cut1
0.194065  410  0.85   Cut1
0.0515349  410  0.95   Cut1
0.294616  430  -0.95   Cut1
0.362128  430  -0.85   Cut1
0.48133  430  -0.75   Cut1
0.54149  430  -0.65   Cut1
0.628425  430  -0.55   Cut1
0.627484  430  -0.45   Cut1
0.587034  430  -0.35   Cut1
0.513144  430  -0.25   Cut1
0.51443  430  -0.15   Cut1
0.409365  430  -0.05   Cut1
0.348784  430  0.05   Cut1
0.204794  430  0.15   Cut1
0.148682  430  0.25   Cut1
0.126001  430  0.35   Cut1
0.0879312  430  0.45   Cut1
0.0334519  430  0.55   Cut1
0.0821473  430  0.65   Cut1
0.0683655  430  0.75   Cut1
0.0433371  430  0.85   Cut1
0.14527  430  0.95   Cut1
0.139836  450  -0.95   Cut1
0.344844  450  -0.85   Cut1
0.457416  450  -0.75   Cut1
0.524553  450  -0.65   Cut1
0.57009  450  -0.55   Cut1
0.554498  450  -0.45   Cut1
0.564761  450  -0.35   Cut1
0.545255  450  -0.25   Cut1
0.489829  450  -0.15   Cut1
0.470269  450  -0.05   Cut1
0.357757  450  0.05   Cut1
0.264047  450  0.15   Cut1
0.162137  450  0.25   Cut1
0.145089  450  0.35   Cut1
0.0656261  450  0.45   Cut1
0.0211281  450  0.55   Cut1
0.0845552  450  0.65   Cut1
0.0116285  450  0.75   Cut1
0.0438513  450  0.85   Cut1
0.115117  450  0.95   Cut1
0.21574  470  -0.95   Cut1
0.375648  470  -0.85   Cut1
0.449644  470  -0.75   Cut1
0.518205  470  -0.65   Cut1
0.561676  470  -0.55   Cut1
0.535132  470  -0.45   Cut1
0.530832  470  -0.35   Cut1
0.518798  470  -0.25   Cut1
0.486857  470  -0.15   Cut1
0.416791  470  -0.05   Cut1
0.363294  470  0.05   Cut1
0.215837  470  0.15   Cut1
0.221397  470  0.25   Cut1
0.149588  470  0.35   Cut1
0.10402  470  0.45   Cut1
0.0262961  470  0.55   Cut1
0.0603964  470  0.65   Cut1
0.0859399  470  0.75   Cut1
0.056952  470  0.85   Cut1
-0.0531918  470  0.95   Cut1
0.246719  490  -0.95   Cut1
0.333362  490  -0.85   Cut1
0.435815  490  -0.75   Cut1
0.459569  490  -0.65   Cut1
0.509686  490  -0.55   Cut1
0.521012  490  -0.45   Cut1
0.492951  490  -0.35   Cut1
0.503505  490  -0.25   Cut1
0.497278  490  -0.15   Cut1
0.433382  490  -0.05   Cut1
0.331672  490  0.05   Cut1
0.278984  490  0.15   Cut1
0.202651  490  0.25   Cut1
0.139086  490  0.35   Cut1
0.092046  490  0.45   Cut1
0.0781233  490  0.55   Cut1
0.0319125  490  0.65   Cut1
-0.0450413  490  0.75   Cut1
0.0523973  490  0.85   Cut1
-0.0126005  490  0.95   Cut1
0.163624  510  -0.95   Cut1
0.299836  510  -0.85   Cut1
0.395826  510  -0.75   Cut1
0.439126  510  -0.65   Cut1
0.447179  510  -0.55   Cut1
0.50012  510  -0.45   Cut1
0.474553  510  -0.35   Cut1
0.460328  510  -0.25   Cut1
0.475873  510  -0.15   Cut1
0.424082  510  -0.05   Cut1
0.358909  510  0.05   Cut1
0.317252  510  0.15   Cut1
0.171841  510  0.25   Cut1
0.158469  510  0.35   Cut1
0.0784347  510  0.45   Cut1
0.0989548  510  0.55   Cut1
0.0286613  510  0.65   Cut1
-0.00227607  510  0.75   Cut1
0.0722041  510  0.85   Cut1
-0.0034755  510  0.95   Cut1
0.178765  530  -0.95   Cut1
0.250594  530  -0.85   Cut1
0.338496  530  -0.75   Cut1
0.398348  530  -0.65   Cut1
0.421621  530  -0.55   Cut1
0.431615  530  -0.45   Cut1
0.426514  530  -0.35   Cut1
0.444821  530  -0.25   Cut1
0.395678  530  -0.15   Cut1
0.405384  530  -0.05   Cut1
0.364812  530  0.05   Cut1
0.323474  530  0.15   Cut1
0.224686  530  0.25   Cut1
0.125551  530  0.35   Cut1
0.0707008  530  0.45   Cut1
0.0716861  530  0.55   Cut1
0.0309519  530  0.65   Cut1
-0.0213719  530  0.75   Cut1
0.0567084  530  0.85   Cut1
-0.111252  530  0.95   Cut1
0.121121  550  -0.95   Cut1
0.228612  550  -0.85   Cut1
0.309355  550  -0.75   Cut1
0.35069  550  -0.65   Cut1
0.419648  550  -0.55   Cut1
0.389491  550  -0.45   Cut1
0.399305  550  -0.35   Cut1
0.411285  550  -0.25   Cut1
0.361732  550  -0.15   Cut1
0.372274  550  -0.05   Cut1
0.337716  550  0.05   Cut1
0.28581  550  0.15   Cut1
0.227626  550  0.25   Cut1
0.121655  550  0.35   Cut1
0.0264061  550  0.45   Cut1
0.0623724  550  0.55   Cut1
0.0489128  550  0.65   Cut1
0.0132283  550  0.75   Cut1
-0.0254136  550  0.85   Cut1
-0.00702116  550  0.95   Cut1
0.125782  570  -0.95   Cut1
0.178187  570  -0.85   Cut1
0.268971  570  -0.75   Cut1
0.31911  570  -0.65   Cut1
0.339037  570  -0.55   Cut1
0.361744  570  -0.45   Cut1
0.372754  570  -0.35   Cut1
0.373012  570  -0.25   Cut1
0.375736  570  -0.15   Cut1
0.34402  570  -0.05   Cut1
0.316152  570  0.05   Cut1
0.257067  570  0.15   Cut1
0.202275  570  0.25   Cut1
0.131829  570  0.35   Cut1
0.071057  570  0.45   Cut1
0.0216175  570  0.55   Cut1
0.0462512  570  0.65   Cut1
0.0109722  570  0.75   Cut1
0.0281843  570  0.85   Cut1
-0.0475966  570  0.95   Cut1
0.0902285  590  -0.95   Cut1
0.145238  590  -0.85   Cut1
0.233535  590  -0.75   Cut1
0.286883  590  -0.65   Cut1
0.304099  590  -0.55   Cut1
0.322592  590  -0.45   Cut1
0.329423  590  -0.35   Cut1
0.34429  590  -0.25   Cut1
0.324373  590  -0.15   Cut1
0.30833  590  -0.05   Cut1
0.301537  590  0.05   Cut1
0.249066  590  0.15   Cut1
0.195613  590  0.25   Cut1
0.139937  590  0.35   Cut1
0.061769  590  0.45   Cut1
0.0214976  590  0.55   Cut1
0.017028  590  0.65   Cut1
0.01542  590  0.75   Cut1
-0.0228221  590  0.85   Cut1
0.0328049  590  0.95   Cut1
0.109878  610  -0.95   Cut1
0.134351  610  -0.85   Cut1
0.227697  610  -0.75   Cut1
0.26471  610  -0.65   Cut1
0.296364  610  -0.55   Cut1
0.305332  610  -0.45   Cut1
0.3221  610  -0.35   Cut1
0.323106  610  -0.25   Cut1
0.317019  610  -0.15   Cut1
0.295306  610  -0.05   Cut1
0.285106  610  0.05   Cut1
0.256911  610  0.15   Cut1
0.208827  610  0.25   Cut1
0.132797  610  0.35   Cut1
0.0718265  610  0.45   Cut1
0.00569245  610  0.55   Cut1
0.0313375  610  0.65   Cut1
0.00663593  610  0.75   Cut1
-0.00133968  610  0.85   Cut1
0.00978804  610  0.95   Cut1
0.128812  630  -0.95   Cut1
0.0957056  630  -0.85   Cut1
0.254757  630  -0.75   Cut1
0.287379  630  -0.65   Cut1
0.32808  630  -0.55   Cut1
0.344319  630  -0.45   Cut1
0.353334  630  -0.35   Cut1
0.336162  630  -0.25   Cut1
0.335351  630  -0.15   Cut1
0.321073  630  -0.05   Cut1
0.29339  630  0.05   Cut1
0.261905  630  0.15   Cut1
0.206243  630  0.25   Cut1
0.134579  630  0.35   Cut1
0.0777661  630  0.45   Cut1
0.0190439  630  0.55   Cut1
0.0365455  630  0.65   Cut1
-0.0406183  630  0.75   Cut1
0.0252093  630  0.85   Cut1
-0.0730249  630  0.95   Cut1
0.364014  650  -0.95   Cut1
0.435169  650  -0.85   Cut1
0.533714  650  -0.75   Cut1
0.649932  650  -0.65   Cut1
0.635331  650  -0.55   Cut1
0.601641  650  -0.45   Cut1
0.650626  650  -0.35   Cut1
0.585191  650  -0.25   Cut1
0.545129  650  -0.15   Cut1
0.498218  650  -0.05   Cut1
0.463666  650  0.05   Cut1
0.431414  650  0.15   Cut1
0.263973  650  0.25   Cut1
0.169353  650  0.35   Cut1
0.0945266  650  0.45   Cut1
-0.00167974  650  0.55   Cut1
0.0986826  650  0.65   Cut1
-0.0451817  650  0.75   Cut1
-0.0385967  650  0.85   Cut1
-0.148477  650  0.95   Cut1
1.17582  670  -0.95   Cut1
1.1766  670  -0.85   Cut1
2.01701  670  -0.75   Cut1
1.96232  670  -0.65   Cut1
2.17379  670  -0.55   Cut1
2.11084  670  -0.45   Cut1
1.89661  670  -0.35   Cut1
1.94888  670  -0.25   Cut1
1.47624  670  -0.15   Cut1
1.51104  670  -0.05   Cut1
1.22282  670  0.05   Cut1
0.985368  670  0.15   Cut1
0.687403  670  0.25   Cut1
0.534951  670  0.35   Cut1
0.138998  670  0.45   Cut1
0.186556  670  0.55   Cut1
0.0741818  670  0.65   Cut1
0.201026  670  0.75   Cut1
0.423561  670  0.85   Cut1
0.4811  670  0.95   Cut1
0.0840102  690  -0.95   Cut1
1.22089  690  -0.85   Cut1
1.88041  690  -0.75   Cut1
2.07782  690  -0.65   Cut1
1.96328  690  -0.55   Cut1
1.95485  690  -0.45   Cut1
1.90651  690  -0.35   Cut1
1.77463  690  -0.25   Cut1
1.59755  690  -0.15   Cut1
1.45331  690  -0.05   Cut1
1.10059  690  0.05   Cut1
0.969987  690  0.15   Cut1
0.421499  690  0.25   Cut1
0.541898  690  0.35   Cut1
0.492456  690  0.45   Cut1
0.423835  690  0.55   Cut1
0.0415927  690  0.65   Cut1
0.44947  690  0.75   Cut1
0.290307  690  0.85   Cut1
-0.260624  690  0.95   Cut1
0.121312  710  -0.95   Cut1
0.936511  710  -0.85   Cut1
1.38398  710  -0.75   Cut1
1.40614  710  -0.65   Cut1
1.60722  710  -0.55   Cut1
1.78999  710  -0.45   Cut1
1.31571  710  -0.35   Cut1
1.7341  710  -0.25   Cut1
1.24276  710  -0.15   Cut1
1.09293  710  -0.05   Cut1
0.909062  710  0.05   Cut1
0.777392  710  0.15   Cut1
0.620624  710  0.25   Cut1
0.502609  710  0.35   Cut1
0.286549  710  0.45   Cut1
-0.0525202  710  0.55   Cut1
-0.208646  710  0.65   Cut1
0.533193  710  0.75   Cut1
-0.705366  710  0.85   Cut1
0.803408  710  0.95   Cut1
-0.0946029  730  -0.95   Cut1
0.770577  730  -0.85   Cut1
1.2716  730  -0.75   Cut1
1.50854  730  -0.65   Cut1
1.49156  730  -0.55   Cut1
1.22585  730  -0.45   Cut1
1.45398  730  -0.35   Cut1
1.05121  730  -0.25   Cut1
1.01999  730  -0.15   Cut1
1.0634  730  -0.05   Cut1
0.672504  730  0.05   Cut1
0.525812  730  0.15   Cut1
0.48141  730  0.25   Cut1
0.275106  730  0.35   Cut1
0.182499  730  0.45   Cut1
0.360097  730  0.55   Cut1
0.134119  730  0.65   Cut1
-0.116762  730  0.75   Cut1
-0.14991  730  0.85   Cut1
0.499204  730  0.95   Cut1
0.427057  750  -0.95   Cut1
0.707769  750  -0.85   Cut1
1.17479  750  -0.75   Cut1
1.08825  750  -0.65   Cut1
1.16863  750  -0.55   Cut1
1.18261  750  -0.45   Cut1
1.1115  750  -0.35   Cut1
0.956672  750  -0.25   Cut1
1.01633  750  -0.15   Cut1
0.814915  750  -0.05   Cut1
0.630371  750  0.05   Cut1
0.52779  750  0.15   Cut1
0.290787  750  0.25   Cut1
0.248836  750  0.35   Cut1
0.14413  750  0.45   Cut1
0.218601  750  0.55   Cut1
0.215542  750  0.65   Cut1
-0.00888863  750  0.75   Cut1
0.0606412  750  0.85   Cut1
-0.275878  750  0.95   Cut1
0.531588  770  -0.95   Cut1
0.568831  770  -0.85   Cut1
1.07747  770  -0.75   Cut1
1.10426  770  -0.65   Cut1
1.09813  770  -0.55   Cut1
1.01025  770  -0.45   Cut1
1.04124  770  -0.35   Cut1
0.880813  770  -0.25   Cut1
0.822498  770  -0.15   Cut1
0.713054  770  -0.05   Cut1
0.61906  770  0.05   Cut1
0.546309  770  0.15   Cut1
0.100018  770  0.25   Cut1
0.400092  770  0.35   Cut1
0.279485  770  0.45   Cut1
0.186142  770  0.55   Cut1
-0.0955608  770  0.65   Cut1
-0.171676  770  0.75   Cut1
0.0303127  770  0.85   Cut1
0.360155  770  0.95   Cut1
0.141883  790  -0.95   Cut1
0.495218  790  -0.85   Cut1
0.804141  790  -0.75   Cut1
0.962461  790  -0.65   Cut1
0.993919  790  -0.55   Cut1
1.0018  790  -0.45   Cut1
0.852645  790  -0.35   Cut1
0.917973  790  -0.25   Cut1
0.794795  790  -0.15   Cut1
0.757428  790  -0.05   Cut1
0.588472  790  0.05   Cut1
0.305613  790  0.15   Cut1
0.263149  790  0.25   Cut1
0.247663  790  0.35   Cut1
0.135901  790  0.45   Cut1
0.101561  790  0.55   Cut1
0.121944  790  0.65   Cut1
-0.227305  790  0.75   Cut1
-0.158807  790  0.85   Cut1
-0.256755  790  0.95   Cut1
0.291845  810  -0.95   Cut1
0.536794  810  -0.85   Cut1
0.8329  810  -0.75   Cut1
0.893071  810  -0.65   Cut1
0.789785  810  -0.55   Cut1
0.841519  810  -0.45   Cut1
0.786035  810  -0.35   Cut1
0.810804  810  -0.25   Cut1
0.78992  810  -0.15   Cut1
0.578816  810  -0.05   Cut1
0.361246  810  0.05   Cut1
0.277066  810  0.15   Cut1
0.326103  810  0.25   Cut1
0.324428  810  0.35   Cut1
0.135653  810  0.45   Cut1
0.235267  810  0.55   Cut1
0.187928  810  0.65   Cut1
0.135494  810  0.75   Cut1
-0.0136908  810  0.85   Cut1
0.42885  810  0.95   Cut1
0.306583  830  -0.95   Cut1
0.455722  830  -0.85   Cut1
0.741692  830  -0.75   Cut1
0.702441  830  -0.65   Cut1
0.737248  830  -0.55   Cut1
0.730657  830  -0.45   Cut1
0.72449  830  -0.35   Cut1
0.606763  830  -0.25   Cut1
0.54516  830  -0.15   Cut1
0.462702  830  -0.05   Cut1
0.435179  830  0.05   Cut1
0.297093  830  0.15   Cut1
0.197122  830  0.25   Cut1
0.202251  830  0.35   Cut1
0.220672  830  0.45   Cut1
0.129503  830  0.55   Cut1
0.125276  830  0.65   Cut1
0.0381256  830  0.75   Cut1
-0.215519  830  0.85   Cut1
-0.457639  830  0.95   Cut1
0.346381  850  -0.95   Cut1
0.333873  850  -0.85   Cut1
0.643816  850  -0.75   Cut1
0.65776  850  -0.65   Cut1
0.651057  850  -0.55   Cut1
0.615637  850  -0.45   Cut1
0.634121  850  -0.35   Cut1
0.605544  850  -0.25   Cut1
0.486223  850  -0.15   Cut1
0.491466  850  -0.05   Cut1
0.350156  850  0.05   Cut1
0.245927  850  0.15   Cut1
0.272256  850  0.25   Cut1
0.216895  850  0.35   Cut1
0.17223  850  0.45   Cut1
0.246645  850  0.55   Cut1
0.0148865  850  0.65   Cut1
-0.0636406  850  0.75   Cut1
-0.0412461  850  0.85   Cut1
0.575848  850  0.95   Cut1
0.344882  870  -0.95   Cut1
0.379908  870  -0.85   Cut1
0.635684  870  -0.75   Cut1
0.634646  870  -0.65   Cut1
0.683992  870  -0.55   Cut1
0.662944  870  -0.45   Cut1
0.605482  870  -0.35   Cut1
0.504575  870  -0.25   Cut1
0.506473  870  -0.15   Cut1
0.433895  870  -0.05   Cut1
0.358257  870  0.05   Cut1
0.160526  870  0.15   Cut1
0.164307  870  0.25   Cut1
0.187147  870  0.35   Cut1
0.10556  870  0.45   Cut1
0.15229  870  0.55   Cut1
0.126763  870  0.65   Cut1
-0.119985  870  0.75   Cut1
-0.207876  870  0.85   Cut1
-0.0718578  870  0.95   Cut1
0.302553  890  -0.95   Cut1
0.420176  890  -0.85   Cut1
0.705226  890  -0.75   Cut1
0.815228  890  -0.65   Cut1
0.782698  890  -0.55   Cut1
0.682229  890  -0.45   Cut1
0.719671  890  -0.35   Cut1
0.597856  890  -0.25   Cut1
0.531287  890  -0.15   Cut1
0.412915  890  -0.05   Cut1
0.316981  890  0.05   Cut1
0.266111  890  0.15   Cut1
0.224183  890  0.25   Cut1
0.226488  890  0.35   Cut1
0.20648  890  0.45   Cut1
0.126808  890  0.55   Cut1
0.0223939  890  0.65   Cut1
-0.0997017  890  0.75   Cut1
-0.128915  890  0.85   Cut1
0.446629  890  0.95   Cut1
0.563804  910  -0.95   Cut1
1.25616  910  -0.85   Cut1
2.08144  910  -0.75   Cut1
1.8453  910  -0.65   Cut1
2.04373  910  -0.55   Cut1
1.82734  910  -0.45   Cut1
1.73188  910  -0.35   Cut1
1.63839  910  -0.25   Cut1
1.38626  910  -0.15   Cut1
1.16848  910  -0.05   Cut1
1.09974  910  0.05   Cut1
0.568163  910  0.15   Cut1
0.389479  910  0.25   Cut1
0.237222  910  0.35   Cut1
0.456384  910  0.45   Cut1
0.489258  910  0.55   Cut1
-0.382564  910  0.65   Cut1
0.0736029  910  0.75   Cut1
-0.456721  910  0.85   Cut1
0.800851  910  0.95   Cut1
