0.294988  0.0616509  410  10  -0.95  0.05  Random
0.569236  0.0447173  410  10  -0.85  0.05  Random
0.744728  0.0315248  410  10  -0.75  0.05  Random
0.867186  0.0244842  410  10  -0.65  0.05  Random
0.963278  0.0218804  410  10  -0.55  0.05  Random
0.904786  0.0213149  410  10  -0.45  0.05  Random
0.854873  0.021727  410  10  -0.35  0.05  Random
0.798163  0.0229433  410  10  -0.25  0.05  Random
0.755184  0.0248539  410  10  -0.15  0.05  Random
0.706179  0.0275497  410  10  -0.05  0.05  Random
0.568162  0.0309859  410  10  0.05  0.05  Random
0.482383  0.0354487  410  10  0.15  0.05  Random
0.319516  0.0405786  410  10  0.25  0.05  Random
0.214623  0.0463745  410  10  0.35  0.05  Random
0.0583594  0.0533766  410  10  0.45  0.05  Random
-0.06938  0.0604923  410  10  0.55  0.05  Random
-0.0798835  0.0774488  410  10  0.65  0.05  Random
-0.00275981  0.108322  410  10  0.75  0.05  Random
0.365545  0.427128  410  10  0.85  0.05  Random
-0.355502  0.389399  410  10  0.95  0.05  Random
0.263481  0.0503134  430  10  -0.95  0.05  Random
0.484742  0.0369229  430  10  -0.85  0.05  Random
0.724005  0.0258839  430  10  -0.75  0.05  Random
0.840119  0.0200724  430  10  -0.65  0.05  Random
0.86272  0.0178661  430  10  -0.55  0.05  Random
0.844917  0.0172868  430  10  -0.45  0.05  Random
0.81954  0.0176546  430  10  -0.35  0.05  Random
0.755591  0.0185464  430  10  -0.25  0.05  Random
0.753457  0.0199965  430  10  -0.15  0.05  Random
0.661618  0.0222726  430  10  -0.05  0.05  Random
0.614763  0.0251575  430  10  0.05  0.05  Random
0.465405  0.028805  430  10  0.15  0.05  Random
0.388311  0.0333844  430  10  0.25  0.05  Random
0.180806  0.0384499  430  10  0.35  0.05  Random
0.154541  0.0443841  430  10  0.45  0.05  Random
-0.0554488  0.0576169  430  10  0.55  0.05  Random
0.0170753  0.0587375  430  10  0.65  0.05  Random
0.645117  0.309626  430  10  0.75  0.05  Random
-0.0869132  0.105819  430  10  0.85  0.05  Random
0.296898  0.470256  430  10  0.95  0.05  Random
0.298536  0.040166  450  10  -0.95  0.05  Random
0.440529  0.0295686  450  10  -0.85  0.05  Random
0.669283  0.0204906  450  10  -0.75  0.05  Random
0.743058  0.0156811  450  10  -0.65  0.05  Random
0.81078  0.0139233  450  10  -0.55  0.05  Random
0.779575  0.0134749  450  10  -0.45  0.05  Random
0.783737  0.0136619  450  10  -0.35  0.05  Random
0.734896  0.0143501  450  10  -0.25  0.05  Random
0.692703  0.0154709  450  10  -0.15  0.05  Random
0.660726  0.0171211  450  10  -0.05  0.05  Random
0.643609  0.0193086  450  10  0.05  0.05  Random
0.500944  0.0224318  450  10  0.15  0.05  Random
0.36993  0.0262084  450  10  0.25  0.05  Random
0.261796  0.0305977  450  10  0.35  0.05  Random
0.140896  0.0369173  450  10  0.45  0.05  Random
0.0144137  0.0419179  450  10  0.55  0.05  Random
-0.0420621  0.0492061  450  10  0.65  0.05  Random
-0.0439853  0.0689876  450  10  0.75  0.05  Random
0.0615402  0.137781  450  10  0.85  0.05  Random
-0.130218  0.146982  450  10  0.95  0.05  Random
0.221493  0.0330421  470  10  -0.95  0.05  Random
0.401879  0.0244114  470  10  -0.85  0.05  Random
0.666557  0.0167552  470  10  -0.75  0.05  Random
0.696659  0.0126882  470  10  -0.65  0.05  Random
0.728824  0.011286  470  10  -0.55  0.05  Random
0.718554  0.0108752  470  10  -0.45  0.05  Random
0.70843  0.0109993  470  10  -0.35  0.05  Random
0.685462  0.0114844  470  10  -0.25  0.05  Random
0.690771  0.0123513  470  10  -0.15  0.05  Random
0.635747  0.0136464  470  10  -0.05  0.05  Random
0.55171  0.0154933  470  10  0.05  0.05  Random
0.508588  0.018084  470  10  0.15  0.05  Random
0.390622  0.021388  470  10  0.25  0.05  Random
0.297631  0.025399  470  10  0.35  0.05  Random
0.164208  0.0300681  470  10  0.45  0.05  Random
0.0411483  0.0353266  470  10  0.55  0.05  Random
-4.04104e-05  0.0415271  470  10  0.65  0.05  Random
-0.110274  0.0559268  470  10  0.75  0.05  Random
0.0469678  0.0643366  470  10  0.85  0.05  Random
0.2305  0.148994  470  10  0.95  0.05  Random
0.170612  0.033128  490  10  -0.95  0.05  Random
0.331645  0.0245484  490  10  -0.85  0.05  Random
0.590546  0.0167312  490  10  -0.75  0.05  Random
0.649141  0.0125908  490  10  -0.65  0.05  Random
0.66176  0.011175  490  10  -0.55  0.05  Random
0.661061  0.0107114  490  10  -0.45  0.05  Random
0.661521  0.0107898  490  10  -0.35  0.05  Random
0.642656  0.011209  490  10  -0.25  0.05  Random
0.657036  0.0120545  490  10  -0.15  0.05  Random
0.616689  0.0133562  490  10  -0.05  0.05  Random
0.56829  0.0150809  490  10  0.05  0.05  Random
0.512205  0.0175194  490  10  0.15  0.05  Random
0.413628  0.0210032  490  10  0.25  0.05  Random
0.263155  0.0253509  490  10  0.35  0.05  Random
0.16345  0.0303345  490  10  0.45  0.05  Random
0.145384  0.0362667  490  10  0.55  0.05  Random
0.0112824  0.0429166  490  10  0.65  0.05  Random
-0.131082  0.056389  490  10  0.75  0.05  Random
0.0864715  0.303583  490  10  0.85  0.05  Random
-0.423516  0.315608  490  10  0.95  0.05  Random
0.228104  0.0262289  510  10  -0.95  0.05  Random
0.339547  0.019495  510  10  -0.85  0.05  Random
0.566506  0.0131104  510  10  -0.75  0.05  Random
0.561059  0.00980408  510  10  -0.65  0.05  Random
0.602037  0.00863324  510  10  -0.55  0.05  Random
0.613617  0.00830121  510  10  -0.45  0.05  Random
0.624456  0.00833083  510  10  -0.35  0.05  Random
0.610943  0.00866373  510  10  -0.25  0.05  Random
0.631781  0.00927508  510  10  -0.15  0.05  Random
0.591341  0.0101525  510  10  -0.05  0.05  Random
0.580087  0.0114948  510  10  0.05  0.05  Random
0.505064  0.0133892  510  10  0.15  0.05  Random
0.454809  0.0161265  510  10  0.25  0.05  Random
0.293126  0.019832  510  10  0.35  0.05  Random
0.186726  0.0240183  510  10  0.45  0.05  Random
0.114433  0.0287971  510  10  0.55  0.05  Random
0.0644678  0.0344016  510  10  0.65  0.05  Random
-0.0867495  0.0418205  510  10  0.75  0.05  Random
0.0399719  0.0790758  510  10  0.85  0.05  Random
-0.0919688  0.0763585  510  10  0.95  0.05  Random
0.14954  0.0273215  530  10  -0.95  0.05  Random
0.29898  0.0202386  530  10  -0.85  0.05  Random
0.513982  0.0132084  530  10  -0.75  0.05  Random
0.551196  0.009793  530  10  -0.65  0.05  Random
0.551331  0.00864336  530  10  -0.55  0.05  Random
0.565821  0.00827307  530  10  -0.45  0.05  Random
0.563054  0.00830445  530  10  -0.35  0.05  Random
0.562887  0.00862463  530  10  -0.25  0.05  Random
0.574772  0.00916948  530  10  -0.15  0.05  Random
0.560945  0.0100636  530  10  -0.05  0.05  Random
0.519949  0.0113295  530  10  0.05  0.05  Random
0.510472  0.0132421  530  10  0.15  0.05  Random
0.385025  0.0159065  530  10  0.25  0.05  Random
0.334038  0.0195121  530  10  0.35  0.05  Random
0.179586  0.024843  530  10  0.45  0.05  Random
0.113325  0.0298699  530  10  0.55  0.05  Random
0.0219708  0.035579  530  10  0.65  0.05  Random
-0.0737663  0.0427239  530  10  0.75  0.05  Random
-0.265152  0.319917  530  10  0.85  0.05  Random
-0.0543392  0.112227  530  10  0.95  0.05  Random
0.16034  0.0299515  550  10  -0.95  0.05  Random
0.329927  0.0221799  550  10  -0.85  0.05  Random
0.489391  0.0141608  550  10  -0.75  0.05  Random
0.497169  0.0104716  550  10  -0.65  0.05  Random
0.52559  0.00914297  550  10  -0.55  0.05  Random
0.517554  0.00872609  550  10  -0.45  0.05  Random
0.530891  0.00877952  550  10  -0.35  0.05  Random
0.547996  0.00902817  550  10  -0.25  0.05  Random
0.538441  0.00957191  550  10  -0.15  0.05  Random
0.531548  0.0104889  550  10  -0.05  0.05  Random
0.511279  0.0117971  550  10  0.05  0.05  Random
0.471964  0.0136783  550  10  0.15  0.05  Random
0.40448  0.0165804  550  10  0.25  0.05  Random
0.333129  0.0206696  550  10  0.35  0.05  Random
0.165161  0.0258424  550  10  0.45  0.05  Random
0.15803  0.0318617  550  10  0.55  0.05  Random
0.04401  0.0389655  550  10  0.65  0.05  Random
0.010197  0.0468268  550  10  0.75  0.05  Random
-0.0603757  0.0848866  550  10  0.85  0.05  Random
0.136629  0.10568  550  10  0.95  0.05  Random
0.181436  0.0241749  570  10  -0.95  0.05  Random
0.268271  0.017671  570  10  -0.85  0.05  Random
0.460326  0.0109186  570  10  -0.75  0.05  Random
0.468863  0.00797839  570  10  -0.65  0.05  Random
0.469821  0.00695638  570  10  -0.55  0.05  Random
0.478224  0.00664737  570  10  -0.45  0.05  Random
0.475702  0.00663782  570  10  -0.35  0.05  Random
0.507575  0.00682051  570  10  -0.25  0.05  Random
0.503832  0.007228  570  10  -0.15  0.05  Random
0.505791  0.00788761  570  10  -0.05  0.05  Random
0.4894  0.00878844  570  10  0.05  0.05  Random
0.457264  0.010238  570  10  0.15  0.05  Random
0.381994  0.0123408  570  10  0.25  0.05  Random
0.328703  0.0154899  570  10  0.35  0.05  Random
0.174521  0.0200453  570  10  0.45  0.05  Random
0.104002  0.0250828  570  10  0.55  0.05  Random
0.0474856  0.0305148  570  10  0.65  0.05  Random
0.0269277  0.0376171  570  10  0.75  0.05  Random
-0.155894  0.0620857  570  10  0.85  0.05  Random
0.0374386  0.150756  570  10  0.95  0.05  Random
0.181568  0.0211952  590  10  -0.95  0.05  Random
0.282946  0.0151462  590  10  -0.85  0.05  Random
0.406849  0.00922825  590  10  -0.75  0.05  Random
0.435496  0.00669079  590  10  -0.65  0.05  Random
0.445745  0.00584133  590  10  -0.55  0.05  Random
0.464375  0.00551494  590  10  -0.45  0.05  Random
0.456963  0.00548827  590  10  -0.35  0.05  Random
0.469381  0.00562378  590  10  -0.25  0.05  Random
0.460106  0.00596346  590  10  -0.15  0.05  Random
0.473941  0.00643822  590  10  -0.05  0.05  Random
0.450702  0.00720071  590  10  0.05  0.05  Random
0.431327  0.00832024  590  10  0.15  0.05  Random
0.366046  0.0100694  590  10  0.25  0.05  Random
0.289522  0.0127295  590  10  0.35  0.05  Random
0.198583  0.0165252  590  10  0.45  0.05  Random
0.108082  0.0210563  590  10  0.55  0.05  Random
0.067747  0.0260813  590  10  0.65  0.05  Random
0.067938  0.0325279  590  10  0.75  0.05  Random
0.0145558  0.0509085  590  10  0.85  0.05  Random
0.0529463  0.0758836  590  10  0.95  0.05  Random
0.190877  0.023465  610  10  -0.95  0.05  Random
0.29864  0.0166656  610  10  -0.85  0.05  Random
0.404406  0.00995121  610  10  -0.75  0.05  Random
0.432025  0.00727235  610  10  -0.65  0.05  Random
0.450602  0.00629164  610  10  -0.55  0.05  Random
0.452098  0.00595891  610  10  -0.45  0.05  Random
0.445151  0.0058932  610  10  -0.35  0.05  Random
0.458955  0.00597415  610  10  -0.25  0.05  Random
0.446036  0.00628646  610  10  -0.15  0.05  Random
0.458975  0.00678107  610  10  -0.05  0.05  Random
0.43402  0.00753063  610  10  0.05  0.05  Random
0.386508  0.00871704  610  10  0.15  0.05  Random
0.357766  0.010453  610  10  0.25  0.05  Random
0.296737  0.0131831  610  10  0.35  0.05  Random
0.14235  0.017414  610  10  0.45  0.05  Random
0.110394  0.0227665  610  10  0.55  0.05  Random
0.0333041  0.0278433  610  10  0.65  0.05  Random
-0.0134293  0.0355765  610  10  0.75  0.05  Random
-0.0730261  0.0481123  610  10  0.85  0.05  Random
-0.428943  0.327406  610  10  0.95  0.05  Random
0.212065  0.0456716  630  10  -0.95  0.05  Random
0.347689  0.0319929  630  10  -0.85  0.05  Random
0.505855  0.0189398  630  10  -0.75  0.05  Random
0.514038  0.0137945  630  10  -0.65  0.05  Random
0.546592  0.0119647  630  10  -0.55  0.05  Random
0.565944  0.0112229  630  10  -0.45  0.05  Random
0.548658  0.0109546  630  10  -0.35  0.05  Random
0.563752  0.0110876  630  10  -0.25  0.05  Random
0.546069  0.0115813  630  10  -0.15  0.05  Random
0.567969  0.0124219  630  10  -0.05  0.05  Random
0.510513  0.0139074  630  10  0.05  0.05  Random
0.486703  0.015914  630  10  0.15  0.05  Random
0.417632  0.0193341  630  10  0.25  0.05  Random
0.297024  0.0243463  630  10  0.35  0.05  Random
0.19408  0.0323159  630  10  0.45  0.05  Random
0.0265199  0.0420216  630  10  0.55  0.05  Random
0.0758358  0.0530902  630  10  0.65  0.05  Random
-0.176193  0.0674828  630  10  0.75  0.05  Random
-0.0341123  0.11122  630  10  0.85  0.05  Random
-0.2135  0.177544  630  10  0.95  0.05  Random
0.513613  0.110375  650  10  -0.95  0.05  Random
0.871485  0.077347  650  10  -0.85  0.05  Random
1.13345  0.0457367  650  10  -0.75  0.05  Random
1.29923  0.0337158  650  10  -0.65  0.05  Random
1.31635  0.0289418  650  10  -0.55  0.05  Random
1.38571  0.0271325  650  10  -0.45  0.05  Random
1.33872  0.0264422  650  10  -0.35  0.05  Random
1.38116  0.0263737  650  10  -0.25  0.05  Random
1.28137  0.0274826  650  10  -0.15  0.05  Random
1.26274  0.029323  650  10  -0.05  0.05  Random
1.24228  0.0325187  650  10  0.05  0.05  Random
1.16225  0.0373143  650  10  0.15  0.05  Random
0.985782  0.0443631  650  10  0.25  0.05  Random
0.797981  0.0567537  650  10  0.35  0.05  Random
0.377991  0.0756246  650  10  0.45  0.05  Random
-0.153516  0.0995284  650  10  0.55  0.05  Random
-0.0470282  0.126394  650  10  0.65  0.05  Random
0.183956  0.160387  650  10  0.75  0.05  Random
0.10445  0.233012  650  10  0.85  0.05  Random
0  -nan  650  10  0.95  0.05  Random
1.21603  0.427961  670  10  -0.95  0.05  Random
3.01449  0.298217  670  10  -0.85  0.05  Random
4.17629  0.18168  670  10  -0.75  0.05  Random
4.26668  0.13295  670  10  -0.65  0.05  Random
4.57125  0.115335  670  10  -0.55  0.05  Random
4.75628  0.106963  670  10  -0.45  0.05  Random
4.85023  0.103465  670  10  -0.35  0.05  Random
4.79836  0.10269  670  10  -0.25  0.05  Random
4.43887  0.105063  670  10  -0.15  0.05  Random
4.38574  0.111218  670  10  -0.05  0.05  Random
4.24599  0.12169  670  10  0.05  0.05  Random
3.75709  0.138395  670  10  0.15  0.05  Random
3.03701  0.167704  670  10  0.25  0.05  Random
2.61902  0.21056  670  10  0.35  0.05  Random
1.46674  0.274111  670  10  0.45  0.05  Random
0.646585  0.367348  670  10  0.55  0.05  Random
-0.537942  0.485955  670  10  0.65  0.05  Random
-0.155826  0.632325  670  10  0.75  0.05  Random
-0.066472  1.70539  670  10  0.85  0.05  Random
-0.0155271  554.628  670  10  0.95  0.05  Random
1.28076  0.40838  690  10  -0.95  0.05  Random
2.05089  0.285469  690  10  -0.85  0.05  Random
3.62196  0.180487  690  10  -0.75  0.05  Random
4.10757  0.131036  690  10  -0.65  0.05  Random
4.21954  0.113333  690  10  -0.55  0.05  Random
4.50178  0.104941  690  10  -0.45  0.05  Random
4.39416  0.100632  690  10  -0.35  0.05  Random
4.39433  0.0995545  690  10  -0.25  0.05  Random
4.25295  0.100694  690  10  -0.15  0.05  Random
3.98997  0.104683  690  10  -0.05  0.05  Random
3.78192  0.114353  690  10  0.05  0.05  Random
3.46215  0.129557  690  10  0.15  0.05  Random
2.76632  0.152372  690  10  0.25  0.05  Random
2.60493  0.189676  690  10  0.35  0.05  Random
1.4843  0.247828  690  10  0.45  0.05  Random
0.911859  0.33249  690  10  0.55  0.05  Random
-0.0146391  0.451283  690  10  0.65  0.05  Random
-0.352842  0.586846  690  10  0.75  0.05  Random
-0.549468  0.890682  690  10  0.85  0.05  Random
1.95514  1.51632  690  10  0.95  0.05  Random
1.01442  0.484958  710  10  -0.95  0.05  Random
0.502097  0.34389  710  10  -0.85  0.05  Random
3.10407  0.224214  710  10  -0.75  0.05  Random
3.31803  0.162797  710  10  -0.65  0.05  Random
3.22873  0.142407  710  10  -0.55  0.05  Random
3.54417  0.130629  710  10  -0.45  0.05  Random
3.49525  0.125662  710  10  -0.35  0.05  Random
3.26474  0.12343  710  10  -0.25  0.05  Random
3.3621  0.122897  710  10  -0.15  0.05  Random
3.13868  0.126112  710  10  -0.05  0.05  Random
2.79838  0.135499  710  10  0.05  0.05  Random
2.85243  0.151433  710  10  0.15  0.05  Random
1.82798  0.175891  710  10  0.25  0.05  Random
1.86374  0.216373  710  10  0.35  0.05  Random
0.73254  0.280822  710  10  0.45  0.05  Random
0.859123  0.36941  710  10  0.55  0.05  Random
0.49223  0.503831  710  10  0.65  0.05  Random
-0.0952368  0.677745  710  10  0.75  0.05  Random
-0.952453  1.84779  710  10  0.85  0.05  Random
-2.0422  2.73692  710  10  0.95  0.05  Random
0.192672  0.0758622  410  10  -0.95  0.05  TimeCoinc
0.448371  0.0607622  410  10  -0.85  0.05  TimeCoinc
0.621862  0.0398306  410  10  -0.75  0.05  TimeCoinc
0.627077  0.0287241  410  10  -0.65  0.05  TimeCoinc
0.658752  0.0255052  410  10  -0.55  0.05  TimeCoinc
0.683596  0.0253636  410  10  -0.45  0.05  TimeCoinc
0.637175  0.0276746  410  10  -0.35  0.05  TimeCoinc
0.610665  0.0318858  410  10  -0.25  0.05  TimeCoinc
0.638078  0.0387964  410  10  -0.15  0.05  TimeCoinc
0.527433  0.0483673  410  10  -0.05  0.05  TimeCoinc
0.503847  0.0633589  410  10  0.05  0.05  TimeCoinc
0.378142  0.0868182  410  10  0.15  0.05  TimeCoinc
0.468217  0.118995  410  10  0.25  0.05  TimeCoinc
0.33574  0.186818  410  10  0.35  0.05  TimeCoinc
-0.355142  0.331887  410  10  0.45  0.05  TimeCoinc
1.48167  0.748579  410  10  0.55  0.05  TimeCoinc
0.0968344  0.140835  410  10  0.65  0.05  TimeCoinc
-0.213719  0.671589  410  10  0.75  0.05  TimeCoinc
0.635065  1.02586  410  10  0.85  0.05  TimeCoinc
6.00485e-05  -9.43119e-05  410  10  0.95  0.05  TimeCoinc
0.319325  0.0704332  430  10  -0.95  0.05  TimeCoinc
0.6509  0.0494927  430  10  -0.85  0.05  TimeCoinc
0.626358  0.0291432  430  10  -0.75  0.05  TimeCoinc
0.645792  0.0208902  430  10  -0.65  0.05  TimeCoinc
0.702795  0.0182689  430  10  -0.55  0.05  TimeCoinc
0.695449  0.0178952  430  10  -0.45  0.05  TimeCoinc
0.687997  0.0189132  430  10  -0.35  0.05  TimeCoinc
0.695286  0.0212578  430  10  -0.25  0.05  TimeCoinc
0.662428  0.0254025  430  10  -0.15  0.05  TimeCoinc
0.644954  0.0319818  430  10  -0.05  0.05  TimeCoinc
0.58895  0.0415462  430  10  0.05  0.05  TimeCoinc
0.610699  0.05696  430  10  0.15  0.05  TimeCoinc
0.394262  0.0790404  430  10  0.25  0.05  TimeCoinc
0.513871  0.117717  430  10  0.35  0.05  TimeCoinc
0.42474  0.198363  430  10  0.45  0.05  TimeCoinc
0.276292  0.158581  430  10  0.55  0.05  TimeCoinc
0.144166  1.05083  430  10  0.65  0.05  TimeCoinc
0.229888  0.763318  430  10  0.75  0.05  TimeCoinc
0.654893  0.686168  430  10  0.85  0.05  TimeCoinc
0.00192966  0.00354099  430  10  0.95  0.05  TimeCoinc
0.190746  0.0644829  450  10  -0.95  0.05  TimeCoinc
0.490871  0.041219  450  10  -0.85  0.05  TimeCoinc
0.713795  0.0227897  450  10  -0.75  0.05  TimeCoinc
0.709754  0.0164744  450  10  -0.65  0.05  TimeCoinc
0.691126  0.0143503  450  10  -0.55  0.05  TimeCoinc
0.713551  0.0137167  450  10  -0.45  0.05  TimeCoinc
0.672075  0.0138573  450  10  -0.35  0.05  TimeCoinc
0.690621  0.0148828  450  10  -0.25  0.05  TimeCoinc
0.689389  0.0169611  450  10  -0.15  0.05  TimeCoinc
0.641028  0.0208568  450  10  -0.05  0.05  TimeCoinc
0.645028  0.0268194  450  10  0.05  0.05  TimeCoinc
0.676104  0.0365616  450  10  0.15  0.05  TimeCoinc
0.543367  0.0518305  450  10  0.25  0.05  TimeCoinc
0.496504  0.0761144  450  10  0.35  0.05  TimeCoinc
0.242219  0.112239  450  10  0.45  0.05  TimeCoinc
0.471126  0.198131  450  10  0.55  0.05  TimeCoinc
-0.249856  0.40286  450  10  0.65  0.05  TimeCoinc
-0.0641852  0.318588  450  10  0.75  0.05  TimeCoinc
0.21104  0.265101  450  10  0.85  0.05  TimeCoinc
0.198549  0.450428  450  10  0.95  0.05  TimeCoinc
0.417232  0.0620959  470  10  -0.95  0.05  TimeCoinc
0.679722  0.0361965  470  10  -0.85  0.05  TimeCoinc
0.73576  0.0195922  470  10  -0.75  0.05  TimeCoinc
0.735301  0.0143699  470  10  -0.65  0.05  TimeCoinc
0.730439  0.0124074  470  10  -0.55  0.05  TimeCoinc
0.730081  0.0117571  470  10  -0.45  0.05  TimeCoinc
0.696864  0.0115961  470  10  -0.35  0.05  TimeCoinc
0.707668  0.0119005  470  10  -0.25  0.05  TimeCoinc
0.662569  0.0129872  470  10  -0.15  0.05  TimeCoinc
0.637278  0.0150967  470  10  -0.05  0.05  TimeCoinc
0.617639  0.018937  470  10  0.05  0.05  TimeCoinc
0.599159  0.0251854  470  10  0.15  0.05  TimeCoinc
0.453069  0.0358887  470  10  0.25  0.05  TimeCoinc
0.474505  0.0528958  470  10  0.35  0.05  TimeCoinc
0.533791  0.0801156  470  10  0.45  0.05  TimeCoinc
0.606106  0.131278  470  10  0.55  0.05  TimeCoinc
-0.202291  0.264589  470  10  0.65  0.05  TimeCoinc
0.0872492  0.135928  470  10  0.75  0.05  TimeCoinc
-0.937764  1.11654  470  10  0.85  0.05  TimeCoinc
-0.715915  0.372581  470  10  0.95  0.05  TimeCoinc
0.686228  0.0709059  490  10  -0.95  0.05  TimeCoinc
0.69398  0.0378412  490  10  -0.85  0.05  TimeCoinc
0.724083  0.0206012  490  10  -0.75  0.05  TimeCoinc
0.764718  0.0150722  490  10  -0.65  0.05  TimeCoinc
0.749141  0.0130352  490  10  -0.55  0.05  TimeCoinc
0.736628  0.0121873  490  10  -0.45  0.05  TimeCoinc
0.735799  0.0118301  490  10  -0.35  0.05  TimeCoinc
0.715308  0.0119118  490  10  -0.25  0.05  TimeCoinc
0.688901  0.0125334  490  10  -0.15  0.05  TimeCoinc
0.656139  0.0139141  490  10  -0.05  0.05  TimeCoinc
0.617025  0.0167507  490  10  0.05  0.05  TimeCoinc
0.55954  0.021847  490  10  0.15  0.05  TimeCoinc
0.566263  0.0309239  490  10  0.25  0.05  TimeCoinc
0.543219  0.0459744  490  10  0.35  0.05  TimeCoinc
0.395286  0.0707854  490  10  0.45  0.05  TimeCoinc
0.106616  0.115612  490  10  0.55  0.05  TimeCoinc
-0.0375426  0.211715  490  10  0.65  0.05  TimeCoinc
0.299345  0.167978  490  10  0.75  0.05  TimeCoinc
-0.530582  0.846413  490  10  0.85  0.05  TimeCoinc
2.72822  -3.02228  490  10  0.95  0.05  TimeCoinc
0.658419  0.0633896  510  10  -0.95  0.05  TimeCoinc
0.684438  0.0316626  510  10  -0.85  0.05  TimeCoinc
0.76364  0.0170152  510  10  -0.75  0.05  TimeCoinc
0.760011  0.0125084  510  10  -0.65  0.05  TimeCoinc
0.755903  0.0108175  510  10  -0.55  0.05  TimeCoinc
0.749457  0.0100388  510  10  -0.45  0.05  TimeCoinc
0.727965  0.00968867  510  10  -0.35  0.05  TimeCoinc
0.692881  0.00963479  510  10  -0.25  0.05  TimeCoinc
0.678519  0.00987067  510  10  -0.15  0.05  TimeCoinc
0.64789  0.0106274  510  10  -0.05  0.05  TimeCoinc
0.653629  0.0122402  510  10  0.05  0.05  TimeCoinc
0.613659  0.0153377  510  10  0.15  0.05  TimeCoinc
0.54277  0.0212538  510  10  0.25  0.05  TimeCoinc
0.46817  0.0316687  510  10  0.35  0.05  TimeCoinc
0.499945  0.0495171  510  10  0.45  0.05  TimeCoinc
0.501005  0.0796542  510  10  0.55  0.05  TimeCoinc
0.334313  0.1486  510  10  0.65  0.05  TimeCoinc
0.216533  0.295141  510  10  0.75  0.05  TimeCoinc
0.387947  0.300771  510  10  0.85  0.05  TimeCoinc
0.0828641  0.647414  510  10  0.95  0.05  TimeCoinc
0.760824  0.0666844  530  10  -0.95  0.05  TimeCoinc
0.709643  0.0339186  530  10  -0.85  0.05  TimeCoinc
0.740506  0.0180392  530  10  -0.75  0.05  TimeCoinc
0.792688  0.0131925  530  10  -0.65  0.05  TimeCoinc
0.765831  0.0114039  530  10  -0.55  0.05  TimeCoinc
0.756669  0.0105477  530  10  -0.45  0.05  TimeCoinc
0.739226  0.010143  530  10  -0.35  0.05  TimeCoinc
0.727386  0.0100167  530  10  -0.25  0.05  TimeCoinc
0.677771  0.0100595  530  10  -0.15  0.05  TimeCoinc
0.668916  0.0106545  530  10  -0.05  0.05  TimeCoinc
0.625725  0.0116795  530  10  0.05  0.05  TimeCoinc
0.570844  0.014061  530  10  0.15  0.05  TimeCoinc
0.559864  0.0187708  530  10  0.25  0.05  TimeCoinc
0.510049  0.0282499  530  10  0.35  0.05  TimeCoinc
0.443226  0.0437832  530  10  0.45  0.05  TimeCoinc
0.321684  0.0702532  530  10  0.55  0.05  TimeCoinc
0.499  0.128596  530  10  0.65  0.05  TimeCoinc
0.213093  0.263696  530  10  0.75  0.05  TimeCoinc
-0.189329  0.349474  530  10  0.85  0.05  TimeCoinc
-0.0157727  0.376611  530  10  0.95  0.05  TimeCoinc
0.679451  0.0788579  550  10  -0.95  0.05  TimeCoinc
0.698769  0.0373533  550  10  -0.85  0.05  TimeCoinc
0.710455  0.0199705  550  10  -0.75  0.05  TimeCoinc
0.781847  0.0145282  550  10  -0.65  0.05  TimeCoinc
0.777168  0.0125387  550  10  -0.55  0.05  TimeCoinc
0.752728  0.0116312  550  10  -0.45  0.05  TimeCoinc
0.735083  0.011188  550  10  -0.35  0.05  TimeCoinc
0.70218  0.0109562  550  10  -0.25  0.05  TimeCoinc
0.702876  0.0110337  550  10  -0.15  0.05  TimeCoinc
0.673901  0.0114758  550  10  -0.05  0.05  TimeCoinc
0.630994  0.012412  550  10  0.05  0.05  TimeCoinc
0.579256  0.0144894  550  10  0.15  0.05  TimeCoinc
0.584991  0.0186992  550  10  0.25  0.05  TimeCoinc
0.50127  0.0270494  550  10  0.35  0.05  TimeCoinc
0.353003  0.0432269  550  10  0.45  0.05  TimeCoinc
0.242477  0.0697198  550  10  0.55  0.05  TimeCoinc
0.244322  0.114291  550  10  0.65  0.05  TimeCoinc
0.0738279  0.248756  550  10  0.75  0.05  TimeCoinc
-0.804591  0.484066  550  10  0.85  0.05  TimeCoinc
-0.517194  0.604997  550  10  0.95  0.05  TimeCoinc
0.544515  0.0584857  570  10  -0.95  0.05  TimeCoinc
0.650096  0.0293091  570  10  -0.85  0.05  TimeCoinc
0.728155  0.0154162  570  10  -0.75  0.05  TimeCoinc
0.787552  0.011261  570  10  -0.65  0.05  TimeCoinc
0.759713  0.00975009  570  10  -0.55  0.05  TimeCoinc
0.760235  0.00895026  570  10  -0.45  0.05  TimeCoinc
0.74615  0.00858425  570  10  -0.35  0.05  TimeCoinc
0.736162  0.00840676  570  10  -0.25  0.05  TimeCoinc
0.696278  0.00846717  570  10  -0.15  0.05  TimeCoinc
0.666669  0.00866568  570  10  -0.05  0.05  TimeCoinc
0.63541  0.00921235  570  10  0.05  0.05  TimeCoinc
0.585846  0.0103921  570  10  0.15  0.05  TimeCoinc
0.544051  0.0127537  570  10  0.25  0.05  TimeCoinc
0.485258  0.0178078  570  10  0.35  0.05  TimeCoinc
0.359711  0.0281443  570  10  0.45  0.05  TimeCoinc
0.290802  0.0472754  570  10  0.55  0.05  TimeCoinc
0.291307  0.0779889  570  10  0.65  0.05  TimeCoinc
-0.069362  0.161072  570  10  0.75  0.05  TimeCoinc
0.346621  0.335908  570  10  0.85  0.05  TimeCoinc
-1.53753e-05  -2.57015e-05  570  10  0.95  0.05  TimeCoinc
0.343795  0.0472694  590  10  -0.95  0.05  TimeCoinc
0.555697  0.0249248  590  10  -0.85  0.05  TimeCoinc
0.730679  0.0131083  590  10  -0.75  0.05  TimeCoinc
0.789288  0.00942035  590  10  -0.65  0.05  TimeCoinc
0.770767  0.00814382  590  10  -0.55  0.05  TimeCoinc
0.768459  0.00751765  590  10  -0.45  0.05  TimeCoinc
0.749656  0.00719603  590  10  -0.35  0.05  TimeCoinc
0.747538  0.00701182  590  10  -0.25  0.05  TimeCoinc
0.713933  0.00706254  590  10  -0.15  0.05  TimeCoinc
0.692426  0.00724094  590  10  -0.05  0.05  TimeCoinc
0.658202  0.00763584  590  10  0.05  0.05  TimeCoinc
0.614909  0.00842333  590  10  0.15  0.05  TimeCoinc
0.561055  0.00995861  590  10  0.25  0.05  TimeCoinc
0.477252  0.0133023  590  10  0.35  0.05  TimeCoinc
0.397425  0.020789  590  10  0.45  0.05  TimeCoinc
0.299591  0.0348965  590  10  0.55  0.05  TimeCoinc
0.109516  0.0623747  590  10  0.65  0.05  TimeCoinc
-0.105481  0.115977  590  10  0.75  0.05  TimeCoinc
0.039393  0.105297  590  10  0.85  0.05  TimeCoinc
-0.0767442  0.148616  590  10  0.95  0.05  TimeCoinc
0.337008  0.0469029  610  10  -0.95  0.05  TimeCoinc
0.53761  0.0264265  610  10  -0.85  0.05  TimeCoinc
0.722034  0.0139849  610  10  -0.75  0.05  TimeCoinc
0.779399  0.0101137  610  10  -0.65  0.05  TimeCoinc
0.77438  0.00871352  610  10  -0.55  0.05  TimeCoinc
0.78746  0.00797528  610  10  -0.45  0.05  TimeCoinc
0.787928  0.00759431  610  10  -0.35  0.05  TimeCoinc
0.763947  0.00745404  610  10  -0.25  0.05  TimeCoinc
0.750908  0.00740684  610  10  -0.15  0.05  TimeCoinc
0.723568  0.00763164  610  10  -0.05  0.05  TimeCoinc
0.698804  0.00801358  610  10  0.05  0.05  TimeCoinc
0.649953  0.00870367  610  10  0.15  0.05  TimeCoinc
0.599973  0.0100372  610  10  0.25  0.05  TimeCoinc
0.513974  0.0130084  610  10  0.35  0.05  TimeCoinc
0.458885  0.0195013  610  10  0.45  0.05  TimeCoinc
0.325611  0.0332487  610  10  0.55  0.05  TimeCoinc
0.145194  0.0584199  610  10  0.65  0.05  TimeCoinc
0.189071  0.110515  610  10  0.75  0.05  TimeCoinc
-0.516253  0.267997  610  10  0.85  0.05  TimeCoinc
0.201107  0.170032  610  10  0.95  0.05  TimeCoinc
0.258908  0.0860352  630  10  -0.95  0.05  TimeCoinc
0.487279  0.0511448  630  10  -0.85  0.05  TimeCoinc
0.663508  0.0276205  630  10  -0.75  0.05  TimeCoinc
0.826695  0.019657  630  10  -0.65  0.05  TimeCoinc
0.786773  0.0168987  630  10  -0.55  0.05  TimeCoinc
0.820999  0.0156422  630  10  -0.45  0.05  TimeCoinc
0.840857  0.0148107  630  10  -0.35  0.05  TimeCoinc
0.808273  0.0144443  630  10  -0.25  0.05  TimeCoinc
0.797097  0.0145614  630  10  -0.15  0.05  TimeCoinc
0.76715  0.0147913  630  10  -0.05  0.05  TimeCoinc
0.74072  0.0154149  630  10  0.05  0.05  TimeCoinc
0.702008  0.016518  630  10  0.15  0.05  TimeCoinc
0.646567  0.0188361  630  10  0.25  0.05  TimeCoinc
0.606795  0.0233278  630  10  0.35  0.05  TimeCoinc
0.542594  0.0342863  630  10  0.45  0.05  TimeCoinc
0.320186  0.0591942  630  10  0.55  0.05  TimeCoinc
0.263653  0.105908  630  10  0.65  0.05  TimeCoinc
0.129523  0.202996  630  10  0.75  0.05  TimeCoinc
0.459874  0.24776  630  10  0.85  0.05  TimeCoinc
0.242188  0.555399  630  10  0.95  0.05  TimeCoinc
-0.0232679  0.208132  650  10  -0.95  0.05  TimeCoinc
0.515074  0.132797  650  10  -0.85  0.05  TimeCoinc
0.721066  0.0743536  650  10  -0.75  0.05  TimeCoinc
0.704771  0.0544563  650  10  -0.65  0.05  TimeCoinc
0.713331  0.0469549  650  10  -0.55  0.05  TimeCoinc
0.729276  0.0430595  650  10  -0.45  0.05  TimeCoinc
0.758932  0.040658  650  10  -0.35  0.05  TimeCoinc
0.708144  0.0399923  650  10  -0.25  0.05  TimeCoinc
0.744885  0.0394007  650  10  -0.15  0.05  TimeCoinc
0.668033  0.0400562  650  10  -0.05  0.05  TimeCoinc
0.781151  0.0417038  650  10  0.05  0.05  TimeCoinc
0.654678  0.0443771  650  10  0.15  0.05  TimeCoinc
0.553883  0.0499249  650  10  0.25  0.05  TimeCoinc
0.617071  0.0599674  650  10  0.35  0.05  TimeCoinc
0.768382  0.083482  650  10  0.45  0.05  TimeCoinc
0.517142  0.139867  650  10  0.55  0.05  TimeCoinc
0.415662  0.260589  650  10  0.65  0.05  TimeCoinc
0.25703  0.551486  650  10  0.75  0.05  TimeCoinc
-1.57824  1.55005  650  10  0.85  0.05  TimeCoinc
-0.000717984  31.4581  650  10  0.95  0.05  TimeCoinc
0.24804  0.787379  670  10  -0.95  0.05  TimeCoinc
0.178565  0.525524  670  10  -0.85  0.05  TimeCoinc
0.39077  0.291848  670  10  -0.75  0.05  TimeCoinc
0.767146  0.21326  670  10  -0.65  0.05  TimeCoinc
0.671933  0.180893  670  10  -0.55  0.05  TimeCoinc
0.821028  0.167479  670  10  -0.45  0.05  TimeCoinc
0.718916  0.156377  670  10  -0.35  0.05  TimeCoinc
0.722038  0.153715  670  10  -0.25  0.05  TimeCoinc
0.551211  0.15301  670  10  -0.15  0.05  TimeCoinc
0.573276  0.154212  670  10  -0.05  0.05  TimeCoinc
0.638602  0.158911  670  10  0.05  0.05  TimeCoinc
0.804037  0.169359  670  10  0.15  0.05  TimeCoinc
0.695197  0.183926  670  10  0.25  0.05  TimeCoinc
0.969023  0.214594  670  10  0.35  0.05  TimeCoinc
0.816749  0.288339  670  10  0.45  0.05  TimeCoinc
0.0428133  0.476403  670  10  0.55  0.05  TimeCoinc
0.978474  0.929238  670  10  0.65  0.05  TimeCoinc
4.01781  1.82996  670  10  0.75  0.05  TimeCoinc
6.30949e-06  -8.1974e-06  670  10  0.85  0.05  TimeCoinc
1.27971e-05  -0.184637  670  10  0.95  0.05  TimeCoinc
-1.84889  0.658943  690  10  -0.95  0.05  TimeCoinc
-0.240158  0.468306  690  10  -0.85  0.05  TimeCoinc
0.500186  0.260575  690  10  -0.75  0.05  TimeCoinc
0.417743  0.188017  690  10  -0.65  0.05  TimeCoinc
0.553028  0.162092  690  10  -0.55  0.05  TimeCoinc
0.515747  0.149233  690  10  -0.45  0.05  TimeCoinc
0.609295  0.142111  690  10  -0.35  0.05  TimeCoinc
0.771106  0.137108  690  10  -0.25  0.05  TimeCoinc
0.704474  0.134291  690  10  -0.15  0.05  TimeCoinc
0.864081  0.135098  690  10  -0.05  0.05  TimeCoinc
0.809605  0.139122  690  10  0.05  0.05  TimeCoinc
0.793386  0.147483  690  10  0.15  0.05  TimeCoinc
0.644034  0.158396  690  10  0.25  0.05  TimeCoinc
0.607527  0.181434  690  10  0.35  0.05  TimeCoinc
0.679038  0.232442  690  10  0.45  0.05  TimeCoinc
0.611992  0.372669  690  10  0.55  0.05  TimeCoinc
-1.14328  0.769282  690  10  0.65  0.05  TimeCoinc
1.31803  1.60079  690  10  0.75  0.05  TimeCoinc
-1.78268  2.51708  690  10  0.85  0.05  TimeCoinc
3.83135  4.00263  690  10  0.95  0.05  TimeCoinc
0.524374  0.696152  710  10  -0.95  0.05  TimeCoinc
0.518244  0.526826  710  10  -0.85  0.05  TimeCoinc
0.59873  0.28661  710  10  -0.75  0.05  TimeCoinc
0.755971  0.20839  710  10  -0.65  0.05  TimeCoinc
0.535837  0.17979  710  10  -0.55  0.05  TimeCoinc
0.714693  0.165993  710  10  -0.45  0.05  TimeCoinc
0.34584  0.157357  710  10  -0.35  0.05  TimeCoinc
0.866077  0.150811  710  10  -0.25  0.05  TimeCoinc
0.693608  0.14848  710  10  -0.15  0.05  TimeCoinc
0.607357  0.149765  710  10  -0.05  0.05  TimeCoinc
0.926997  0.152841  710  10  0.05  0.05  TimeCoinc
0.83271  0.159772  710  10  0.15  0.05  TimeCoinc
0.857837  0.172321  710  10  0.25  0.05  TimeCoinc
0.412782  0.191068  710  10  0.35  0.05  TimeCoinc
0.647941  0.235526  710  10  0.45  0.05  TimeCoinc
-0.197112  0.355305  710  10  0.55  0.05  TimeCoinc
1.51237  0.737218  710  10  0.65  0.05  TimeCoinc
-1.57984  1.71044  710  10  0.75  0.05  TimeCoinc
0.00772195  0.0123938  710  10  0.85  0.05  TimeCoinc
0.889878  3.50623  710  10  0.95  0.05  TimeCoinc
0.253099  0.0462711  410  10  -0.95  0.05  Cut1
0.525551  0.0347944  410  10  -0.85  0.05  Cut1
0.695597  0.0238992  410  10  -0.75  0.05  Cut1
0.764095  0.0180538  410  10  -0.65  0.05  Cut1
0.832337  0.0160953  410  10  -0.55  0.05  Cut1
0.811932  0.01581  410  10  -0.45  0.05  Cut1
0.769957  0.0165476  410  10  -0.35  0.05  Cut1
0.732194  0.018017  410  10  -0.25  0.05  Cut1
0.718938  0.0202206  410  10  -0.15  0.05  Cut1
0.659737  0.0231353  410  10  -0.05  0.05  Cut1
0.552463  0.0268958  410  10  0.05  0.05  Cut1
0.46578  0.0317122  410  10  0.15  0.05  Cut1
0.337755  0.0371357  410  10  0.25  0.05  Cut1
0.221924  0.0436216  410  10  0.35  0.05  Cut1
0.0395957  0.0511053  410  10  0.45  0.05  Cut1
-0.0372972  0.0589207  410  10  0.55  0.05  Cut1
-0.0733692  0.0678062  410  10  0.65  0.05  Cut1
-0.0703144  0.0780181  410  10  0.75  0.05  Cut1
0.200278  0.0933922  410  10  0.85  0.05  Cut1
0.107073  0.119812  410  10  0.95  0.05  Cut1
0.282235  0.0392922  430  10  -0.95  0.05  Cut1
0.544268  0.0283967  430  10  -0.85  0.05  Cut1
0.680098  0.018645  430  10  -0.75  0.05  Cut1
0.746022  0.0139689  430  10  -0.65  0.05  Cut1
0.784215  0.0123378  430  10  -0.55  0.05  Cut1
0.772268  0.0120043  430  10  -0.45  0.05  Cut1
0.757725  0.0124556  430  10  -0.35  0.05  Cut1
0.728824  0.0134599  430  10  -0.25  0.05  Cut1
0.717729  0.0151069  430  10  -0.15  0.05  Cut1
0.656129  0.0175319  430  10  -0.05  0.05  Cut1
0.607354  0.0206203  430  10  0.05  0.05  Cut1
0.49794  0.024598  430  10  0.15  0.05  Cut1
0.388819  0.0294025  430  10  0.25  0.05  Cut1
0.221217  0.0350071  430  10  0.35  0.05  Cut1
0.174976  0.0416945  430  10  0.45  0.05  Cut1
0.02242  0.0485049  430  10  0.55  0.05  Cut1
0.00777755  0.0572018  430  10  0.65  0.05  Cut1
0.0204084  0.067113  430  10  0.75  0.05  Cut1
0.0252125  0.0797216  430  10  0.85  0.05  Cut1
-0.0235388  0.103683  430  10  0.95  0.05  Cut1
0.266814  0.032738  450  10  -0.95  0.05  Cut1
0.456983  0.0230747  450  10  -0.85  0.05  Cut1
0.689307  0.0147057  450  10  -0.75  0.05  Cut1
0.72708  0.0109723  450  10  -0.65  0.05  Cut1
0.752114  0.00966283  450  10  -0.55  0.05  Cut1
0.746801  0.00929352  450  10  -0.45  0.05  Cut1
0.728234  0.00941012  450  10  -0.35  0.05  Cut1
0.713123  0.00998702  450  10  -0.25  0.05  Cut1
0.69124  0.011036  450  10  -0.15  0.05  Cut1
0.65263  0.0127499  450  10  -0.05  0.05  Cut1
0.643962  0.0150692  450  10  0.05  0.05  Cut1
0.55099  0.0183485  450  10  0.15  0.05  Cut1
0.407911  0.0224369  450  10  0.25  0.05  Cut1
0.299299  0.0272675  450  10  0.35  0.05  Cut1
0.154488  0.0331334  450  10  0.45  0.05  Cut1
0.0471825  0.0394658  450  10  0.55  0.05  Cut1
-0.04473  0.0471197  450  10  0.65  0.05  Cut1
-0.0239263  0.0550722  450  10  0.75  0.05  Cut1
-0.00559208  0.0666876  450  10  0.85  0.05  Cut1
-0.0247369  0.0882916  450  10  0.95  0.05  Cut1
0.267532  0.0281034  470  10  -0.95  0.05  Cut1
0.491103  0.0195258  470  10  -0.85  0.05  Cut1
0.695458  0.0123251  470  10  -0.75  0.05  Cut1
0.713466  0.00920657  470  10  -0.65  0.05  Cut1
0.729453  0.0080873  470  10  -0.55  0.05  Cut1
0.723816  0.00773551  470  10  -0.45  0.05  Cut1
0.702604  0.0077357  470  10  -0.35  0.05  Cut1
0.695984  0.00801184  470  10  -0.25  0.05  Cut1
0.677158  0.00867776  470  10  -0.15  0.05  Cut1
0.636494  0.00980673  470  10  -0.05  0.05  Cut1
0.578299  0.0115939  470  10  0.05  0.05  Cut1
0.539884  0.0141875  470  10  0.15  0.05  Cut1
0.407681  0.0177399  470  10  0.25  0.05  Cut1
0.333685  0.0220917  470  10  0.35  0.05  Cut1
0.216673  0.0272039  470  10  0.45  0.05  Cut1
0.0892134  0.033008  470  10  0.55  0.05  Cut1
-0.00677587  0.0398748  470  10  0.65  0.05  Cut1
-0.0646063  0.0476838  470  10  0.75  0.05  Cut1
0.0351795  0.0587129  470  10  0.85  0.05  Cut1
-0.0874018  0.0782797  470  10  0.95  0.05  Cut1
0.271383  0.02885  490  10  -0.95  0.05  Cut1
0.441888  0.0198332  490  10  -0.85  0.05  Cut1
0.643336  0.012538  490  10  -0.75  0.05  Cut1
0.696791  0.00933414  490  10  -0.65  0.05  Cut1
0.698909  0.0081973  490  10  -0.55  0.05  Cut1
0.69389  0.0077795  490  10  -0.45  0.05  Cut1
0.69527  0.0077137  490  10  -0.35  0.05  Cut1
0.67665  0.00790475  490  10  -0.25  0.05  Cut1
0.67226  0.00841512  490  10  -0.15  0.05  Cut1
0.635323  0.00933476  490  10  -0.05  0.05  Cut1
0.590141  0.0108498  490  10  0.05  0.05  Cut1
0.53077  0.0132136  490  10  0.15  0.05  Cut1
0.462194  0.0167658  490  10  0.25  0.05  Cut1
0.330169  0.021395  490  10  0.35  0.05  Cut1
0.202721  0.0268771  490  10  0.45  0.05  Cut1
0.141026  0.0334147  490  10  0.55  0.05  Cut1
0.00960779  0.0407202  490  10  0.65  0.05  Cut1
-0.0851761  0.0490837  490  10  0.75  0.05  Cut1
0.0103267  0.0620659  490  10  0.85  0.05  Cut1
-0.20802  0.0832998  490  10  0.95  0.05  Cut1
0.297836  0.0233062  510  10  -0.95  0.05  Cut1
0.43702  0.0159744  510  10  -0.85  0.05  Cut1
0.640455  0.0100128  510  10  -0.75  0.05  Cut1
0.636898  0.00744881  510  10  -0.65  0.05  Cut1
0.662182  0.00651318  510  10  -0.55  0.05  Cut1
0.669136  0.0061766  510  10  -0.45  0.05  Cut1
0.668585  0.00610467  510  10  -0.35  0.05  Cut1
0.647602  0.00623179  510  10  -0.25  0.05  Cut1
0.653667  0.00654437  510  10  -0.15  0.05  Cut1
0.61822  0.00710626  510  10  -0.05  0.05  Cut1
0.614535  0.00811074  510  10  0.05  0.05  Cut1
0.551918  0.00974873  510  10  0.15  0.05  Cut1
0.487254  0.0123937  510  10  0.25  0.05  Cut1
0.344785  0.0161937  510  10  0.35  0.05  Cut1
0.251183  0.0208214  510  10  0.45  0.05  Cut1
0.166531  0.0261017  510  10  0.55  0.05  Cut1
0.0810262  0.0323715  510  10  0.65  0.05  Cut1
-0.0795484  0.0400387  510  10  0.75  0.05  Cut1
0.0433135  0.0521668  510  10  0.85  0.05  Cut1
-0.100661  0.0714083  510  10  0.95  0.05  Cut1
0.247729  0.0243117  530  10  -0.95  0.05  Cut1
0.409596  0.0167247  530  10  -0.85  0.05  Cut1
0.59363  0.0102703  530  10  -0.75  0.05  Cut1
0.63724  0.00758124  530  10  -0.65  0.05  Cut1
0.629795  0.00664251  530  10  -0.55  0.05  Cut1
0.638748  0.00627954  530  10  -0.45  0.05  Cut1
0.633779  0.00620281  530  10  -0.35  0.05  Cut1
0.632845  0.00631449  530  10  -0.25  0.05  Cut1
0.621204  0.00655725  530  10  -0.15  0.05  Cut1
0.611608  0.00708163  530  10  -0.05  0.05  Cut1
0.570965  0.00787672  530  10  0.05  0.05  Cut1
0.538493  0.00933224  530  10  0.15  0.05  Cut1
0.457568  0.0117313  530  10  0.25  0.05  Cut1
0.392433  0.0154798  530  10  0.35  0.05  Cut1
0.247393  0.0208098  530  10  0.45  0.05  Cut1
0.148186  0.0264637  530  10  0.55  0.05  Cut1
0.0634569  0.0330779  530  10  0.65  0.05  Cut1
-0.060226  0.0410534  530  10  0.75  0.05  Cut1
-0.0720514  0.0544561  530  10  0.85  0.05  Cut1
0.0505638  0.0751022  530  10  0.95  0.05  Cut1
0.234126  0.0271136  550  10  -0.95  0.05  Cut1
0.427681  0.0184554  550  10  -0.85  0.05  Cut1
0.563623  0.0111883  550  10  -0.75  0.05  Cut1
0.593965  0.00823587  550  10  -0.65  0.05  Cut1
0.612291  0.00716472  550  10  -0.55  0.05  Cut1
0.602023  0.00677154  550  10  -0.45  0.05  Cut1
0.608419  0.00670258  550  10  -0.35  0.05  Cut1
0.609947  0.00676674  550  10  -0.25  0.05  Cut1
0.608504  0.007027  550  10  -0.15  0.05  Cut1
0.595777  0.00753101  550  10  -0.05  0.05  Cut1
0.567392  0.00832286  550  10  0.05  0.05  Cut1
0.522343  0.00967973  550  10  0.15  0.05  Cut1
0.482814  0.0120698  550  10  0.25  0.05  Cut1
0.395229  0.0159537  550  10  0.35  0.05  Cut1
0.216398  0.0215343  550  10  0.45  0.05  Cut1
0.172557  0.028113  550  10  0.55  0.05  Cut1
0.0681247  0.0358387  550  10  0.65  0.05  Cut1
0.00857665  0.0447879  550  10  0.75  0.05  Cut1
-0.0792023  0.0621958  550  10  0.85  0.05  Cut1
0.0293293  0.0855353  550  10  0.95  0.05  Cut1
0.23994  0.0214726  570  10  -0.95  0.05  Cut1
0.371006  0.014574  570  10  -0.85  0.05  Cut1
0.549584  0.00859736  570  10  -0.75  0.05  Cut1
0.574344  0.00627908  570  10  -0.65  0.05  Cut1
0.567101  0.00546207  570  10  -0.55  0.05  Cut1
0.57717  0.00515339  570  10  -0.45  0.05  Cut1
0.575636  0.00507176  570  10  -0.35  0.05  Cut1
0.596941  0.00512188  570  10  -0.25  0.05  Cut1
0.584065  0.00532083  570  10  -0.15  0.05  Cut1
0.577828  0.00565147  570  10  -0.05  0.05  Cut1
0.558283  0.00616688  570  10  0.05  0.05  Cut1
0.519931  0.0070789  570  10  0.15  0.05  Cut1
0.459238  0.00860879  570  10  0.25  0.05  Cut1
0.396417  0.0113135  570  10  0.35  0.05  Cut1
0.237038  0.0157753  570  10  0.45  0.05  Cut1
0.146684  0.0213521  570  10  0.55  0.05  Cut1
0.0839548  0.02735  570  10  0.65  0.05  Cut1
0.0191523  0.0352272  570  10  0.75  0.05  Cut1
-0.082038  0.0483426  570  10  0.85  0.05  Cut1
-0.0634963  0.068909  570  10  0.95  0.05  Cut1
0.211897  0.0186126  590  10  -0.95  0.05  Cut1
0.357952  0.0124956  590  10  -0.85  0.05  Cut1
0.512241  0.00730058  590  10  -0.75  0.05  Cut1
0.550696  0.00527674  590  10  -0.65  0.05  Cut1
0.553877  0.00459233  590  10  -0.55  0.05  Cut1
0.568358  0.00430317  590  10  -0.45  0.05  Cut1
0.56233  0.0042267  590  10  -0.35  0.05  Cut1
0.57547  0.00425258  590  10  -0.25  0.05  Cut1
0.562976  0.0044224  590  10  -0.15  0.05  Cut1
0.568531  0.00467072  590  10  -0.05  0.05  Cut1
0.546411  0.00509223  590  10  0.05  0.05  Cut1
0.520437  0.00575736  590  10  0.15  0.05  Cut1
0.462757  0.00688936  590  10  0.25  0.05  Cut1
0.378046  0.00894263  590  10  0.35  0.05  Cut1
0.275548  0.012549  590  10  0.45  0.05  Cut1
0.159774  0.0174276  590  10  0.55  0.05  Cut1
0.0722518  0.023221  590  10  0.65  0.05  Cut1
0.0521467  0.0302793  590  10  0.75  0.05  Cut1
-0.00746072  0.0423817  590  10  0.85  0.05  Cut1
0.0378872  0.0623046  590  10  0.95  0.05  Cut1
0.221465  0.0201319  610  10  -0.95  0.05  Cut1
0.36814  0.0135324  610  10  -0.85  0.05  Cut1
0.509889  0.00780504  610  10  -0.75  0.05  Cut1
0.547766  0.00568464  610  10  -0.65  0.05  Cut1
0.559279  0.00491229  610  10  -0.55  0.05  Cut1
0.568869  0.00460157  610  10  -0.45  0.05  Cut1
0.570028  0.00449154  610  10  -0.35  0.05  Cut1
0.575035  0.0044983  610  10  -0.25  0.05  Cut1
0.569894  0.00463152  610  10  -0.15  0.05  Cut1
0.572634  0.00489788  610  10  -0.05  0.05  Cut1
0.555146  0.00531057  610  10  0.05  0.05  Cut1
0.515082  0.00596989  610  10  0.15  0.05  Cut1
0.480714  0.00702789  610  10  0.25  0.05  Cut1
0.404799  0.00897795  610  10  0.35  0.05  Cut1
0.280624  0.0125759  610  10  0.45  0.05  Cut1
0.179868  0.0181133  610  10  0.55  0.05  Cut1
0.0558454  0.0241529  610  10  0.65  0.05  Cut1
0.011603  0.0324994  610  10  0.75  0.05  Cut1
-0.0783079  0.0460583  610  10  0.85  0.05  Cut1
-0.128119  0.0682556  610  10  0.95  0.05  Cut1
0.219935  0.0388932  630  10  -0.95  0.05  Cut1
0.384265  0.0261534  630  10  -0.85  0.05  Cut1
0.556106  0.0150577  630  10  -0.75  0.05  Cut1
0.6164  0.010901  630  10  -0.65  0.05  Cut1
0.62642  0.00942831  630  10  -0.55  0.05  Cut1
0.651861  0.00880934  630  10  -0.45  0.05  Cut1
0.650354  0.00851395  630  10  -0.35  0.05  Cut1
0.653127  0.00850678  630  10  -0.25  0.05  Cut1
0.641714  0.00877247  630  10  -0.15  0.05  Cut1
0.649073  0.00921563  630  10  -0.05  0.05  Cut1
0.610588  0.0100163  630  10  0.05  0.05  Cut1
0.588218  0.0111336  630  10  0.15  0.05  Cut1
0.531929  0.0131346  630  10  0.25  0.05  Cut1
0.454432  0.0164096  630  10  0.35  0.05  Cut1
0.355325  0.0228962  630  10  0.45  0.05  Cut1
0.125708  0.0331928  630  10  0.55  0.05  Cut1
0.115501  0.0458059  630  10  0.65  0.05  Cut1
-0.139761  0.0616731  630  10  0.75  0.05  Cut1
-0.0855932  0.0918117  630  10  0.85  0.05  Cut1
-0.0704728  0.127613  630  10  0.95  0.05  Cut1
0.388204  0.093754  650  10  -0.95  0.05  Cut1
0.775169  0.0641304  650  10  -0.85  0.05  Cut1
1.0128  0.0374269  650  10  -0.75  0.05  Cut1
1.12347  0.02753  650  10  -0.65  0.05  Cut1
1.139  0.0236807  650  10  -0.55  0.05  Cut1
1.18565  0.0220855  650  10  -0.45  0.05  Cut1
1.1561  0.0213134  650  10  -0.35  0.05  Cut1
1.16384  0.0212  650  10  -0.25  0.05  Cut1
1.09832  0.0217058  650  10  -0.15  0.05  Cut1
1.04661  0.0228101  650  10  -0.05  0.05  Cut1
1.06311  0.0247253  650  10  0.05  0.05  Cut1
0.947765  0.0275804  650  10  0.15  0.05  Cut1
0.79158  0.0320491  650  10  0.25  0.05  Cut1
0.709315  0.0398929  650  10  0.35  0.05  Cut1
0.552001  0.0541276  650  10  0.45  0.05  Cut1
0.076329  0.0782005  650  10  0.55  0.05  Cut1
0.0497907  0.109163  650  10  0.65  0.05  Cut1
0.200177  0.148561  650  10  0.75  0.05  Cut1
0.053185  0.220672  650  10  0.85  0.05  Cut1
-0.0767402  0.320146  650  10  0.95  0.05  Cut1
0.948186  0.362135  670  10  -0.95  0.05  Cut1
2.25004  0.250098  670  10  -0.85  0.05  Cut1
3.01255  0.148838  670  10  -0.75  0.05  Cut1
3.20516  0.108896  670  10  -0.65  0.05  Cut1
3.35561  0.0939951  670  10  -0.55  0.05  Cut1
3.525  0.0871302  670  10  -0.45  0.05  Cut1
3.49888  0.08349  670  10  -0.35  0.05  Cut1
3.4478  0.0826725  670  10  -0.25  0.05  Cut1
3.10279  0.0838398  670  10  -0.15  0.05  Cut1
3.00872  0.0873739  670  10  -0.05  0.05  Cut1
2.84514  0.0936295  670  10  0.05  0.05  Cut1
2.5346  0.103886  670  10  0.15  0.05  Cut1
1.95248  0.120197  670  10  0.25  0.05  Cut1
1.79642  0.146027  670  10  0.35  0.05  Cut1
1.15245  0.192676  670  10  0.45  0.05  Cut1
0.401454  0.281066  670  10  0.55  0.05  Cut1
-0.196153  0.413995  670  10  0.65  0.05  Cut1
0.466146  0.576855  670  10  0.75  0.05  Cut1
0.712478  0.85673  670  10  0.85  0.05  Cut1
-0.0971687  1.25473  670  10  0.95  0.05  Cut1
0.374507  0.337126  690  10  -0.95  0.05  Cut1
1.41913  0.236794  690  10  -0.85  0.05  Cut1
2.5564  0.144464  690  10  -0.75  0.05  Cut1
2.83446  0.10476  690  10  -0.65  0.05  Cut1
2.95224  0.0905299  690  10  -0.55  0.05  Cut1
3.11247  0.0838043  690  10  -0.45  0.05  Cut1
3.06126  0.0801401  690  10  -0.35  0.05  Cut1
3.08213  0.0786374  690  10  -0.25  0.05  Cut1
2.92152  0.0786903  690  10  -0.15  0.05  Cut1
2.77199  0.0807387  690  10  -0.05  0.05  Cut1
2.54941  0.0863152  690  10  0.05  0.05  Cut1
2.27299  0.0950673  690  10  0.15  0.05  Cut1
1.73235  0.107461  690  10  0.25  0.05  Cut1
1.55913  0.128516  690  10  0.35  0.05  Cut1
1.05036  0.165818  690  10  0.45  0.05  Cut1
0.776692  0.242027  690  10  0.55  0.05  Cut1
-0.293819  0.378429  690  10  0.65  0.05  Cut1
-0.164027  0.536514  690  10  0.75  0.05  Cut1
0.163976  0.804397  690  10  0.85  0.05  Cut1
2.26622  1.25347  690  10  0.95  0.05  Cut1
0.81471  0.380895  710  10  -0.95  0.05  Cut1
0.499651  0.27492  710  10  -0.85  0.05  Cut1
2.10351  0.169491  710  10  -0.75  0.05  Cut1
2.30692  0.123246  710  10  -0.65  0.05  Cut1
2.1465  0.107397  710  10  -0.55  0.05  Cut1
2.41696  0.0987364  710  10  -0.45  0.05  Cut1
2.22122  0.0944602  710  10  -0.35  0.05  Cut1
2.27233  0.091866  710  10  -0.25  0.05  Cut1
2.23403  0.0911248  710  10  -0.15  0.05  Cut1
2.05687  0.0929177  710  10  -0.05  0.05  Cut1
1.9604  0.0975467  710  10  0.05  0.05  Cut1
1.88648  0.106013  710  10  0.15  0.05  Cut1
1.32948  0.118698  710  10  0.25  0.05  Cut1
1.04267  0.138452  710  10  0.35  0.05  Cut1
0.679196  0.175096  710  10  0.45  0.05  Cut1
0.318424  0.247474  710  10  0.55  0.05  Cut1
0.804038  0.398058  710  10  0.65  0.05  Cut1
-0.222888  0.608757  710  10  0.75  0.05  Cut1
0.767842  0.969605  710  10  0.85  0.05  Cut1
-0.414903  1.73427  710  10  0.95  0.05  Cut1
