-0.4263  3.62618  410  10  -0.95  0.05  SignalTiming
3.03097  1.61234  410  10  -0.85  0.05  SignalTiming
1.38572  0.951477  410  10  -0.75  0.05  SignalTiming
0.342569  0.937889  410  10  -0.65  0.05  SignalTiming
1.62832  0.756554  410  10  -0.55  0.05  SignalTiming
-0.0152198  0.765288  410  10  -0.45  0.05  SignalTiming
0.92419  0.605988  410  10  -0.35  0.05  SignalTiming
0.659537  0.616622  410  10  -0.25  0.05  SignalTiming
-0.696072  0.603211  410  10  -0.15  0.05  SignalTiming
0.0558561  0.553043  410  10  -0.05  0.05  SignalTiming
0.578244  0.501104  410  10  0.05  0.05  SignalTiming
-0.373256  0.555445  410  10  0.15  0.05  SignalTiming
-0.135502  0.619815  410  10  0.25  0.05  SignalTiming
-0.788852  0.658696  410  10  0.35  0.05  SignalTiming
-0.287884  0.691827  410  10  0.45  0.05  SignalTiming
-0.396058  1.07413  410  10  0.55  0.05  SignalTiming
-0.140071  1.23656  410  10  0.65  0.05  SignalTiming
-1.59315  1.59635  410  10  0.75  0.05  SignalTiming
0.0692083  1.32331  410  10  0.85  0.05  SignalTiming
0.204491  1.76107  410  10  0.95  0.05  SignalTiming
2.20566  5.87341  430  10  -0.95  0.05  SignalTiming
-0.668155  0.822389  430  10  -0.85  0.05  SignalTiming
0.763498  0.845725  430  10  -0.75  0.05  SignalTiming
0.202773  0.596369  430  10  -0.65  0.05  SignalTiming
1.09997  0.472198  430  10  -0.55  0.05  SignalTiming
-0.453392  0.609532  430  10  -0.45  0.05  SignalTiming
-0.057802  0.427943  430  10  -0.35  0.05  SignalTiming
-0.0809012  0.400353  430  10  -0.25  0.05  SignalTiming
-0.157201  0.422887  430  10  -0.15  0.05  SignalTiming
0.375359  0.403977  430  10  -0.05  0.05  SignalTiming
-0.274031  0.431326  430  10  0.05  0.05  SignalTiming
0.0686273  0.39428  430  10  0.15  0.05  SignalTiming
0.0638339  0.39609  430  10  0.25  0.05  SignalTiming
0.616329  0.417871  430  10  0.35  0.05  SignalTiming
0.105394  0.483068  430  10  0.45  0.05  SignalTiming
0.367944  0.641584  430  10  0.55  0.05  SignalTiming
0.0946735  0.581165  430  10  0.65  0.05  SignalTiming
-1.05901  0.785806  430  10  0.75  0.05  SignalTiming
1.62574  0.757628  430  10  0.85  0.05  SignalTiming
-1.93339  1.39611  430  10  0.95  0.05  SignalTiming
-0.774341  1.65833  450  10  -0.95  0.05  SignalTiming
0.651885  0.607619  450  10  -0.85  0.05  SignalTiming
-0.0568095  0.359621  450  10  -0.75  0.05  SignalTiming
0.0393139  0.317469  450  10  -0.65  0.05  SignalTiming
0.194416  0.312586  450  10  -0.55  0.05  SignalTiming
0.348568  0.312738  450  10  -0.45  0.05  SignalTiming
0.884182  0.374546  450  10  -0.35  0.05  SignalTiming
-0.403905  0.345758  450  10  -0.25  0.05  SignalTiming
0.585748  0.308455  450  10  -0.15  0.05  SignalTiming
-0.193998  0.272033  450  10  -0.05  0.05  SignalTiming
0.163807  0.293841  450  10  0.05  0.05  SignalTiming
-0.111351  0.28708  450  10  0.15  0.05  SignalTiming
-0.0850666  0.270713  450  10  0.25  0.05  SignalTiming
0.264186  0.273249  450  10  0.35  0.05  SignalTiming
0.169278  0.318405  450  10  0.45  0.05  SignalTiming
0.668154  0.350622  450  10  0.55  0.05  SignalTiming
0.271773  0.483127  450  10  0.65  0.05  SignalTiming
0.253878  0.618005  450  10  0.75  0.05  SignalTiming
0.22052  0.656579  450  10  0.85  0.05  SignalTiming
1.65402  1.18264  450  10  0.95  0.05  SignalTiming
0.377997  1.34615  470  10  -0.95  0.05  SignalTiming
0.267376  0.379631  470  10  -0.85  0.05  SignalTiming
0.613349  0.229167  470  10  -0.75  0.05  SignalTiming
0.257872  0.190135  470  10  -0.65  0.05  SignalTiming
0.347477  0.19821  470  10  -0.55  0.05  SignalTiming
0.442336  0.209141  470  10  -0.45  0.05  SignalTiming
0.315579  0.239677  470  10  -0.35  0.05  SignalTiming
-0.0883245  0.23475  470  10  -0.25  0.05  SignalTiming
0.619026  0.275895  470  10  -0.15  0.05  SignalTiming
0.14212  0.253521  470  10  -0.05  0.05  SignalTiming
-0.468511  0.236266  470  10  0.05  0.05  SignalTiming
-0.171436  0.220222  470  10  0.15  0.05  SignalTiming
0.198241  0.218545  470  10  0.25  0.05  SignalTiming
-0.0711521  0.226869  470  10  0.35  0.05  SignalTiming
-0.160334  0.264389  470  10  0.45  0.05  SignalTiming
-0.131451  0.291439  470  10  0.55  0.05  SignalTiming
-0.502382  0.304653  470  10  0.65  0.05  SignalTiming
0.714251  0.365485  470  10  0.75  0.05  SignalTiming
0.400534  0.460815  470  10  0.85  0.05  SignalTiming
0.45493  1.25706  470  10  0.95  0.05  SignalTiming
0.937642  0.924545  490  10  -0.95  0.05  SignalTiming
0.401517  0.376527  490  10  -0.85  0.05  SignalTiming
0.704411  0.202585  490  10  -0.75  0.05  SignalTiming
0.580969  0.16486  490  10  -0.65  0.05  SignalTiming
0.639239  0.147756  490  10  -0.55  0.05  SignalTiming
0.336011  0.173898  490  10  -0.45  0.05  SignalTiming
0.204163  0.213398  490  10  -0.35  0.05  SignalTiming
0.656295  0.227312  490  10  -0.25  0.05  SignalTiming
0.0804165  0.219863  490  10  -0.15  0.05  SignalTiming
-0.0731996  0.250836  490  10  -0.05  0.05  SignalTiming
-0.136429  0.231624  490  10  0.05  0.05  SignalTiming
-0.172074  0.231543  490  10  0.15  0.05  SignalTiming
-0.13894  0.214296  490  10  0.25  0.05  SignalTiming
-0.465399  0.206842  490  10  0.35  0.05  SignalTiming
-0.406257  0.209217  490  10  0.45  0.05  SignalTiming
0.0457737  0.198012  490  10  0.55  0.05  SignalTiming
0.222676  0.261706  490  10  0.65  0.05  SignalTiming
-0.16586  0.289667  490  10  0.75  0.05  SignalTiming
-0.505675  0.545267  490  10  0.85  0.05  SignalTiming
-0.188731  0.905842  490  10  0.95  0.05  SignalTiming
1.79515  1.02845  510  10  -0.95  0.05  SignalTiming
0.530542  0.286486  510  10  -0.85  0.05  SignalTiming
0.311246  0.152269  510  10  -0.75  0.05  SignalTiming
0.378618  0.121911  510  10  -0.65  0.05  SignalTiming
0.669935  0.108775  510  10  -0.55  0.05  SignalTiming
0.456301  0.118545  510  10  -0.45  0.05  SignalTiming
0.475823  0.127367  510  10  -0.35  0.05  SignalTiming
0.159054  0.150529  510  10  -0.25  0.05  SignalTiming
0.356796  0.176983  510  10  -0.15  0.05  SignalTiming
0.20627  0.194783  510  10  -0.05  0.05  SignalTiming
0.0260308  0.199917  510  10  0.05  0.05  SignalTiming
-0.100761  0.17465  510  10  0.15  0.05  SignalTiming
-0.0754153  0.173663  510  10  0.25  0.05  SignalTiming
0.264918  0.162815  510  10  0.35  0.05  SignalTiming
-0.246513  0.154519  510  10  0.45  0.05  SignalTiming
0.0806571  0.148209  510  10  0.55  0.05  SignalTiming
0.165802  0.165837  510  10  0.65  0.05  SignalTiming
-0.427025  0.2112  510  10  0.75  0.05  SignalTiming
0.0137627  0.354468  510  10  0.85  0.05  SignalTiming
0.21171  0.575069  510  10  0.95  0.05  SignalTiming
1.79265  1.15446  530  10  -0.95  0.05  SignalTiming
0.394999  0.239498  530  10  -0.85  0.05  SignalTiming
0.656545  0.154292  530  10  -0.75  0.05  SignalTiming
0.323069  0.105453  530  10  -0.65  0.05  SignalTiming
0.316538  0.10917  530  10  -0.55  0.05  SignalTiming
0.457051  0.104937  530  10  -0.45  0.05  SignalTiming
0.50397  0.106726  530  10  -0.35  0.05  SignalTiming
0.540205  0.120803  530  10  -0.25  0.05  SignalTiming
0.306375  0.154883  530  10  -0.15  0.05  SignalTiming
0.196216  0.171925  530  10  -0.05  0.05  SignalTiming
0.0879421  0.159639  530  10  0.05  0.05  SignalTiming
-0.333957  0.179593  530  10  0.15  0.05  SignalTiming
0.22619  0.161954  530  10  0.25  0.05  SignalTiming
-0.0660469  0.151002  530  10  0.35  0.05  SignalTiming
-0.179856  0.141765  530  10  0.45  0.05  SignalTiming
-0.113342  0.153507  530  10  0.55  0.05  SignalTiming
-0.0110871  0.154067  530  10  0.65  0.05  SignalTiming
0.104394  0.18498  530  10  0.75  0.05  SignalTiming
0.19394  0.306076  530  10  0.85  0.05  SignalTiming
0.0732501  0.851099  530  10  0.95  0.05  SignalTiming
0.0753071  0.604872  550  10  -0.95  0.05  SignalTiming
0.327578  0.275595  550  10  -0.85  0.05  SignalTiming
0.115942  0.173088  550  10  -0.75  0.05  SignalTiming
0.392108  0.118758  550  10  -0.65  0.05  SignalTiming
0.231822  0.102549  550  10  -0.55  0.05  SignalTiming
0.5071  0.0993748  550  10  -0.45  0.05  SignalTiming
0.284234  0.106577  550  10  -0.35  0.05  SignalTiming
0.457306  0.113724  550  10  -0.25  0.05  SignalTiming
0.396823  0.140766  550  10  -0.15  0.05  SignalTiming
0.327633  0.159375  550  10  -0.05  0.05  SignalTiming
-0.0264363  0.167767  550  10  0.05  0.05  SignalTiming
-0.155917  0.183144  550  10  0.15  0.05  SignalTiming
-0.0737796  0.161867  550  10  0.25  0.05  SignalTiming
-0.29586  0.159753  550  10  0.35  0.05  SignalTiming
-0.11046  0.154945  550  10  0.45  0.05  SignalTiming
-0.0119416  0.152558  550  10  0.55  0.05  SignalTiming
-0.233165  0.163038  550  10  0.65  0.05  SignalTiming
-0.27742  0.20976  550  10  0.75  0.05  SignalTiming
-0.188617  0.314245  550  10  0.85  0.05  SignalTiming
0.294732  0.611581  550  10  0.95  0.05  SignalTiming
-1.31777  0.721464  570  10  -0.95  0.05  SignalTiming
-0.0162048  0.217329  570  10  -0.85  0.05  SignalTiming
0.29178  0.110019  570  10  -0.75  0.05  SignalTiming
0.306181  0.0881082  570  10  -0.65  0.05  SignalTiming
0.412612  0.0744808  570  10  -0.55  0.05  SignalTiming
0.395113  0.0719347  570  10  -0.45  0.05  SignalTiming
0.353181  0.0701571  570  10  -0.35  0.05  SignalTiming
0.403474  0.0754941  570  10  -0.25  0.05  SignalTiming
0.307782  0.0836973  570  10  -0.15  0.05  SignalTiming
0.188436  0.104155  570  10  -0.05  0.05  SignalTiming
0.0353204  0.119616  570  10  0.05  0.05  SignalTiming
-0.042165  0.115493  570  10  0.15  0.05  SignalTiming
0.0326523  0.121538  570  10  0.25  0.05  SignalTiming
-0.17736  0.114532  570  10  0.35  0.05  SignalTiming
-0.0301287  0.1049  570  10  0.45  0.05  SignalTiming
0.0361219  0.103327  570  10  0.55  0.05  SignalTiming
-0.0749465  0.106632  570  10  0.65  0.05  SignalTiming
-0.0170088  0.137054  570  10  0.75  0.05  SignalTiming
0.0201004  0.239688  570  10  0.85  0.05  SignalTiming
-0.282716  0.4619  570  10  0.95  0.05  SignalTiming
0.25159  0.561836  590  10  -0.95  0.05  SignalTiming
-0.0761787  0.163658  590  10  -0.85  0.05  SignalTiming
0.238556  0.0897046  590  10  -0.75  0.05  SignalTiming
0.269437  0.0709954  590  10  -0.65  0.05  SignalTiming
0.258598  0.0623313  590  10  -0.55  0.05  SignalTiming
0.394082  0.0591513  590  10  -0.45  0.05  SignalTiming
0.324178  0.0578344  590  10  -0.35  0.05  SignalTiming
0.441177  0.0579078  590  10  -0.25  0.05  SignalTiming
0.345134  0.0616503  590  10  -0.15  0.05  SignalTiming
0.272923  0.0731939  590  10  -0.05  0.05  SignalTiming
0.109198  0.0875208  590  10  0.05  0.05  SignalTiming
-0.0614768  0.0947221  590  10  0.15  0.05  SignalTiming
-0.0968943  0.10319  590  10  0.25  0.05  SignalTiming
-0.227405  0.094953  590  10  0.35  0.05  SignalTiming
-0.153747  0.0854464  590  10  0.45  0.05  SignalTiming
-0.287195  0.0861105  590  10  0.55  0.05  SignalTiming
-0.124033  0.083459  590  10  0.65  0.05  SignalTiming
-0.0270048  0.100003  590  10  0.75  0.05  SignalTiming
0.237238  0.183941  590  10  0.85  0.05  SignalTiming
0.483312  0.369192  590  10  0.95  0.05  SignalTiming
0.342461  0.587543  610  10  -0.95  0.05  SignalTiming
0.128612  0.165532  610  10  -0.85  0.05  SignalTiming
0.220606  0.097584  610  10  -0.75  0.05  SignalTiming
0.258141  0.0718083  610  10  -0.65  0.05  SignalTiming
0.321433  0.0659882  610  10  -0.55  0.05  SignalTiming
0.433077  0.0581921  610  10  -0.45  0.05  SignalTiming
0.398344  0.0564431  610  10  -0.35  0.05  SignalTiming
0.444241  0.0547737  610  10  -0.25  0.05  SignalTiming
0.416737  0.0590256  610  10  -0.15  0.05  SignalTiming
0.301462  0.0658264  610  10  -0.05  0.05  SignalTiming
0.344663  0.0814047  610  10  0.05  0.05  SignalTiming
0.154108  0.0926129  610  10  0.15  0.05  SignalTiming
-0.185947  0.102648  610  10  0.25  0.05  SignalTiming
-0.206081  0.0952047  610  10  0.35  0.05  SignalTiming
-0.0847777  0.0917129  610  10  0.45  0.05  SignalTiming
-0.145131  0.0843679  610  10  0.55  0.05  SignalTiming
0.0326486  0.0837223  610  10  0.65  0.05  SignalTiming
-0.105053  0.102396  610  10  0.75  0.05  SignalTiming
-0.121454  0.176841  610  10  0.85  0.05  SignalTiming
-0.0251088  0.477206  610  10  0.95  0.05  SignalTiming
-0.437014  0.761262  630  10  -0.95  0.05  SignalTiming
0.0132284  0.291563  630  10  -0.85  0.05  SignalTiming
0.151811  0.170872  630  10  -0.75  0.05  SignalTiming
0.50135  0.137064  630  10  -0.65  0.05  SignalTiming
0.44256  0.111824  630  10  -0.55  0.05  SignalTiming
0.453054  0.110103  630  10  -0.45  0.05  SignalTiming
0.376388  0.0987487  630  10  -0.35  0.05  SignalTiming
0.517159  0.10127  630  10  -0.25  0.05  SignalTiming
0.641423  0.111533  630  10  -0.15  0.05  SignalTiming
0.416796  0.12268  630  10  -0.05  0.05  SignalTiming
0.376202  0.135488  630  10  0.05  0.05  SignalTiming
0.163478  0.170537  630  10  0.15  0.05  SignalTiming
0.100579  0.188632  630  10  0.25  0.05  SignalTiming
-0.490785  0.186939  630  10  0.35  0.05  SignalTiming
0.111312  0.18508  630  10  0.45  0.05  SignalTiming
0.110402  0.169835  630  10  0.55  0.05  SignalTiming
0.0349118  0.176056  630  10  0.65  0.05  SignalTiming
-0.12814  0.21235  630  10  0.75  0.05  SignalTiming
0.161905  0.313738  630  10  0.85  0.05  SignalTiming
1.40549  -2.3443  630  10  0.95  0.05  SignalTiming
0.234597  2.0234  650  10  -0.95  0.05  SignalTiming
-1.52645  1.00982  650  10  -0.85  0.05  SignalTiming
0.136596  0.445881  650  10  -0.75  0.05  SignalTiming
-0.608076  0.339897  650  10  -0.65  0.05  SignalTiming
0.427573  0.366656  650  10  -0.55  0.05  SignalTiming
0.71651  0.276891  650  10  -0.45  0.05  SignalTiming
0.0618974  0.290148  650  10  -0.35  0.05  SignalTiming
0.167456  0.271168  650  10  -0.25  0.05  SignalTiming
0.781924  0.264113  650  10  -0.15  0.05  SignalTiming
-0.0925235  0.302947  650  10  -0.05  0.05  SignalTiming
-0.0267993  0.335501  650  10  0.05  0.05  SignalTiming
0.420423  0.360011  650  10  0.15  0.05  SignalTiming
1.29395  0.459371  650  10  0.25  0.05  SignalTiming
-0.287832  0.488963  650  10  0.35  0.05  SignalTiming
0.266619  0.459706  650  10  0.45  0.05  SignalTiming
0.219509  0.47599  650  10  0.55  0.05  SignalTiming
0.812783  0.388886  650  10  0.65  0.05  SignalTiming
0.512464  0.609124  650  10  0.75  0.05  SignalTiming
-0.663517  0.926176  650  10  0.85  0.05  SignalTiming
0.191221  1.69179  650  10  0.95  0.05  SignalTiming
29.3417  25.5632  670  10  -0.95  0.05  SignalTiming
-0.764768  2.81547  670  10  -0.85  0.05  SignalTiming
-0.62827  1.56222  670  10  -0.75  0.05  SignalTiming
1.43839  1.31739  670  10  -0.65  0.05  SignalTiming
-0.0305857  1.14335  670  10  -0.55  0.05  SignalTiming
0.446817  1.05583  670  10  -0.45  0.05  SignalTiming
0.56108  0.984649  670  10  -0.35  0.05  SignalTiming
-0.591221  0.98332  670  10  -0.25  0.05  SignalTiming
-0.272657  0.99602  670  10  -0.15  0.05  SignalTiming
1.71327  0.943517  670  10  -0.05  0.05  SignalTiming
1.31754  1.10359  670  10  0.05  0.05  SignalTiming
2.44295  1.34886  670  10  0.15  0.05  SignalTiming
1.23139  1.62372  670  10  0.25  0.05  SignalTiming
-0.345193  2.21286  670  10  0.35  0.05  SignalTiming
2.4319  1.74866  670  10  0.45  0.05  SignalTiming
-1.08809  1.67897  670  10  0.55  0.05  SignalTiming
1.12619  1.55666  670  10  0.65  0.05  SignalTiming
-4.03922  1.96025  670  10  0.75  0.05  SignalTiming
-3.41608  3.811  670  10  0.85  0.05  SignalTiming
0.875783  6.68846  670  10  0.95  0.05  SignalTiming
-3.86905  4.16162  690  10  -0.95  0.05  SignalTiming
0.89852  2.99055  690  10  -0.85  0.05  SignalTiming
1.50919  1.58917  690  10  -0.75  0.05  SignalTiming
1.25887  1.45139  690  10  -0.65  0.05  SignalTiming
0.639892  1.07569  690  10  -0.55  0.05  SignalTiming
2.32923  1.04708  690  10  -0.45  0.05  SignalTiming
1.7289  0.918282  690  10  -0.35  0.05  SignalTiming
0.650533  0.87531  690  10  -0.25  0.05  SignalTiming
1.23572  0.928638  690  10  -0.15  0.05  SignalTiming
0.409468  0.908111  690  10  -0.05  0.05  SignalTiming
0.339193  0.999951  690  10  0.05  0.05  SignalTiming
0.850224  1.16589  690  10  0.15  0.05  SignalTiming
2.38419  1.48731  690  10  0.25  0.05  SignalTiming
0.631925  1.86637  690  10  0.35  0.05  SignalTiming
-1.9663  1.61301  690  10  0.45  0.05  SignalTiming
-2.01595  1.67211  690  10  0.55  0.05  SignalTiming
-1.83217  1.86789  690  10  0.65  0.05  SignalTiming
0.682555  2.02655  690  10  0.75  0.05  SignalTiming
4.03286  3.81941  690  10  0.85  0.05  SignalTiming
-7.57171  6.18439  690  10  0.95  0.05  SignalTiming
-3.62203  6.53267  710  10  -0.95  0.05  SignalTiming
-7.7878  3.47409  710  10  -0.85  0.05  SignalTiming
-1.03966  1.56053  710  10  -0.75  0.05  SignalTiming
2.68819  1.41461  710  10  -0.65  0.05  SignalTiming
-0.690382  1.15187  710  10  -0.55  0.05  SignalTiming
1.95029  1.25193  710  10  -0.45  0.05  SignalTiming
0.749502  1.06453  710  10  -0.35  0.05  SignalTiming
0.68615  1.23049  710  10  -0.25  0.05  SignalTiming
2.04233  1.02061  710  10  -0.15  0.05  SignalTiming
2.4754  1.04202  710  10  -0.05  0.05  SignalTiming
1.55498  1.40211  710  10  0.05  0.05  SignalTiming
0.629271  1.2942  710  10  0.15  0.05  SignalTiming
2.42311  1.58334  710  10  0.25  0.05  SignalTiming
-1.4904  2.30366  710  10  0.35  0.05  SignalTiming
0.192832  2.14562  710  10  0.45  0.05  SignalTiming
-1.67763  2.13286  710  10  0.55  0.05  SignalTiming
0.198293  1.91682  710  10  0.65  0.05  SignalTiming
0.304142  2.49154  710  10  0.75  0.05  SignalTiming
-4.45505  6.43014  710  10  0.85  0.05  SignalTiming
8.72048  7.46751  710  10  0.95  0.05  SignalTiming
