-0.274959  0.193964  410  10  -0.95  0.05  SignalTiming
0.284033  0.11267  410  10  -0.85  0.05  SignalTiming
0.714456  0.0798583  410  10  -0.75  0.05  SignalTiming
0.704168  0.0627952  410  10  -0.65  0.05  SignalTiming
0.706196  0.0557287  410  10  -0.55  0.05  SignalTiming
0.689135  0.053974  410  10  -0.45  0.05  SignalTiming
0.588948  0.0555688  410  10  -0.35  0.05  SignalTiming
0.563287  0.0611085  410  10  -0.25  0.05  SignalTiming
0.658516  0.0711023  410  10  -0.15  0.05  SignalTiming
0.612039  0.0877539  410  10  -0.05  0.05  SignalTiming
0.737209  0.114533  410  10  0.05  0.05  SignalTiming
0.47631  0.172132  410  10  0.15  0.05  SignalTiming
0.590372  0.301708  410  10  0.25  0.05  SignalTiming
-0.140975  0.818689  410  10  0.35  0.05  SignalTiming
0.622717  1.57019  410  10  0.45  0.05  SignalTiming
-0.29194  2.49111  410  10  0.55  0.05  SignalTiming
0.784  2.21796  410  10  0.65  0.05  SignalTiming
1.70728  1.90058  410  10  0.75  0.05  SignalTiming
-0.000751053  2.29712  410  10  0.85  0.05  SignalTiming
3.73335  1.76246  410  10  0.95  0.05  SignalTiming
0.623531  0.186632  430  10  -0.95  0.05  SignalTiming
0.641855  0.0958541  430  10  -0.85  0.05  SignalTiming
0.702141  0.0624526  430  10  -0.75  0.05  SignalTiming
0.636181  0.0476929  430  10  -0.65  0.05  SignalTiming
0.627635  0.041594  430  10  -0.55  0.05  SignalTiming
0.640624  0.0396448  430  10  -0.45  0.05  SignalTiming
0.726274  0.040491  430  10  -0.35  0.05  SignalTiming
0.676627  0.0433516  430  10  -0.25  0.05  SignalTiming
0.619942  0.0497565  430  10  -0.15  0.05  SignalTiming
0.727784  0.0582509  430  10  -0.05  0.05  SignalTiming
0.607172  0.0743083  430  10  0.05  0.05  SignalTiming
0.700158  0.103143  430  10  0.15  0.05  SignalTiming
0.637087  0.161391  430  10  0.25  0.05  SignalTiming
0.649169  0.335949  430  10  0.35  0.05  SignalTiming
0.43243  0.832588  430  10  0.45  0.05  SignalTiming
0.358736  1.15314  430  10  0.55  0.05  SignalTiming
1.43782  1.70928  430  10  0.65  0.05  SignalTiming
-0.435199  2.31129  430  10  0.75  0.05  SignalTiming
-2.85503  4.26013  430  10  0.85  0.05  SignalTiming
-0.507271  2.2764  430  10  0.95  0.05  SignalTiming
0.377078  0.163911  450  10  -0.95  0.05  SignalTiming
0.472256  0.080806  450  10  -0.85  0.05  SignalTiming
0.802411  0.0505161  450  10  -0.75  0.05  SignalTiming
0.664238  0.0380134  450  10  -0.65  0.05  SignalTiming
0.654811  0.0322034  450  10  -0.55  0.05  SignalTiming
0.751544  0.0302588  450  10  -0.45  0.05  SignalTiming
0.675669  0.0303241  450  10  -0.35  0.05  SignalTiming
0.719576  0.0321734  450  10  -0.25  0.05  SignalTiming
0.744598  0.0358589  450  10  -0.15  0.05  SignalTiming
0.596263  0.0416666  450  10  -0.05  0.05  SignalTiming
0.664725  0.0506172  450  10  0.05  0.05  SignalTiming
0.706986  0.0669019  450  10  0.15  0.05  SignalTiming
0.603073  0.0969814  450  10  0.25  0.05  SignalTiming
0.496901  0.181307  450  10  0.35  0.05  SignalTiming
-0.334465  0.414201  450  10  0.45  0.05  SignalTiming
0.189826  0.74032  450  10  0.55  0.05  SignalTiming
-0.830787  1.32004  450  10  0.65  0.05  SignalTiming
1.06166  1.25101  450  10  0.75  0.05  SignalTiming
-1.1029  1.65679  450  10  0.85  0.05  SignalTiming
-0.0368084  2.03224  450  10  0.95  0.05  SignalTiming
0.264886  0.155848  470  10  -0.95  0.05  SignalTiming
0.598004  0.073157  470  10  -0.85  0.05  SignalTiming
0.719632  0.0448691  470  10  -0.75  0.05  SignalTiming
0.716774  0.03245  470  10  -0.65  0.05  SignalTiming
0.775649  0.027185  470  10  -0.55  0.05  SignalTiming
0.722919  0.0251338  470  10  -0.45  0.05  SignalTiming
0.683251  0.0246274  470  10  -0.35  0.05  SignalTiming
0.730556  0.0251034  470  10  -0.25  0.05  SignalTiming
0.686573  0.0274659  470  10  -0.15  0.05  SignalTiming
0.711613  0.0314122  470  10  -0.05  0.05  SignalTiming
0.646344  0.0374667  470  10  0.05  0.05  SignalTiming
0.575136  0.0478611  470  10  0.15  0.05  SignalTiming
0.516853  0.0664401  470  10  0.25  0.05  SignalTiming
0.338484  0.105837  470  10  0.35  0.05  SignalTiming
0.492572  0.192554  470  10  0.45  0.05  SignalTiming
-0.518426  0.529693  470  10  0.55  0.05  SignalTiming
3.47095  5.94476  470  10  0.65  0.05  SignalTiming
-0.629309  1.11141  470  10  0.75  0.05  SignalTiming
-1.641  1.53712  470  10  0.85  0.05  SignalTiming
-0.500739  1.55042  470  10  0.95  0.05  SignalTiming
0.667842  0.19859  490  10  -0.95  0.05  SignalTiming
0.679387  0.0789254  490  10  -0.85  0.05  SignalTiming
0.760166  0.0465887  490  10  -0.75  0.05  SignalTiming
0.762458  0.0335568  490  10  -0.65  0.05  SignalTiming
0.792717  0.0281192  490  10  -0.55  0.05  SignalTiming
0.699611  0.0255767  490  10  -0.45  0.05  SignalTiming
0.744233  0.0246875  490  10  -0.35  0.05  SignalTiming
0.73275  0.0246838  490  10  -0.25  0.05  SignalTiming
0.680631  0.0261052  490  10  -0.15  0.05  SignalTiming
0.605634  0.0293438  490  10  -0.05  0.05  SignalTiming
0.6375  0.0348428  490  10  0.05  0.05  SignalTiming
0.558986  0.0428073  490  10  0.15  0.05  SignalTiming
0.489889  0.0590951  490  10  0.25  0.05  SignalTiming
0.751761  0.0905595  490  10  0.35  0.05  SignalTiming
0.518475  0.146234  490  10  0.45  0.05  SignalTiming
-0.0599754  0.360127  490  10  0.55  0.05  SignalTiming
-1.00122  0.812565  490  10  0.65  0.05  SignalTiming
2.86606  3.91993  490  10  0.75  0.05  SignalTiming
1.30628  1.58432  490  10  0.85  0.05  SignalTiming
-1.11661  1.48363  490  10  0.95  0.05  SignalTiming
0.467602  0.175187  510  10  -0.95  0.05  SignalTiming
0.612831  0.0670585  510  10  -0.85  0.05  SignalTiming
0.823052  0.0388805  510  10  -0.75  0.05  SignalTiming
0.778535  0.0285105  510  10  -0.65  0.05  SignalTiming
0.781457  0.0233342  510  10  -0.55  0.05  SignalTiming
0.774916  0.0210338  510  10  -0.45  0.05  SignalTiming
0.775028  0.0200271  510  10  -0.35  0.05  SignalTiming
0.62349  0.0195836  510  10  -0.25  0.05  SignalTiming
0.681401  0.0201212  510  10  -0.15  0.05  SignalTiming
0.667192  0.0220726  510  10  -0.05  0.05  SignalTiming
0.635513  0.025633  510  10  0.05  0.05  SignalTiming
0.596476  0.0311869  510  10  0.15  0.05  SignalTiming
0.534954  0.0419697  510  10  0.25  0.05  SignalTiming
0.508288  0.0610152  510  10  0.35  0.05  SignalTiming
0.59714  0.0989101  510  10  0.45  0.05  SignalTiming
0.768093  0.211529  510  10  0.55  0.05  SignalTiming
-0.265962  0.526735  510  10  0.65  0.05  SignalTiming
-0.465554  0.684336  510  10  0.75  0.05  SignalTiming
-0.761357  0.914676  510  10  0.85  0.05  SignalTiming
0.846674  0.64663  510  10  0.95  0.05  SignalTiming
0.410264  0.177966  530  10  -0.95  0.05  SignalTiming
0.636879  0.0764209  530  10  -0.85  0.05  SignalTiming
0.757441  0.0412658  530  10  -0.75  0.05  SignalTiming
0.794821  0.0292359  530  10  -0.65  0.05  SignalTiming
0.748604  0.02505  530  10  -0.55  0.05  SignalTiming
0.743603  0.0222057  530  10  -0.45  0.05  SignalTiming
0.753401  0.0210257  530  10  -0.35  0.05  SignalTiming
0.735659  0.02029  530  10  -0.25  0.05  SignalTiming
0.68409  0.019889  530  10  -0.15  0.05  SignalTiming
0.644011  0.0215663  530  10  -0.05  0.05  SignalTiming
0.600587  0.0241865  530  10  0.05  0.05  SignalTiming
0.567515  0.0294623  530  10  0.15  0.05  SignalTiming
0.596958  0.0375129  530  10  0.25  0.05  SignalTiming
0.50989  0.0542753  530  10  0.35  0.05  SignalTiming
0.548662  0.0856968  530  10  0.45  0.05  SignalTiming
0.442442  0.157694  530  10  0.55  0.05  SignalTiming
-0.0161641  0.438626  530  10  0.65  0.05  SignalTiming
0.855639  0.849564  530  10  0.75  0.05  SignalTiming
0.662291  1.49754  530  10  0.85  0.05  SignalTiming
-0.225371  0.994545  530  10  0.95  0.05  SignalTiming
0.420287  0.189051  550  10  -0.95  0.05  SignalTiming
0.788715  0.0809095  550  10  -0.85  0.05  SignalTiming
0.688351  0.0467834  550  10  -0.75  0.05  SignalTiming
0.76326  0.0330883  550  10  -0.65  0.05  SignalTiming
0.79524  0.027329  550  10  -0.55  0.05  SignalTiming
0.706343  0.0247619  550  10  -0.45  0.05  SignalTiming
0.716867  0.0226795  550  10  -0.35  0.05  SignalTiming
0.704672  0.0222229  550  10  -0.25  0.05  SignalTiming
0.747114  0.0219308  550  10  -0.15  0.05  SignalTiming
0.69432  0.0230067  550  10  -0.05  0.05  SignalTiming
0.65739  0.0249049  550  10  0.05  0.05  SignalTiming
0.607911  0.0297222  550  10  0.15  0.05  SignalTiming
0.553194  0.0382041  550  10  0.25  0.05  SignalTiming
0.512885  0.0531972  550  10  0.35  0.05  SignalTiming
0.294848  0.0871856  550  10  0.45  0.05  SignalTiming
0.164157  0.147973  550  10  0.55  0.05  SignalTiming
-0.225338  0.271252  550  10  0.65  0.05  SignalTiming
0.167859  0.45893  550  10  0.75  0.05  SignalTiming
-0.34359  1.18925  550  10  0.85  0.05  SignalTiming
1.10576  1.06935  550  10  0.95  0.05  SignalTiming
0.443611  0.136581  570  10  -0.95  0.05  SignalTiming
0.633812  0.0667879  570  10  -0.85  0.05  SignalTiming
0.723455  0.0354498  570  10  -0.75  0.05  SignalTiming
0.790172  0.0260084  570  10  -0.65  0.05  SignalTiming
0.777169  0.0216229  570  10  -0.55  0.05  SignalTiming
0.766393  0.0192945  570  10  -0.45  0.05  SignalTiming
0.748448  0.0181478  570  10  -0.35  0.05  SignalTiming
0.765176  0.0172361  570  10  -0.25  0.05  SignalTiming
0.696293  0.0168953  570  10  -0.15  0.05  SignalTiming
0.676318  0.0171604  570  10  -0.05  0.05  SignalTiming
0.588717  0.018407  570  10  0.05  0.05  SignalTiming
0.587067  0.0209261  570  10  0.15  0.05  SignalTiming
0.547258  0.0257897  570  10  0.25  0.05  SignalTiming
0.482284  0.0359026  570  10  0.35  0.05  SignalTiming
0.340121  0.0540838  570  10  0.45  0.05  SignalTiming
0.299293  0.0965571  570  10  0.55  0.05  SignalTiming
0.123342  0.186157  570  10  0.65  0.05  SignalTiming
0.291412  0.365736  570  10  0.75  0.05  SignalTiming
0.123642  0.661238  570  10  0.85  0.05  SignalTiming
-0.621352  0.905421  570  10  0.95  0.05  SignalTiming
0.393451  0.131203  590  10  -0.95  0.05  SignalTiming
0.529743  0.0584373  590  10  -0.85  0.05  SignalTiming
0.761451  0.0309163  590  10  -0.75  0.05  SignalTiming
0.781419  0.0220472  590  10  -0.65  0.05  SignalTiming
0.76472  0.0179787  590  10  -0.55  0.05  SignalTiming
0.758118  0.0164895  590  10  -0.45  0.05  SignalTiming
0.72472  0.0152628  590  10  -0.35  0.05  SignalTiming
0.754441  0.0144019  590  10  -0.25  0.05  SignalTiming
0.695483  0.0142178  590  10  -0.15  0.05  SignalTiming
0.691158  0.0144826  590  10  -0.05  0.05  SignalTiming
0.645678  0.0151187  590  10  0.05  0.05  SignalTiming
0.593488  0.0166649  590  10  0.15  0.05  SignalTiming
0.562811  0.0199939  590  10  0.25  0.05  SignalTiming
0.46577  0.0268953  590  10  0.35  0.05  SignalTiming
0.478235  0.0396898  590  10  0.45  0.05  SignalTiming
0.355923  0.0681273  590  10  0.55  0.05  SignalTiming
0.238543  0.132379  590  10  0.65  0.05  SignalTiming
0.0755939  0.293898  590  10  0.75  0.05  SignalTiming
-0.351302  0.712545  590  10  0.85  0.05  SignalTiming
-0.664593  0.648619  590  10  0.95  0.05  SignalTiming
0.0670818  0.120123  610  10  -0.95  0.05  SignalTiming
0.61395  0.0609342  610  10  -0.85  0.05  SignalTiming
0.675656  0.0335237  610  10  -0.75  0.05  SignalTiming
0.747392  0.0230036  610  10  -0.65  0.05  SignalTiming
0.72748  0.0193622  610  10  -0.55  0.05  SignalTiming
0.768023  0.0171563  610  10  -0.45  0.05  SignalTiming
0.781572  0.0158737  610  10  -0.35  0.05  SignalTiming
0.759031  0.0154051  610  10  -0.25  0.05  SignalTiming
0.77184  0.0148107  610  10  -0.15  0.05  SignalTiming
0.720138  0.0152875  610  10  -0.05  0.05  SignalTiming
0.699143  0.0156606  610  10  0.05  0.05  SignalTiming
0.605707  0.0169787  610  10  0.15  0.05  SignalTiming
0.600987  0.0196522  610  10  0.25  0.05  SignalTiming
0.49807  0.0260007  610  10  0.35  0.05  SignalTiming
0.479354  0.0385017  610  10  0.45  0.05  SignalTiming
0.330831  0.0653577  610  10  0.55  0.05  SignalTiming
0.226732  0.123166  610  10  0.65  0.05  SignalTiming
-0.00312789  0.261302  610  10  0.75  0.05  SignalTiming
-0.0785645  0.620332  610  10  0.85  0.05  SignalTiming
-1.63665  1.47917  610  10  0.95  0.05  SignalTiming
0.235999  0.222475  630  10  -0.95  0.05  SignalTiming
0.412123  0.121628  630  10  -0.85  0.05  SignalTiming
0.644786  0.0652323  630  10  -0.75  0.05  SignalTiming
0.876624  0.0455435  630  10  -0.65  0.05  SignalTiming
0.778083  0.0374841  630  10  -0.55  0.05  SignalTiming
0.823571  0.0330409  630  10  -0.45  0.05  SignalTiming
0.890013  0.0308868  630  10  -0.35  0.05  SignalTiming
0.835753  0.0293968  630  10  -0.25  0.05  SignalTiming
0.80705  0.0297338  630  10  -0.15  0.05  SignalTiming
0.764351  0.0296109  630  10  -0.05  0.05  SignalTiming
0.727379  0.030669  630  10  0.05  0.05  SignalTiming
0.668461  0.0324148  630  10  0.15  0.05  SignalTiming
0.613918  0.0367902  630  10  0.25  0.05  SignalTiming
0.617112  0.046666  630  10  0.35  0.05  SignalTiming
0.70869  0.0701548  630  10  0.45  0.05  SignalTiming
0.127498  0.120792  630  10  0.55  0.05  SignalTiming
-0.133205  0.230869  630  10  0.65  0.05  SignalTiming
-0.845637  0.42765  630  10  0.75  0.05  SignalTiming
-0.143766  1.36385  630  10  0.85  0.05  SignalTiming
-0.348166  1.26315  630  10  0.95  0.05  SignalTiming
-0.426102  0.455771  650  10  -0.95  0.05  SignalTiming
0.691032  0.297837  650  10  -0.85  0.05  SignalTiming
0.646965  0.174882  650  10  -0.75  0.05  SignalTiming
0.737189  0.125837  650  10  -0.65  0.05  SignalTiming
0.686179  0.103431  650  10  -0.55  0.05  SignalTiming
0.719168  0.0936727  650  10  -0.45  0.05  SignalTiming
0.684543  0.0836925  650  10  -0.35  0.05  SignalTiming
0.636653  0.0831687  650  10  -0.25  0.05  SignalTiming
0.961489  0.0785019  650  10  -0.15  0.05  SignalTiming
0.682498  0.0797106  650  10  -0.05  0.05  SignalTiming
0.796678  0.0811635  650  10  0.05  0.05  SignalTiming
0.688342  0.0864111  650  10  0.15  0.05  SignalTiming
0.515371  0.0989685  650  10  0.25  0.05  SignalTiming
0.722232  0.117308  650  10  0.35  0.05  SignalTiming
0.74839  0.163058  650  10  0.45  0.05  SignalTiming
0.59672  0.267619  650  10  0.55  0.05  SignalTiming
0.149273  0.525101  650  10  0.65  0.05  SignalTiming
-0.663797  1.20009  650  10  0.75  0.05  SignalTiming
-0.430263  1.55232  650  10  0.85  0.05  SignalTiming
5.31328  5.64826  650  10  0.95  0.05  SignalTiming
1.75927  1.87379  670  10  -0.95  0.05  SignalTiming
1.77264  1.12207  670  10  -0.85  0.05  SignalTiming
1.03556  0.593367  670  10  -0.75  0.05  SignalTiming
0.522324  0.444866  670  10  -0.65  0.05  SignalTiming
0.675636  0.359295  670  10  -0.55  0.05  SignalTiming
0.80099  0.317985  670  10  -0.45  0.05  SignalTiming
0.949098  0.293946  670  10  -0.35  0.05  SignalTiming
0.613465  0.287574  670  10  -0.25  0.05  SignalTiming
0.593482  0.2852  670  10  -0.15  0.05  SignalTiming
0.120039  0.285594  670  10  -0.05  0.05  SignalTiming
0.333135  0.287859  670  10  0.05  0.05  SignalTiming
0.257844  0.306244  670  10  0.15  0.05  SignalTiming
0.691461  0.324753  670  10  0.25  0.05  SignalTiming
0.570528  0.380541  670  10  0.35  0.05  SignalTiming
0.484001  0.515291  670  10  0.45  0.05  SignalTiming
0.652306  0.868352  670  10  0.55  0.05  SignalTiming
-2.02931  1.78362  670  10  0.65  0.05  SignalTiming
1.00386  3.32535  670  10  0.75  0.05  SignalTiming
16.7257  10.1055  670  10  0.85  0.05  SignalTiming
-13.7219  16.2676  670  10  0.95  0.05  SignalTiming
-1.67078  1.48022  690  10  -0.95  0.05  SignalTiming
0.791587  1.2031  690  10  -0.85  0.05  SignalTiming
0.273547  0.586024  690  10  -0.75  0.05  SignalTiming
0.114743  0.425138  690  10  -0.65  0.05  SignalTiming
0.516008  0.339188  690  10  -0.55  0.05  SignalTiming
0.435676  0.307295  690  10  -0.45  0.05  SignalTiming
0.516946  0.281017  690  10  -0.35  0.05  SignalTiming
0.499643  0.273914  690  10  -0.25  0.05  SignalTiming
0.00088735  0.265752  690  10  -0.15  0.05  SignalTiming
0.802485  0.259795  690  10  -0.05  0.05  SignalTiming
1.31699  0.269299  690  10  0.05  0.05  SignalTiming
0.430784  0.278362  690  10  0.15  0.05  SignalTiming
1.18812  0.300224  690  10  0.25  0.05  SignalTiming
-0.063169  0.337581  690  10  0.35  0.05  SignalTiming
0.477386  0.442647  690  10  0.45  0.05  SignalTiming
0.40317  0.698903  690  10  0.55  0.05  SignalTiming
-4.42487  1.62651  690  10  0.65  0.05  SignalTiming
-1.66846  3.33163  690  10  0.75  0.05  SignalTiming
-0.168929  6.97709  690  10  0.85  0.05  SignalTiming
39.2253  90.0698  690  10  0.95  0.05  SignalTiming
-1.05148  1.49445  710  10  -0.95  0.05  SignalTiming
-1.22884  1.25394  710  10  -0.85  0.05  SignalTiming
0.373322  0.624694  710  10  -0.75  0.05  SignalTiming
0.400638  0.455545  710  10  -0.65  0.05  SignalTiming
0.263008  0.38054  710  10  -0.55  0.05  SignalTiming
0.758223  0.338568  710  10  -0.45  0.05  SignalTiming
0.322111  0.325655  710  10  -0.35  0.05  SignalTiming
1.00784  0.304244  710  10  -0.25  0.05  SignalTiming
0.891255  0.297987  710  10  -0.15  0.05  SignalTiming
0.511927  0.292367  710  10  -0.05  0.05  SignalTiming
0.851668  0.294436  710  10  0.05  0.05  SignalTiming
1.20101  0.312051  710  10  0.15  0.05  SignalTiming
1.22924  0.330939  710  10  0.25  0.05  SignalTiming
0.225698  0.362243  710  10  0.35  0.05  SignalTiming
0.906198  0.449135  710  10  0.45  0.05  SignalTiming
0.21212  0.671822  710  10  0.55  0.05  SignalTiming
1.05427  1.31306  710  10  0.65  0.05  SignalTiming
0.240407  3.5402  710  10  0.75  0.05  SignalTiming
1.98809  10.7974  710  10  0.85  0.05  SignalTiming
-0.00123076  14.9746  710  10  0.95  0.05  SignalTiming
