0  -nan  110  10  -0.95  0.05  Cut1
0  -nan  110  10  -0.85  0.05  Cut1
0  -nan  110  10  -0.75  0.05  Cut1
0  -nan  110  10  -0.65  0.05  Cut1
0  -nan  110  10  -0.55  0.05  Cut1
0  -nan  110  10  -0.45  0.05  Cut1
0  -nan  110  10  -0.35  0.05  Cut1
0  -nan  110  10  -0.25  0.05  Cut1
0  -nan  110  10  -0.15  0.05  Cut1
0  -nan  110  10  -0.05  0.05  Cut1
0  -nan  110  10  0.05  0.05  Cut1
0  -nan  110  10  0.15  0.05  Cut1
0  -nan  110  10  0.25  0.05  Cut1
0  -nan  110  10  0.35  0.05  Cut1
0  -nan  110  10  0.45  0.05  Cut1
0  -nan  110  10  0.55  0.05  Cut1
0  -nan  110  10  0.65  0.05  Cut1
0  -nan  110  10  0.75  0.05  Cut1
0  -nan  110  10  0.85  0.05  Cut1
0  -nan  110  10  0.95  0.05  Cut1
0  -nan  130  10  -0.95  0.05  Cut1
0  -nan  130  10  -0.85  0.05  Cut1
0  -nan  130  10  -0.75  0.05  Cut1
0  -nan  130  10  -0.65  0.05  Cut1
0  -nan  130  10  -0.55  0.05  Cut1
0  -nan  130  10  -0.45  0.05  Cut1
0  -nan  130  10  -0.35  0.05  Cut1
0  -nan  130  10  -0.25  0.05  Cut1
0  -nan  130  10  -0.15  0.05  Cut1
0  -nan  130  10  -0.05  0.05  Cut1
0  -nan  130  10  0.05  0.05  Cut1
0  -nan  130  10  0.15  0.05  Cut1
0  -nan  130  10  0.25  0.05  Cut1
0  -nan  130  10  0.35  0.05  Cut1
0  -nan  130  10  0.45  0.05  Cut1
0  -nan  130  10  0.55  0.05  Cut1
0  -nan  130  10  0.65  0.05  Cut1
0  -nan  130  10  0.75  0.05  Cut1
0  -nan  130  10  0.85  0.05  Cut1
0  -nan  130  10  0.95  0.05  Cut1
0  -nan  150  10  -0.95  0.05  Cut1
0  -nan  150  10  -0.85  0.05  Cut1
0  -nan  150  10  -0.75  0.05  Cut1
0  -nan  150  10  -0.65  0.05  Cut1
0  -nan  150  10  -0.55  0.05  Cut1
0  -nan  150  10  -0.45  0.05  Cut1
0  -nan  150  10  -0.35  0.05  Cut1
0  -nan  150  10  -0.25  0.05  Cut1
0  -nan  150  10  -0.15  0.05  Cut1
0  -nan  150  10  -0.05  0.05  Cut1
0  -nan  150  10  0.05  0.05  Cut1
0  -nan  150  10  0.15  0.05  Cut1
0  -nan  150  10  0.25  0.05  Cut1
0  -nan  150  10  0.35  0.05  Cut1
0  -nan  150  10  0.45  0.05  Cut1
0  -nan  150  10  0.55  0.05  Cut1
0  -nan  150  10  0.65  0.05  Cut1
0  -nan  150  10  0.75  0.05  Cut1
0  -nan  150  10  0.85  0.05  Cut1
0  -nan  150  10  0.95  0.05  Cut1
0  -nan  170  10  -0.95  0.05  Cut1
0  -nan  170  10  -0.85  0.05  Cut1
0  -nan  170  10  -0.75  0.05  Cut1
0  -nan  170  10  -0.65  0.05  Cut1
0  -nan  170  10  -0.55  0.05  Cut1
0  -nan  170  10  -0.45  0.05  Cut1
0  -nan  170  10  -0.35  0.05  Cut1
0  -nan  170  10  -0.25  0.05  Cut1
0  -nan  170  10  -0.15  0.05  Cut1
0  -nan  170  10  -0.05  0.05  Cut1
0  -nan  170  10  0.05  0.05  Cut1
0  -nan  170  10  0.15  0.05  Cut1
0  -nan  170  10  0.25  0.05  Cut1
0  -nan  170  10  0.35  0.05  Cut1
0  -nan  170  10  0.45  0.05  Cut1
0  -nan  170  10  0.55  0.05  Cut1
0  -nan  170  10  0.65  0.05  Cut1
0  -nan  170  10  0.75  0.05  Cut1
0  -nan  170  10  0.85  0.05  Cut1
0  -nan  170  10  0.95  0.05  Cut1
0  -nan  190  10  -0.95  0.05  Cut1
0  -nan  190  10  -0.85  0.05  Cut1
0  -nan  190  10  -0.75  0.05  Cut1
0  -nan  190  10  -0.65  0.05  Cut1
0  -nan  190  10  -0.55  0.05  Cut1
0  -nan  190  10  -0.45  0.05  Cut1
0  -nan  190  10  -0.35  0.05  Cut1
0  -nan  190  10  -0.25  0.05  Cut1
0  -nan  190  10  -0.15  0.05  Cut1
0  -nan  190  10  -0.05  0.05  Cut1
0  -nan  190  10  0.05  0.05  Cut1
0  -nan  190  10  0.15  0.05  Cut1
0  -nan  190  10  0.25  0.05  Cut1
0  -nan  190  10  0.35  0.05  Cut1
0  -nan  190  10  0.45  0.05  Cut1
0  -nan  190  10  0.55  0.05  Cut1
0  -nan  190  10  0.65  0.05  Cut1
0  -nan  190  10  0.75  0.05  Cut1
0  -nan  190  10  0.85  0.05  Cut1
0  -nan  190  10  0.95  0.05  Cut1
0  -nan  210  10  -0.95  0.05  Cut1
0  -nan  210  10  -0.85  0.05  Cut1
0  -nan  210  10  -0.75  0.05  Cut1
0  -nan  210  10  -0.65  0.05  Cut1
0  -nan  210  10  -0.55  0.05  Cut1
0  -nan  210  10  -0.45  0.05  Cut1
0  -nan  210  10  -0.35  0.05  Cut1
0  -nan  210  10  -0.25  0.05  Cut1
0  -nan  210  10  -0.15  0.05  Cut1
0  -nan  210  10  -0.05  0.05  Cut1
0  -nan  210  10  0.05  0.05  Cut1
0  -nan  210  10  0.15  0.05  Cut1
0  -nan  210  10  0.25  0.05  Cut1
0  -nan  210  10  0.35  0.05  Cut1
0  -nan  210  10  0.45  0.05  Cut1
0  -nan  210  10  0.55  0.05  Cut1
0  -nan  210  10  0.65  0.05  Cut1
0  -nan  210  10  0.75  0.05  Cut1
0  -nan  210  10  0.85  0.05  Cut1
0  -nan  210  10  0.95  0.05  Cut1
0  -nan  230  10  -0.95  0.05  Cut1
0  -nan  230  10  -0.85  0.05  Cut1
0  -nan  230  10  -0.75  0.05  Cut1
0  -nan  230  10  -0.65  0.05  Cut1
0  -nan  230  10  -0.55  0.05  Cut1
0  -nan  230  10  -0.45  0.05  Cut1
0  -nan  230  10  -0.35  0.05  Cut1
0  -nan  230  10  -0.25  0.05  Cut1
0  -nan  230  10  -0.15  0.05  Cut1
0  -nan  230  10  -0.05  0.05  Cut1
0  -nan  230  10  0.05  0.05  Cut1
0  -nan  230  10  0.15  0.05  Cut1
0  -nan  230  10  0.25  0.05  Cut1
0  -nan  230  10  0.35  0.05  Cut1
0  -nan  230  10  0.45  0.05  Cut1
0  -nan  230  10  0.55  0.05  Cut1
0  -nan  230  10  0.65  0.05  Cut1
0  -nan  230  10  0.75  0.05  Cut1
0  -nan  230  10  0.85  0.05  Cut1
0  -nan  230  10  0.95  0.05  Cut1
0  -nan  250  10  -0.95  0.05  Cut1
0  -nan  250  10  -0.85  0.05  Cut1
0  -nan  250  10  -0.75  0.05  Cut1
0  -nan  250  10  -0.65  0.05  Cut1
0  -nan  250  10  -0.55  0.05  Cut1
0  -nan  250  10  -0.45  0.05  Cut1
0  -nan  250  10  -0.35  0.05  Cut1
0  -nan  250  10  -0.25  0.05  Cut1
0  -nan  250  10  -0.15  0.05  Cut1
0  -nan  250  10  -0.05  0.05  Cut1
0  -nan  250  10  0.05  0.05  Cut1
0  -nan  250  10  0.15  0.05  Cut1
0  -nan  250  10  0.25  0.05  Cut1
0  -nan  250  10  0.35  0.05  Cut1
0  -nan  250  10  0.45  0.05  Cut1
0  -nan  250  10  0.55  0.05  Cut1
0  -nan  250  10  0.65  0.05  Cut1
0  -nan  250  10  0.75  0.05  Cut1
0  -nan  250  10  0.85  0.05  Cut1
0  -nan  250  10  0.95  0.05  Cut1
0  -nan  270  10  -0.95  0.05  Cut1
0  -nan  270  10  -0.85  0.05  Cut1
0  -nan  270  10  -0.75  0.05  Cut1
0  -nan  270  10  -0.65  0.05  Cut1
0  -nan  270  10  -0.55  0.05  Cut1
0  -nan  270  10  -0.45  0.05  Cut1
0  -nan  270  10  -0.35  0.05  Cut1
0  -nan  270  10  -0.25  0.05  Cut1
0  -nan  270  10  -0.15  0.05  Cut1
0  -nan  270  10  -0.05  0.05  Cut1
0  -nan  270  10  0.05  0.05  Cut1
0  -nan  270  10  0.15  0.05  Cut1
0  -nan  270  10  0.25  0.05  Cut1
0  -nan  270  10  0.35  0.05  Cut1
0  -nan  270  10  0.45  0.05  Cut1
0  -nan  270  10  0.55  0.05  Cut1
0  -nan  270  10  0.65  0.05  Cut1
0  -nan  270  10  0.75  0.05  Cut1
0  -nan  270  10  0.85  0.05  Cut1
0  -nan  270  10  0.95  0.05  Cut1
0  -nan  290  10  -0.95  0.05  Cut1
0  -nan  290  10  -0.85  0.05  Cut1
0  -nan  290  10  -0.75  0.05  Cut1
0  -nan  290  10  -0.65  0.05  Cut1
0  -nan  290  10  -0.55  0.05  Cut1
0  -nan  290  10  -0.45  0.05  Cut1
0  -nan  290  10  -0.35  0.05  Cut1
0  -nan  290  10  -0.25  0.05  Cut1
0  -nan  290  10  -0.15  0.05  Cut1
0  -nan  290  10  -0.05  0.05  Cut1
0  -nan  290  10  0.05  0.05  Cut1
0  -nan  290  10  0.15  0.05  Cut1
0  -nan  290  10  0.25  0.05  Cut1
0  -nan  290  10  0.35  0.05  Cut1
0  -nan  290  10  0.45  0.05  Cut1
0  -nan  290  10  0.55  0.05  Cut1
0  -nan  290  10  0.65  0.05  Cut1
0  -nan  290  10  0.75  0.05  Cut1
0  -nan  290  10  0.85  0.05  Cut1
0  -nan  290  10  0.95  0.05  Cut1
0  -nan  310  10  -0.95  0.05  Cut1
0  -nan  310  10  -0.85  0.05  Cut1
0  -nan  310  10  -0.75  0.05  Cut1
0  -nan  310  10  -0.65  0.05  Cut1
0  -nan  310  10  -0.55  0.05  Cut1
0  -nan  310  10  -0.45  0.05  Cut1
0  -nan  310  10  -0.35  0.05  Cut1
0  -nan  310  10  -0.25  0.05  Cut1
0  -nan  310  10  -0.15  0.05  Cut1
0  -nan  310  10  -0.05  0.05  Cut1
0  -nan  310  10  0.05  0.05  Cut1
0  -nan  310  10  0.15  0.05  Cut1
0  -nan  310  10  0.25  0.05  Cut1
0  -nan  310  10  0.35  0.05  Cut1
0  -nan  310  10  0.45  0.05  Cut1
0  -nan  310  10  0.55  0.05  Cut1
0  -nan  310  10  0.65  0.05  Cut1
0  -nan  310  10  0.75  0.05  Cut1
0  -nan  310  10  0.85  0.05  Cut1
0  -nan  310  10  0.95  0.05  Cut1
0  -nan  330  10  -0.95  0.05  Cut1
0  -nan  330  10  -0.85  0.05  Cut1
0  -nan  330  10  -0.75  0.05  Cut1
0  -nan  330  10  -0.65  0.05  Cut1
0  -nan  330  10  -0.55  0.05  Cut1
0  -nan  330  10  -0.45  0.05  Cut1
0  -nan  330  10  -0.35  0.05  Cut1
0  -nan  330  10  -0.25  0.05  Cut1
0  -nan  330  10  -0.15  0.05  Cut1
0  -nan  330  10  -0.05  0.05  Cut1
0  -nan  330  10  0.05  0.05  Cut1
0  -nan  330  10  0.15  0.05  Cut1
0  -nan  330  10  0.25  0.05  Cut1
0  -nan  330  10  0.35  0.05  Cut1
0  -nan  330  10  0.45  0.05  Cut1
0  -nan  330  10  0.55  0.05  Cut1
0  -nan  330  10  0.65  0.05  Cut1
0  -nan  330  10  0.75  0.05  Cut1
0  -nan  330  10  0.85  0.05  Cut1
0  -nan  330  10  0.95  0.05  Cut1
0  -nan  350  10  -0.95  0.05  Cut1
0  -nan  350  10  -0.85  0.05  Cut1
0  -nan  350  10  -0.75  0.05  Cut1
0  -nan  350  10  -0.65  0.05  Cut1
0  -nan  350  10  -0.55  0.05  Cut1
0  -nan  350  10  -0.45  0.05  Cut1
0  -nan  350  10  -0.35  0.05  Cut1
0  -nan  350  10  -0.25  0.05  Cut1
0  -nan  350  10  -0.15  0.05  Cut1
0  -nan  350  10  -0.05  0.05  Cut1
0  -nan  350  10  0.05  0.05  Cut1
0  -nan  350  10  0.15  0.05  Cut1
0  -nan  350  10  0.25  0.05  Cut1
0  -nan  350  10  0.35  0.05  Cut1
0  -nan  350  10  0.45  0.05  Cut1
0  -nan  350  10  0.55  0.05  Cut1
0  -nan  350  10  0.65  0.05  Cut1
0  -nan  350  10  0.75  0.05  Cut1
0  -nan  350  10  0.85  0.05  Cut1
0  -nan  350  10  0.95  0.05  Cut1
0  -nan  370  10  -0.95  0.05  Cut1
0  -nan  370  10  -0.85  0.05  Cut1
0  -nan  370  10  -0.75  0.05  Cut1
0  -nan  370  10  -0.65  0.05  Cut1
0  -nan  370  10  -0.55  0.05  Cut1
0  -nan  370  10  -0.45  0.05  Cut1
0  -nan  370  10  -0.35  0.05  Cut1
0  -nan  370  10  -0.25  0.05  Cut1
0  -nan  370  10  -0.15  0.05  Cut1
0  -nan  370  10  -0.05  0.05  Cut1
0  -nan  370  10  0.05  0.05  Cut1
0  -nan  370  10  0.15  0.05  Cut1
0  -nan  370  10  0.25  0.05  Cut1
0  -nan  370  10  0.35  0.05  Cut1
0  -nan  370  10  0.45  0.05  Cut1
0  -nan  370  10  0.55  0.05  Cut1
0  -nan  370  10  0.65  0.05  Cut1
0  -nan  370  10  0.75  0.05  Cut1
0  -nan  370  10  0.85  0.05  Cut1
0  -nan  370  10  0.95  0.05  Cut1
0  -nan  390  10  -0.95  0.05  Cut1
0  -nan  390  10  -0.85  0.05  Cut1
0  -nan  390  10  -0.75  0.05  Cut1
0  -nan  390  10  -0.65  0.05  Cut1
0  -nan  390  10  -0.55  0.05  Cut1
0  -nan  390  10  -0.45  0.05  Cut1
0  -nan  390  10  -0.35  0.05  Cut1
0  -nan  390  10  -0.25  0.05  Cut1
0  -nan  390  10  -0.15  0.05  Cut1
0  -nan  390  10  -0.05  0.05  Cut1
0  -nan  390  10  0.05  0.05  Cut1
0  -nan  390  10  0.15  0.05  Cut1
0  -nan  390  10  0.25  0.05  Cut1
0  -nan  390  10  0.35  0.05  Cut1
0  -nan  390  10  0.45  0.05  Cut1
0  -nan  390  10  0.55  0.05  Cut1
0  -nan  390  10  0.65  0.05  Cut1
0  -nan  390  10  0.75  0.05  Cut1
0  -nan  390  10  0.85  0.05  Cut1
0  -nan  390  10  0.95  0.05  Cut1
0.678555  0.146538  410  10  -0.95  0.05  Cut1
0.700856  0.0922936  410  10  -0.85  0.05  Cut1
0.599323  0.0543081  410  10  -0.75  0.05  Cut1
0.70402  0.0388059  410  10  -0.65  0.05  Cut1
0.700196  0.0335642  410  10  -0.55  0.05  Cut1
0.730136  0.0327589  410  10  -0.45  0.05  Cut1
0.771263  0.0353527  410  10  -0.35  0.05  Cut1
0.686123  0.0412419  410  10  -0.25  0.05  Cut1
0.670424  0.0510019  410  10  -0.15  0.05  Cut1
0.706905  0.0664333  410  10  -0.05  0.05  Cut1
0.745066  0.0888425  410  10  0.05  0.05  Cut1
0.516359  0.121005  410  10  0.15  0.05  Cut1
0.836644  0.163612  410  10  0.25  0.05  Cut1
0.248411  0.221058  410  10  0.35  0.05  Cut1
0.197082  0.290602  410  10  0.45  0.05  Cut1
1.19551  0.338366  410  10  0.55  0.05  Cut1
0.430831  0.406366  410  10  0.65  0.05  Cut1
-0.243118  0.507595  410  10  0.75  0.05  Cut1
-0.0802583  0.684964  410  10  0.85  0.05  Cut1
0.294204  1.19374  410  10  0.95  0.05  Cut1
0.421017  0.137467  430  10  -0.95  0.05  Cut1
0.635082  0.07464  430  10  -0.85  0.05  Cut1
0.685308  0.0406199  430  10  -0.75  0.05  Cut1
0.67817  0.0284986  430  10  -0.65  0.05  Cut1
0.724605  0.0241341  430  10  -0.55  0.05  Cut1
0.712878  0.0227595  430  10  -0.45  0.05  Cut1
0.708938  0.0236001  430  10  -0.35  0.05  Cut1
0.769737  0.0263261  430  10  -0.25  0.05  Cut1
0.693399  0.0322086  430  10  -0.15  0.05  Cut1
0.712378  0.0417105  430  10  -0.05  0.05  Cut1
0.659886  0.0574647  430  10  0.05  0.05  Cut1
0.673975  0.0812593  430  10  0.15  0.05  Cut1
0.698633  0.11304  430  10  0.25  0.05  Cut1
0.843727  0.158315  430  10  0.35  0.05  Cut1
0.502051  0.213028  430  10  0.45  0.05  Cut1
1.07389  0.267407  430  10  0.55  0.05  Cut1
-0.701477  0.38013  430  10  0.65  0.05  Cut1
-0.191686  0.435208  430  10  0.75  0.05  Cut1
0.960265  0.559006  430  10  0.85  0.05  Cut1
-0.674332  0.984577  430  10  0.95  0.05  Cut1
0.500695  0.127375  450  10  -0.95  0.05  Cut1
0.61251  0.0618512  450  10  -0.85  0.05  Cut1
0.784182  0.0326107  450  10  -0.75  0.05  Cut1
0.702664  0.0228286  450  10  -0.65  0.05  Cut1
0.775243  0.0189618  450  10  -0.55  0.05  Cut1
0.750804  0.0173551  450  10  -0.45  0.05  Cut1
0.713691  0.0170665  450  10  -0.35  0.05  Cut1
0.698575  0.0178807  450  10  -0.25  0.05  Cut1
0.701712  0.0203942  450  10  -0.15  0.05  Cut1
0.671444  0.025453  450  10  -0.05  0.05  Cut1
0.674863  0.0349936  450  10  0.05  0.05  Cut1
0.641141  0.0507562  450  10  0.15  0.05  Cut1
0.573211  0.0741941  450  10  0.25  0.05  Cut1
0.365974  0.109329  450  10  0.35  0.05  Cut1
0.399487  0.158949  450  10  0.45  0.05  Cut1
0.219489  0.200191  450  10  0.55  0.05  Cut1
0.271882  0.255838  450  10  0.65  0.05  Cut1
1.36355  0.326586  450  10  0.75  0.05  Cut1
-1.11539  0.46889  450  10  0.85  0.05  Cut1
0.251206  1.13497  450  10  0.95  0.05  Cut1
0.623471  0.123034  470  10  -0.95  0.05  Cut1
0.691863  0.0566174  470  10  -0.85  0.05  Cut1
0.807665  0.0286047  470  10  -0.75  0.05  Cut1
0.758919  0.0199571  470  10  -0.65  0.05  Cut1
0.772459  0.0164413  470  10  -0.55  0.05  Cut1
0.761977  0.0148916  470  10  -0.45  0.05  Cut1
0.718773  0.0141925  470  10  -0.35  0.05  Cut1
0.699776  0.0141641  470  10  -0.25  0.05  Cut1
0.7052  0.0151055  470  10  -0.15  0.05  Cut1
0.704605  0.0175121  470  10  -0.05  0.05  Cut1
0.661174  0.0227694  470  10  0.05  0.05  Cut1
0.599375  0.0327687  470  10  0.15  0.05  Cut1
0.514783  0.049516  470  10  0.25  0.05  Cut1
0.490569  0.0766101  470  10  0.35  0.05  Cut1
0.446482  0.113062  470  10  0.45  0.05  Cut1
-0.0999137  0.16339  470  10  0.55  0.05  Cut1
0.678507  0.210416  470  10  0.65  0.05  Cut1
0.147888  0.291743  470  10  0.75  0.05  Cut1
0.444334  0.38744  470  10  0.85  0.05  Cut1
-0.123467  0.63129  470  10  0.95  0.05  Cut1
0.389473  0.141946  490  10  -0.95  0.05  Cut1
0.724319  0.0601696  490  10  -0.85  0.05  Cut1
0.784926  0.0306294  490  10  -0.75  0.05  Cut1
0.80566  0.02118  490  10  -0.65  0.05  Cut1
0.759121  0.01744  490  10  -0.55  0.05  Cut1
0.749828  0.0155501  490  10  -0.45  0.05  Cut1
0.766174  0.0145199  490  10  -0.35  0.05  Cut1
0.73618  0.0142701  490  10  -0.25  0.05  Cut1
0.701605  0.014579  490  10  -0.15  0.05  Cut1
0.701316  0.0158712  490  10  -0.05  0.05  Cut1
0.641652  0.019186  490  10  0.05  0.05  Cut1
0.621195  0.0264626  490  10  0.15  0.05  Cut1
0.596476  0.040844  490  10  0.25  0.05  Cut1
0.525821  0.0664335  490  10  0.35  0.05  Cut1
0.311196  0.100858  490  10  0.45  0.05  Cut1
-0.075733  0.153569  490  10  0.55  0.05  Cut1
-0.17076  0.220048  490  10  0.65  0.05  Cut1
-0.0155697  0.304116  490  10  0.75  0.05  Cut1
-0.0978175  0.388045  490  10  0.85  0.05  Cut1
-0.28976  0.941537  490  10  0.95  0.05  Cut1
0.384195  0.1293  510  10  -0.95  0.05  Cut1
0.77799  0.0511798  510  10  -0.85  0.05  Cut1
0.842971  0.0257264  510  10  -0.75  0.05  Cut1
0.79207  0.017855  510  10  -0.65  0.05  Cut1
0.787462  0.0145288  510  10  -0.55  0.05  Cut1
0.768069  0.0128136  510  10  -0.45  0.05  Cut1
0.742389  0.0119211  510  10  -0.35  0.05  Cut1
0.717689  0.0115076  510  10  -0.25  0.05  Cut1
0.701653  0.0114784  510  10  -0.15  0.05  Cut1
0.675713  0.0120165  510  10  -0.05  0.05  Cut1
0.664344  0.0136364  510  10  0.05  0.05  Cut1
0.655002  0.0175255  510  10  0.15  0.05  Cut1
0.5608  0.0262624  510  10  0.25  0.05  Cut1
0.428236  0.0437323  510  10  0.35  0.05  Cut1
0.554132  0.0712817  510  10  0.45  0.05  Cut1
0.243122  0.110879  510  10  0.55  0.05  Cut1
0.428737  0.160127  510  10  0.65  0.05  Cut1
-0.640039  0.22078  510  10  0.75  0.05  Cut1
0.381891  0.304104  510  10  0.85  0.05  Cut1
0.351441  0.613173  510  10  0.95  0.05  Cut1
0.8951  0.133282  530  10  -0.95  0.05  Cut1
0.765581  0.0557444  530  10  -0.85  0.05  Cut1
0.751367  0.0279915  530  10  -0.75  0.05  Cut1
0.802891  0.0193149  530  10  -0.65  0.05  Cut1
0.805135  0.0155344  530  10  -0.55  0.05  Cut1
0.790757  0.0135581  530  10  -0.45  0.05  Cut1
0.743062  0.012545  530  10  -0.35  0.05  Cut1
0.761909  0.0119415  530  10  -0.25  0.05  Cut1
0.674792  0.0118384  530  10  -0.15  0.05  Cut1
0.686201  0.0120094  530  10  -0.05  0.05  Cut1
0.640035  0.0129667  530  10  0.05  0.05  Cut1
0.604556  0.0155693  530  10  0.15  0.05  Cut1
0.571263  0.0215269  530  10  0.25  0.05  Cut1
0.535396  0.0352492  530  10  0.35  0.05  Cut1
0.462878  0.0622791  530  10  0.45  0.05  Cut1
0.283875  0.0997003  530  10  0.55  0.05  Cut1
0.202319  0.15238  530  10  0.65  0.05  Cut1
-0.363368  0.270429  530  10  0.75  0.05  Cut1
0.698608  0.34354  530  10  0.85  0.05  Cut1
-0.373296  0.691921  530  10  0.95  0.05  Cut1
0.737876  0.155139  550  10  -0.95  0.05  Cut1
0.673831  0.0633782  550  10  -0.85  0.05  Cut1
0.791169  0.0318291  550  10  -0.75  0.05  Cut1
0.770763  0.0219907  550  10  -0.65  0.05  Cut1
0.796819  0.0173845  550  10  -0.55  0.05  Cut1
0.782294  0.0151624  550  10  -0.45  0.05  Cut1
0.743724  0.0139245  550  10  -0.35  0.05  Cut1
0.740386  0.0130894  550  10  -0.25  0.05  Cut1
0.691646  0.0128374  550  10  -0.15  0.05  Cut1
0.681606  0.0129879  550  10  -0.05  0.05  Cut1
0.645385  0.0137618  550  10  0.05  0.05  Cut1
0.60252  0.015733  550  10  0.15  0.05  Cut1
0.579052  0.0208532  550  10  0.25  0.05  Cut1
0.487303  0.0328519  550  10  0.35  0.05  Cut1
0.323832  0.0582146  550  10  0.45  0.05  Cut1
-0.0386574  0.0996383  550  10  0.55  0.05  Cut1
0.263016  0.161347  550  10  0.65  0.05  Cut1
-0.108777  0.249618  550  10  0.75  0.05  Cut1
0.238223  0.396386  550  10  0.85  0.05  Cut1
-2.03921  7.13643  550  10  0.95  0.05  Cut1
0.391267  0.130747  570  10  -0.95  0.05  Cut1
0.53867  0.0506579  570  10  -0.85  0.05  Cut1
0.708751  0.0263071  570  10  -0.75  0.05  Cut1
0.792406  0.0174728  570  10  -0.65  0.05  Cut1
0.763732  0.0140222  570  10  -0.55  0.05  Cut1
0.782768  0.0119415  570  10  -0.45  0.05  Cut1
0.767613  0.0108622  570  10  -0.35  0.05  Cut1
0.750136  0.0101937  570  10  -0.25  0.05  Cut1
0.724717  0.00996783  570  10  -0.15  0.05  Cut1
0.680463  0.00993491  570  10  -0.05  0.05  Cut1
0.668829  0.0102701  570  10  0.05  0.05  Cut1
0.607571  0.0113685  570  10  0.15  0.05  Cut1
0.544827  0.0139181  570  10  0.25  0.05  Cut1
0.491048  0.0202424  570  10  0.35  0.05  Cut1
0.386949  0.0361398  570  10  0.45  0.05  Cut1
0.31684  0.0666306  570  10  0.55  0.05  Cut1
0.104966  0.119172  570  10  0.65  0.05  Cut1
-0.216073  0.185264  570  10  0.75  0.05  Cut1
-0.17303  0.288734  570  10  0.85  0.05  Cut1
0  -nan  570  10  0.95  0.05  Cut1
0.322104  0.105867  590  10  -0.95  0.05  Cut1
0.492699  0.0450626  590  10  -0.85  0.05  Cut1
0.678618  0.0235259  590  10  -0.75  0.05  Cut1
0.788723  0.0155447  590  10  -0.65  0.05  Cut1
0.785289  0.0120793  590  10  -0.55  0.05  Cut1
0.7684  0.0103147  590  10  -0.45  0.05  Cut1
0.782478  0.00918764  590  10  -0.35  0.05  Cut1
0.758329  0.00860514  590  10  -0.25  0.05  Cut1
0.732156  0.00827404  590  10  -0.15  0.05  Cut1
0.715695  0.00824647  590  10  -0.05  0.05  Cut1
0.679663  0.00853405  590  10  0.05  0.05  Cut1
0.622702  0.00923115  590  10  0.15  0.05  Cut1
0.582428  0.0107995  590  10  0.25  0.05  Cut1
0.492461  0.0146867  590  10  0.35  0.05  Cut1
0.412356  0.0246908  590  10  0.45  0.05  Cut1
0.234025  0.0488181  590  10  0.55  0.05  Cut1
0.133621  0.090888  590  10  0.65  0.05  Cut1
0.0317617  0.155236  590  10  0.75  0.05  Cut1
0.655578  0.255358  590  10  0.85  0.05  Cut1
0  -nan  590  10  0.95  0.05  Cut1
0.226981  0.111917  610  10  -0.95  0.05  Cut1
0.344648  0.0529036  610  10  -0.85  0.05  Cut1
0.648032  0.0268105  610  10  -0.75  0.05  Cut1
0.733792  0.0177457  610  10  -0.65  0.05  Cut1
0.763051  0.0135116  610  10  -0.55  0.05  Cut1
0.7906  0.011231  610  10  -0.45  0.05  Cut1
0.804092  0.0099142  610  10  -0.35  0.05  Cut1
0.778208  0.00918946  610  10  -0.25  0.05  Cut1
0.769164  0.00876601  610  10  -0.15  0.05  Cut1
0.736986  0.00871177  610  10  -0.05  0.05  Cut1
0.714307  0.00889585  610  10  0.05  0.05  Cut1
0.669768  0.00951371  610  10  0.15  0.05  Cut1
0.620803  0.0108076  610  10  0.25  0.05  Cut1
0.534444  0.0139891  610  10  0.35  0.05  Cut1
0.484919  0.0217106  610  10  0.45  0.05  Cut1
0.305174  0.0438193  610  10  0.55  0.05  Cut1
0.393691  0.0817936  610  10  0.65  0.05  Cut1
0.0514516  0.147805  610  10  0.75  0.05  Cut1
0.113487  0.290101  610  10  0.85  0.05  Cut1
1.02489  0.889888  610  10  0.95  0.05  Cut1
-0.121596  0.216439  630  10  -0.95  0.05  Cut1
0.36525  0.104804  630  10  -0.85  0.05  Cut1
0.570451  0.0552016  630  10  -0.75  0.05  Cut1
0.774245  0.0348447  630  10  -0.65  0.05  Cut1
0.79776  0.0272968  630  10  -0.55  0.05  Cut1
0.786873  0.0228113  630  10  -0.45  0.05  Cut1
0.839031  0.0197572  630  10  -0.35  0.05  Cut1
0.830821  0.0181247  630  10  -0.25  0.05  Cut1
0.824971  0.0172387  630  10  -0.15  0.05  Cut1
0.810057  0.0169531  630  10  -0.05  0.05  Cut1
0.77098  0.0170691  630  10  0.05  0.05  Cut1
0.722676  0.0181077  630  10  0.15  0.05  Cut1
0.649972  0.0203832  630  10  0.25  0.05  Cut1
0.632716  0.0249966  630  10  0.35  0.05  Cut1
0.557647  0.0373432  630  10  0.45  0.05  Cut1
0.331197  0.0711811  630  10  0.55  0.05  Cut1
0.150748  0.143231  630  10  0.65  0.05  Cut1
-0.714461  0.253361  630  10  0.75  0.05  Cut1
-0.738524  0.788416  630  10  0.85  0.05  Cut1
0  -nan  630  10  0.95  0.05  Cut1
0.25354  0.555387  650  10  -0.95  0.05  Cut1
0.75754  0.272017  650  10  -0.85  0.05  Cut1
0.835553  0.153073  650  10  -0.75  0.05  Cut1
0.675906  0.102377  650  10  -0.65  0.05  Cut1
0.759761  0.0770442  650  10  -0.55  0.05  Cut1
0.710962  0.0638575  650  10  -0.45  0.05  Cut1
0.867014  0.0544779  650  10  -0.35  0.05  Cut1
0.757181  0.0499538  650  10  -0.25  0.05  Cut1
0.715021  0.0468682  650  10  -0.15  0.05  Cut1
0.730648  0.0453592  650  10  -0.05  0.05  Cut1
0.757521  0.0459838  650  10  0.05  0.05  Cut1
0.77381  0.0482818  650  10  0.15  0.05  Cut1
0.721348  0.0527578  650  10  0.25  0.05  Cut1
0.633985  0.0630261  650  10  0.35  0.05  Cut1
0.655392  0.0878023  650  10  0.45  0.05  Cut1
0.110862  0.154616  650  10  0.55  0.05  Cut1
0.919671  0.323428  650  10  0.65  0.05  Cut1
0.897296  0.726131  650  10  0.75  0.05  Cut1
-2.56461  1.5254  650  10  0.85  0.05  Cut1
6.85406  23.7855  650  10  0.95  0.05  Cut1
-1.24005  2.09661  670  10  -0.95  0.05  Cut1
0.619222  1.0525  670  10  -0.85  0.05  Cut1
1.83715  0.632234  670  10  -0.75  0.05  Cut1
0.933708  0.413264  670  10  -0.65  0.05  Cut1
0.487333  0.309535  670  10  -0.55  0.05  Cut1
1.4421  0.254091  670  10  -0.45  0.05  Cut1
0.304809  0.220111  670  10  -0.35  0.05  Cut1
0.854671  0.197683  670  10  -0.25  0.05  Cut1
0.911863  0.182095  670  10  -0.15  0.05  Cut1
0.679247  0.174913  670  10  -0.05  0.05  Cut1
0.699675  0.175551  670  10  0.05  0.05  Cut1
1.063  0.180673  670  10  0.15  0.05  Cut1
1.07546  0.196339  670  10  0.25  0.05  Cut1
0.954238  0.224605  670  10  0.35  0.05  Cut1
0.846514  0.293662  670  10  0.45  0.05  Cut1
0.975965  0.493861  670  10  0.55  0.05  Cut1
0.76571  1.08096  670  10  0.65  0.05  Cut1
4.74204  2.45451  670  10  0.75  0.05  Cut1
0  -nan  670  10  0.85  0.05  Cut1
0  -nan  670  10  0.95  0.05  Cut1
-2.12209  1.94563  690  10  -0.95  0.05  Cut1
1.34096  1.02708  690  10  -0.85  0.05  Cut1
-0.31229  0.632971  690  10  -0.75  0.05  Cut1
0.307352  0.402113  690  10  -0.65  0.05  Cut1
0.270524  0.294975  690  10  -0.55  0.05  Cut1
0.630454  0.237282  690  10  -0.45  0.05  Cut1
0.535961  0.204022  690  10  -0.35  0.05  Cut1
0.753946  0.181304  690  10  -0.25  0.05  Cut1
0.802185  0.164513  690  10  -0.15  0.05  Cut1
0.69588  0.157156  690  10  -0.05  0.05  Cut1
0.825959  0.153984  690  10  0.05  0.05  Cut1
0.782863  0.159024  690  10  0.15  0.05  Cut1
0.578344  0.16959  690  10  0.25  0.05  Cut1
1.04487  0.19041  690  10  0.35  0.05  Cut1
0.532155  0.235212  690  10  0.45  0.05  Cut1
1.11496  0.3719  690  10  0.55  0.05  Cut1
0.0529382  0.83386  690  10  0.65  0.05  Cut1
-0.299306  2.00103  690  10  0.75  0.05  Cut1
0  -nan  690  10  0.85  0.05  Cut1
0  -nan  690  10  0.95  0.05  Cut1
0.780352  2.13096  710  10  -0.95  0.05  Cut1
0.330543  1.1994  710  10  -0.85  0.05  Cut1
-0.134044  0.730643  710  10  -0.75  0.05  Cut1
1.42828  0.485775  710  10  -0.65  0.05  Cut1
0.7285  0.347994  710  10  -0.55  0.05  Cut1
1.32466  0.284917  710  10  -0.45  0.05  Cut1
0.798  0.234989  710  10  -0.35  0.05  Cut1
0.439394  0.208099  710  10  -0.25  0.05  Cut1
0.791891  0.185564  710  10  -0.15  0.05  Cut1
0.9228  0.174718  710  10  -0.05  0.05  Cut1
0.740389  0.169662  710  10  0.05  0.05  Cut1
0.980292  0.172407  710  10  0.15  0.05  Cut1
0.756189  0.183039  710  10  0.25  0.05  Cut1
0.699684  0.197307  710  10  0.35  0.05  Cut1
0.61615  0.238107  710  10  0.45  0.05  Cut1
-0.121627  0.34163  710  10  0.55  0.05  Cut1
0.573214  0.720747  710  10  0.65  0.05  Cut1
-1.32173  2.15568  710  10  0.75  0.05  Cut1
0  -nan  710  10  0.85  0.05  Cut1
0  -nan  710  10  0.95  0.05  Cut1
0  -nan  730  10  -0.95  0.05  Cut1
0  -nan  730  10  -0.85  0.05  Cut1
0  -nan  730  10  -0.75  0.05  Cut1
0  -nan  730  10  -0.65  0.05  Cut1
0  -nan  730  10  -0.55  0.05  Cut1
0  -nan  730  10  -0.45  0.05  Cut1
0  -nan  730  10  -0.35  0.05  Cut1
0  -nan  730  10  -0.25  0.05  Cut1
0  -nan  730  10  -0.15  0.05  Cut1
0  -nan  730  10  -0.05  0.05  Cut1
0  -nan  730  10  0.05  0.05  Cut1
0  -nan  730  10  0.15  0.05  Cut1
0  -nan  730  10  0.25  0.05  Cut1
0  -nan  730  10  0.35  0.05  Cut1
0  -nan  730  10  0.45  0.05  Cut1
0  -nan  730  10  0.55  0.05  Cut1
0  -nan  730  10  0.65  0.05  Cut1
0  -nan  730  10  0.75  0.05  Cut1
0  -nan  730  10  0.85  0.05  Cut1
0  -nan  730  10  0.95  0.05  Cut1
0  -nan  750  10  -0.95  0.05  Cut1
0  -nan  750  10  -0.85  0.05  Cut1
0  -nan  750  10  -0.75  0.05  Cut1
0  -nan  750  10  -0.65  0.05  Cut1
0  -nan  750  10  -0.55  0.05  Cut1
0  -nan  750  10  -0.45  0.05  Cut1
0  -nan  750  10  -0.35  0.05  Cut1
0  -nan  750  10  -0.25  0.05  Cut1
0  -nan  750  10  -0.15  0.05  Cut1
0  -nan  750  10  -0.05  0.05  Cut1
0  -nan  750  10  0.05  0.05  Cut1
0  -nan  750  10  0.15  0.05  Cut1
0  -nan  750  10  0.25  0.05  Cut1
0  -nan  750  10  0.35  0.05  Cut1
0  -nan  750  10  0.45  0.05  Cut1
0  -nan  750  10  0.55  0.05  Cut1
0  -nan  750  10  0.65  0.05  Cut1
0  -nan  750  10  0.75  0.05  Cut1
0  -nan  750  10  0.85  0.05  Cut1
0  -nan  750  10  0.95  0.05  Cut1
0  -nan  770  10  -0.95  0.05  Cut1
0  -nan  770  10  -0.85  0.05  Cut1
0  -nan  770  10  -0.75  0.05  Cut1
0  -nan  770  10  -0.65  0.05  Cut1
0  -nan  770  10  -0.55  0.05  Cut1
0  -nan  770  10  -0.45  0.05  Cut1
0  -nan  770  10  -0.35  0.05  Cut1
0  -nan  770  10  -0.25  0.05  Cut1
0  -nan  770  10  -0.15  0.05  Cut1
0  -nan  770  10  -0.05  0.05  Cut1
0  -nan  770  10  0.05  0.05  Cut1
0  -nan  770  10  0.15  0.05  Cut1
0  -nan  770  10  0.25  0.05  Cut1
0  -nan  770  10  0.35  0.05  Cut1
0  -nan  770  10  0.45  0.05  Cut1
0  -nan  770  10  0.55  0.05  Cut1
0  -nan  770  10  0.65  0.05  Cut1
0  -nan  770  10  0.75  0.05  Cut1
0  -nan  770  10  0.85  0.05  Cut1
0  -nan  770  10  0.95  0.05  Cut1
0  -nan  790  10  -0.95  0.05  Cut1
0  -nan  790  10  -0.85  0.05  Cut1
0  -nan  790  10  -0.75  0.05  Cut1
0  -nan  790  10  -0.65  0.05  Cut1
0  -nan  790  10  -0.55  0.05  Cut1
0  -nan  790  10  -0.45  0.05  Cut1
0  -nan  790  10  -0.35  0.05  Cut1
0  -nan  790  10  -0.25  0.05  Cut1
0  -nan  790  10  -0.15  0.05  Cut1
0  -nan  790  10  -0.05  0.05  Cut1
0  -nan  790  10  0.05  0.05  Cut1
0  -nan  790  10  0.15  0.05  Cut1
0  -nan  790  10  0.25  0.05  Cut1
0  -nan  790  10  0.35  0.05  Cut1
0  -nan  790  10  0.45  0.05  Cut1
0  -nan  790  10  0.55  0.05  Cut1
0  -nan  790  10  0.65  0.05  Cut1
0  -nan  790  10  0.75  0.05  Cut1
0  -nan  790  10  0.85  0.05  Cut1
0  -nan  790  10  0.95  0.05  Cut1
0  -nan  810  10  -0.95  0.05  Cut1
0  -nan  810  10  -0.85  0.05  Cut1
0  -nan  810  10  -0.75  0.05  Cut1
0  -nan  810  10  -0.65  0.05  Cut1
0  -nan  810  10  -0.55  0.05  Cut1
0  -nan  810  10  -0.45  0.05  Cut1
0  -nan  810  10  -0.35  0.05  Cut1
0  -nan  810  10  -0.25  0.05  Cut1
0  -nan  810  10  -0.15  0.05  Cut1
0  -nan  810  10  -0.05  0.05  Cut1
0  -nan  810  10  0.05  0.05  Cut1
0  -nan  810  10  0.15  0.05  Cut1
0  -nan  810  10  0.25  0.05  Cut1
0  -nan  810  10  0.35  0.05  Cut1
0  -nan  810  10  0.45  0.05  Cut1
0  -nan  810  10  0.55  0.05  Cut1
0  -nan  810  10  0.65  0.05  Cut1
0  -nan  810  10  0.75  0.05  Cut1
0  -nan  810  10  0.85  0.05  Cut1
0  -nan  810  10  0.95  0.05  Cut1
0  -nan  830  10  -0.95  0.05  Cut1
0  -nan  830  10  -0.85  0.05  Cut1
0  -nan  830  10  -0.75  0.05  Cut1
0  -nan  830  10  -0.65  0.05  Cut1
0  -nan  830  10  -0.55  0.05  Cut1
0  -nan  830  10  -0.45  0.05  Cut1
0  -nan  830  10  -0.35  0.05  Cut1
0  -nan  830  10  -0.25  0.05  Cut1
0  -nan  830  10  -0.15  0.05  Cut1
0  -nan  830  10  -0.05  0.05  Cut1
0  -nan  830  10  0.05  0.05  Cut1
0  -nan  830  10  0.15  0.05  Cut1
0  -nan  830  10  0.25  0.05  Cut1
0  -nan  830  10  0.35  0.05  Cut1
0  -nan  830  10  0.45  0.05  Cut1
0  -nan  830  10  0.55  0.05  Cut1
0  -nan  830  10  0.65  0.05  Cut1
0  -nan  830  10  0.75  0.05  Cut1
0  -nan  830  10  0.85  0.05  Cut1
0  -nan  830  10  0.95  0.05  Cut1
0  -nan  850  10  -0.95  0.05  Cut1
0  -nan  850  10  -0.85  0.05  Cut1
0  -nan  850  10  -0.75  0.05  Cut1
0  -nan  850  10  -0.65  0.05  Cut1
0  -nan  850  10  -0.55  0.05  Cut1
0  -nan  850  10  -0.45  0.05  Cut1
0  -nan  850  10  -0.35  0.05  Cut1
0  -nan  850  10  -0.25  0.05  Cut1
0  -nan  850  10  -0.15  0.05  Cut1
0  -nan  850  10  -0.05  0.05  Cut1
0  -nan  850  10  0.05  0.05  Cut1
0  -nan  850  10  0.15  0.05  Cut1
0  -nan  850  10  0.25  0.05  Cut1
0  -nan  850  10  0.35  0.05  Cut1
0  -nan  850  10  0.45  0.05  Cut1
0  -nan  850  10  0.55  0.05  Cut1
0  -nan  850  10  0.65  0.05  Cut1
0  -nan  850  10  0.75  0.05  Cut1
0  -nan  850  10  0.85  0.05  Cut1
0  -nan  850  10  0.95  0.05  Cut1
0  -nan  870  10  -0.95  0.05  Cut1
0  -nan  870  10  -0.85  0.05  Cut1
0  -nan  870  10  -0.75  0.05  Cut1
0  -nan  870  10  -0.65  0.05  Cut1
0  -nan  870  10  -0.55  0.05  Cut1
0  -nan  870  10  -0.45  0.05  Cut1
0  -nan  870  10  -0.35  0.05  Cut1
0  -nan  870  10  -0.25  0.05  Cut1
0  -nan  870  10  -0.15  0.05  Cut1
0  -nan  870  10  -0.05  0.05  Cut1
0  -nan  870  10  0.05  0.05  Cut1
0  -nan  870  10  0.15  0.05  Cut1
0  -nan  870  10  0.25  0.05  Cut1
0  -nan  870  10  0.35  0.05  Cut1
0  -nan  870  10  0.45  0.05  Cut1
0  -nan  870  10  0.55  0.05  Cut1
0  -nan  870  10  0.65  0.05  Cut1
0  -nan  870  10  0.75  0.05  Cut1
0  -nan  870  10  0.85  0.05  Cut1
0  -nan  870  10  0.95  0.05  Cut1
0  -nan  890  10  -0.95  0.05  Cut1
0  -nan  890  10  -0.85  0.05  Cut1
0  -nan  890  10  -0.75  0.05  Cut1
0  -nan  890  10  -0.65  0.05  Cut1
0  -nan  890  10  -0.55  0.05  Cut1
0  -nan  890  10  -0.45  0.05  Cut1
0  -nan  890  10  -0.35  0.05  Cut1
0  -nan  890  10  -0.25  0.05  Cut1
0  -nan  890  10  -0.15  0.05  Cut1
0  -nan  890  10  -0.05  0.05  Cut1
0  -nan  890  10  0.05  0.05  Cut1
0  -nan  890  10  0.15  0.05  Cut1
0  -nan  890  10  0.25  0.05  Cut1
0  -nan  890  10  0.35  0.05  Cut1
0  -nan  890  10  0.45  0.05  Cut1
0  -nan  890  10  0.55  0.05  Cut1
0  -nan  890  10  0.65  0.05  Cut1
0  -nan  890  10  0.75  0.05  Cut1
0  -nan  890  10  0.85  0.05  Cut1
0  -nan  890  10  0.95  0.05  Cut1
0  -nan  910  10  -0.95  0.05  Cut1
0  -nan  910  10  -0.85  0.05  Cut1
0  -nan  910  10  -0.75  0.05  Cut1
0  -nan  910  10  -0.65  0.05  Cut1
0  -nan  910  10  -0.55  0.05  Cut1
0  -nan  910  10  -0.45  0.05  Cut1
0  -nan  910  10  -0.35  0.05  Cut1
0  -nan  910  10  -0.25  0.05  Cut1
0  -nan  910  10  -0.15  0.05  Cut1
0  -nan  910  10  -0.05  0.05  Cut1
0  -nan  910  10  0.05  0.05  Cut1
0  -nan  910  10  0.15  0.05  Cut1
0  -nan  910  10  0.25  0.05  Cut1
0  -nan  910  10  0.35  0.05  Cut1
0  -nan  910  10  0.45  0.05  Cut1
0  -nan  910  10  0.55  0.05  Cut1
0  -nan  910  10  0.65  0.05  Cut1
0  -nan  910  10  0.75  0.05  Cut1
0  -nan  910  10  0.85  0.05  Cut1
0  -nan  910  10  0.95  0.05  Cut1
