0.441873  0.117505  410  10  -0.95  0.05  SignalTiming
0.463548  0.109013  410  10  -0.85  0.05  SignalTiming
0.748226  0.0677407  410  10  -0.75  0.05  SignalTiming
0.686417  0.0471806  410  10  -0.65  0.05  SignalTiming
0.692703  0.0413803  410  10  -0.55  0.05  SignalTiming
0.736431  0.0416365  410  10  -0.45  0.05  SignalTiming
0.698714  0.047374  410  10  -0.35  0.05  SignalTiming
0.706751  0.057695  410  10  -0.25  0.05  SignalTiming
0.624825  0.077864  410  10  -0.15  0.05  SignalTiming
0.336308  0.120107  410  10  -0.05  0.05  SignalTiming
0.638847  0.204911  410  10  0.05  0.05  SignalTiming
0.537598  0.480277  410  10  0.15  0.05  SignalTiming
1.15635  1.18591  410  10  0.25  0.05  SignalTiming
1.69029  2.18994  410  10  0.35  0.05  SignalTiming
-1.11714  2.58049  410  10  0.45  0.05  SignalTiming
0.371926  1.58407  410  10  0.55  0.05  SignalTiming
-1.34688  2.74811  410  10  0.65  0.05  SignalTiming
-1.34858  2.43933  410  10  0.75  0.05  SignalTiming
-0.154726  3.63407  410  10  0.85  0.05  SignalTiming
-0.788881  2.45216  410  10  0.95  0.05  SignalTiming
0.18519  0.109685  430  10  -0.95  0.05  SignalTiming
0.640389  0.0851973  430  10  -0.85  0.05  SignalTiming
0.660206  0.0475173  430  10  -0.75  0.05  SignalTiming
0.680335  0.0329975  430  10  -0.65  0.05  SignalTiming
0.732783  0.0284676  430  10  -0.55  0.05  SignalTiming
0.707998  0.0279449  430  10  -0.45  0.05  SignalTiming
0.677384  0.0300755  430  10  -0.35  0.05  SignalTiming
0.733671  0.0350613  430  10  -0.25  0.05  SignalTiming
0.72507  0.0441362  430  10  -0.15  0.05  SignalTiming
0.693149  0.0609509  430  10  -0.05  0.05  SignalTiming
0.597382  0.0973374  430  10  0.05  0.05  SignalTiming
0.689927  0.192823  430  10  0.15  0.05  SignalTiming
0.400295  0.456593  430  10  0.25  0.05  SignalTiming
0.59337  1.40196  430  10  0.35  0.05  SignalTiming
0.975009  1.24906  430  10  0.45  0.05  SignalTiming
1.17005  1.57813  430  10  0.55  0.05  SignalTiming
2.8835  2.36482  430  10  0.65  0.05  SignalTiming
0.0952198  2.38377  430  10  0.75  0.05  SignalTiming
-5.53796  2.81511  430  10  0.85  0.05  SignalTiming
-1.03789  1.89985  430  10  0.95  0.05  SignalTiming
0.13563  0.102608  450  10  -0.95  0.05  SignalTiming
0.589122  0.071443  450  10  -0.85  0.05  SignalTiming
0.740422  0.0368559  450  10  -0.75  0.05  SignalTiming
0.741171  0.0256339  450  10  -0.65  0.05  SignalTiming
0.716834  0.0220814  450  10  -0.55  0.05  SignalTiming
0.715454  0.0210198  450  10  -0.45  0.05  SignalTiming
0.672989  0.0214221  450  10  -0.35  0.05  SignalTiming
0.702171  0.023358  450  10  -0.25  0.05  SignalTiming
0.657736  0.0274428  450  10  -0.15  0.05  SignalTiming
0.692921  0.0359116  450  10  -0.05  0.05  SignalTiming
0.653645  0.0509171  450  10  0.05  0.05  SignalTiming
0.869184  0.0855857  450  10  0.15  0.05  SignalTiming
0.8939  0.171819  450  10  0.25  0.05  SignalTiming
0.54625  0.447575  450  10  0.35  0.05  SignalTiming
0.31204  1.34628  450  10  0.45  0.05  SignalTiming
0.62728  1.02062  450  10  0.55  0.05  SignalTiming
-1.94724  1.64309  450  10  0.65  0.05  SignalTiming
1.67731  2.36472  450  10  0.75  0.05  SignalTiming
1.9105  1.42813  450  10  0.85  0.05  SignalTiming
1.1478  1.56168  450  10  0.95  0.05  SignalTiming
0.410189  0.105576  470  10  -0.95  0.05  SignalTiming
0.76183  0.0625409  470  10  -0.85  0.05  SignalTiming
0.781883  0.0315993  470  10  -0.75  0.05  SignalTiming
0.774741  0.0225854  470  10  -0.65  0.05  SignalTiming
0.738484  0.0192432  470  10  -0.55  0.05  SignalTiming
0.759925  0.0182688  470  10  -0.45  0.05  SignalTiming
0.720504  0.0178594  470  10  -0.35  0.05  SignalTiming
0.704994  0.018469  470  10  -0.25  0.05  SignalTiming
0.675322  0.0203819  470  10  -0.15  0.05  SignalTiming
0.6461  0.0243592  470  10  -0.05  0.05  SignalTiming
0.676278  0.0322713  470  10  0.05  0.05  SignalTiming
0.64434  0.0482672  470  10  0.15  0.05  SignalTiming
0.446883  0.0841317  470  10  0.25  0.05  SignalTiming
0.694829  0.206046  470  10  0.35  0.05  SignalTiming
0.128135  0.532539  470  10  0.45  0.05  SignalTiming
-0.306618  0.882283  470  10  0.55  0.05  SignalTiming
-0.0615773  1.36274  470  10  0.65  0.05  SignalTiming
-2.32831  1.6041  470  10  0.75  0.05  SignalTiming
1.39517  1.01735  470  10  0.85  0.05  SignalTiming
0.222161  2.12069  470  10  0.95  0.05  SignalTiming
0.596715  0.121374  490  10  -0.95  0.05  SignalTiming
0.734547  0.0666462  490  10  -0.85  0.05  SignalTiming
0.769601  0.033606  490  10  -0.75  0.05  SignalTiming
0.781621  0.023883  490  10  -0.65  0.05  SignalTiming
0.753547  0.0206716  490  10  -0.55  0.05  SignalTiming
0.75082  0.0193266  490  10  -0.45  0.05  SignalTiming
0.775857  0.0186638  490  10  -0.35  0.05  SignalTiming
0.725397  0.0187046  490  10  -0.25  0.05  SignalTiming
0.693577  0.0197424  490  10  -0.15  0.05  SignalTiming
0.69359  0.0219011  490  10  -0.05  0.05  SignalTiming
0.662155  0.0274854  490  10  0.05  0.05  SignalTiming
0.616481  0.0386601  490  10  0.15  0.05  SignalTiming
0.663673  0.0653505  490  10  0.25  0.05  SignalTiming
0.821317  0.137179  490  10  0.35  0.05  SignalTiming
1.40654  0.357047  490  10  0.45  0.05  SignalTiming
0.340288  1.2029  490  10  0.55  0.05  SignalTiming
-0.866845  1.02757  490  10  0.65  0.05  SignalTiming
-0.632478  1.02456  490  10  0.75  0.05  SignalTiming
-1.19569  1.1182  490  10  0.85  0.05  SignalTiming
-0.41875  0.992718  490  10  0.95  0.05  SignalTiming
0.865483  0.116521  510  10  -0.95  0.05  SignalTiming
0.708158  0.0582202  510  10  -0.85  0.05  SignalTiming
0.764166  0.0280478  510  10  -0.75  0.05  SignalTiming
0.775784  0.0198834  510  10  -0.65  0.05  SignalTiming
0.782771  0.0173933  510  10  -0.55  0.05  SignalTiming
0.776121  0.0160872  510  10  -0.45  0.05  SignalTiming
0.742616  0.0154571  510  10  -0.35  0.05  SignalTiming
0.713999  0.0153388  510  10  -0.25  0.05  SignalTiming
0.67923  0.015574  510  10  -0.15  0.05  SignalTiming
0.659573  0.0167487  510  10  -0.05  0.05  SignalTiming
0.690344  0.0195652  510  10  0.05  0.05  SignalTiming
0.629729  0.0257598  510  10  0.15  0.05  SignalTiming
0.571902  0.0388815  510  10  0.25  0.05  SignalTiming
0.463255  0.0725454  510  10  0.35  0.05  SignalTiming
0.239167  0.180137  510  10  0.45  0.05  SignalTiming
1.05075  0.475385  510  10  0.55  0.05  SignalTiming
-0.360405  0.829651  510  10  0.65  0.05  SignalTiming
0.364955  0.845225  510  10  0.75  0.05  SignalTiming
-0.43384  2.19047  510  10  0.85  0.05  SignalTiming
0.161701  0.713327  510  10  0.95  0.05  SignalTiming
0.781537  0.124175  530  10  -0.95  0.05  SignalTiming
0.843959  0.0608443  530  10  -0.85  0.05  SignalTiming
0.781481  0.0304462  530  10  -0.75  0.05  SignalTiming
0.817157  0.0215743  530  10  -0.65  0.05  SignalTiming
0.816899  0.0184798  530  10  -0.55  0.05  SignalTiming
0.801231  0.0172779  530  10  -0.45  0.05  SignalTiming
0.757894  0.0166419  530  10  -0.35  0.05  SignalTiming
0.743639  0.0163109  530  10  -0.25  0.05  SignalTiming
0.687475  0.0163256  530  10  -0.15  0.05  SignalTiming
0.679954  0.0168643  530  10  -0.05  0.05  SignalTiming
0.65573  0.0184729  530  10  0.05  0.05  SignalTiming
0.599124  0.0227943  530  10  0.15  0.05  SignalTiming
0.55884  0.0320492  530  10  0.25  0.05  SignalTiming
0.5886  0.0553835  530  10  0.35  0.05  SignalTiming
0.463778  0.126468  530  10  0.45  0.05  SignalTiming
-0.0387494  0.323586  530  10  0.55  0.05  SignalTiming
0.466237  0.561422  530  10  0.65  0.05  SignalTiming
-1.25177  1.10237  530  10  0.75  0.05  SignalTiming
0.967021  0.823542  530  10  0.85  0.05  SignalTiming
-1.56511  1.26231  530  10  0.95  0.05  SignalTiming
0.381398  0.150747  550  10  -0.95  0.05  SignalTiming
0.771703  0.0702042  550  10  -0.85  0.05  SignalTiming
0.798105  0.0335988  550  10  -0.75  0.05  SignalTiming
0.838604  0.023904  550  10  -0.65  0.05  SignalTiming
0.808108  0.0205733  550  10  -0.55  0.05  SignalTiming
0.813392  0.0190548  550  10  -0.45  0.05  SignalTiming
0.765197  0.0184955  550  10  -0.35  0.05  SignalTiming
0.740523  0.0179158  550  10  -0.25  0.05  SignalTiming
0.713067  0.0178679  550  10  -0.15  0.05  SignalTiming
0.641402  0.0183238  550  10  -0.05  0.05  SignalTiming
0.609092  0.0197906  550  10  0.05  0.05  SignalTiming
0.594728  0.0233349  550  10  0.15  0.05  SignalTiming
0.622022  0.0311769  550  10  0.25  0.05  SignalTiming
0.575259  0.0503822  550  10  0.35  0.05  SignalTiming
0.433257  0.100549  550  10  0.45  0.05  SignalTiming
0.206082  0.252412  550  10  0.55  0.05  SignalTiming
-0.0279103  0.613184  550  10  0.65  0.05  SignalTiming
-0.291545  0.672048  550  10  0.75  0.05  SignalTiming
-0.183168  1.62942  550  10  0.85  0.05  SignalTiming
-0.610078  1.38484  550  10  0.95  0.05  SignalTiming
0.456908  0.106295  570  10  -0.95  0.05  SignalTiming
0.802706  0.0553725  570  10  -0.85  0.05  SignalTiming
0.772859  0.0261924  570  10  -0.75  0.05  SignalTiming
0.838341  0.018752  570  10  -0.65  0.05  SignalTiming
0.809205  0.0162133  570  10  -0.55  0.05  SignalTiming
0.786057  0.0149583  570  10  -0.45  0.05  SignalTiming
0.783826  0.0142017  570  10  -0.35  0.05  SignalTiming
0.736977  0.0140234  570  10  -0.25  0.05  SignalTiming
0.727664  0.0141463  570  10  -0.15  0.05  SignalTiming
0.675705  0.0143912  570  10  -0.05  0.05  SignalTiming
0.693871  0.0149911  570  10  0.05  0.05  SignalTiming
0.593857  0.0169088  570  10  0.15  0.05  SignalTiming
0.55468  0.0209429  570  10  0.25  0.05  SignalTiming
0.544337  0.0313468  570  10  0.35  0.05  SignalTiming
0.400965  0.0580766  570  10  0.45  0.05  SignalTiming
0.42964  0.136677  570  10  0.55  0.05  SignalTiming
0.182382  0.374301  570  10  0.65  0.05  SignalTiming
0.209892  0.78118  570  10  0.75  0.05  SignalTiming
-0.683762  0.616754  570  10  0.85  0.05  SignalTiming
-0.100524  0.788346  570  10  0.95  0.05  SignalTiming
0.379535  0.0837746  590  10  -0.95  0.05  SignalTiming
0.628045  0.0459164  590  10  -0.85  0.05  SignalTiming
0.797117  0.0220715  590  10  -0.75  0.05  SignalTiming
0.825139  0.0156475  590  10  -0.65  0.05  SignalTiming
0.824434  0.0135644  590  10  -0.55  0.05  SignalTiming
0.823897  0.0125247  590  10  -0.45  0.05  SignalTiming
0.786649  0.0120336  590  10  -0.35  0.05  SignalTiming
0.77565  0.0118078  590  10  -0.25  0.05  SignalTiming
0.731905  0.0118492  590  10  -0.15  0.05  SignalTiming
0.724159  0.0121066  590  10  -0.05  0.05  SignalTiming
0.675946  0.012576  590  10  0.05  0.05  SignalTiming
0.619918  0.013837  590  10  0.15  0.05  SignalTiming
0.58455  0.0162534  590  10  0.25  0.05  SignalTiming
0.54705  0.0222436  590  10  0.35  0.05  SignalTiming
0.376402  0.0396117  590  10  0.45  0.05  SignalTiming
0.323216  0.0861164  590  10  0.55  0.05  SignalTiming
0.32063  0.274794  590  10  0.65  0.05  SignalTiming
0.644843  0.986243  590  10  0.75  0.05  SignalTiming
0.585929  0.89888  590  10  0.85  0.05  SignalTiming
0.504447  0.922913  590  10  0.95  0.05  SignalTiming
0.480902  0.0859418  610  10  -0.95  0.05  SignalTiming
0.630424  0.0475965  610  10  -0.85  0.05  SignalTiming
0.775031  0.0236781  610  10  -0.75  0.05  SignalTiming
0.840075  0.0167156  610  10  -0.65  0.05  SignalTiming
0.82332  0.0143497  610  10  -0.55  0.05  SignalTiming
0.826125  0.0131991  610  10  -0.45  0.05  SignalTiming
0.824922  0.0126857  610  10  -0.35  0.05  SignalTiming
0.814062  0.0124315  610  10  -0.25  0.05  SignalTiming
0.771198  0.012533  610  10  -0.15  0.05  SignalTiming
0.769138  0.0127871  610  10  -0.05  0.05  SignalTiming
0.726257  0.0133862  610  10  0.05  0.05  SignalTiming
0.69912  0.0144454  610  10  0.15  0.05  SignalTiming
0.626456  0.016519  610  10  0.25  0.05  SignalTiming
0.540407  0.0216799  610  10  0.35  0.05  SignalTiming
0.49985  0.0357762  610  10  0.45  0.05  SignalTiming
0.361272  0.0744781  610  10  0.55  0.05  SignalTiming
0.209337  0.176733  610  10  0.65  0.05  SignalTiming
0.632439  0.38373  610  10  0.75  0.05  SignalTiming
0.369707  0.667676  610  10  0.85  0.05  SignalTiming
-1.17442  2.11603  610  10  0.95  0.05  SignalTiming
0.478538  0.149563  630  10  -0.95  0.05  SignalTiming
0.386671  0.091922  630  10  -0.85  0.05  SignalTiming
0.771305  0.0464657  630  10  -0.75  0.05  SignalTiming
0.877247  0.0328279  630  10  -0.65  0.05  SignalTiming
0.849089  0.0278693  630  10  -0.55  0.05  SignalTiming
0.861748  0.0262306  630  10  -0.45  0.05  SignalTiming
0.885842  0.0250519  630  10  -0.35  0.05  SignalTiming
0.86276  0.0242038  630  10  -0.25  0.05  SignalTiming
0.805974  0.0246399  630  10  -0.15  0.05  SignalTiming
0.808426  0.025111  630  10  -0.05  0.05  SignalTiming
0.759608  0.0262349  630  10  0.05  0.05  SignalTiming
0.77811  0.0273638  630  10  0.15  0.05  SignalTiming
0.680598  0.0315561  630  10  0.25  0.05  SignalTiming
0.598051  0.0388784  630  10  0.35  0.05  SignalTiming
0.496722  0.0594786  630  10  0.45  0.05  SignalTiming
0.294171  0.121593  630  10  0.55  0.05  SignalTiming
0.367083  0.29517  630  10  0.65  0.05  SignalTiming
-0.389145  0.558322  630  10  0.75  0.05  SignalTiming
-0.367493  0.81541  630  10  0.85  0.05  SignalTiming
-0.497586  1.37669  630  10  0.95  0.05  SignalTiming
0.161834  0.388352  650  10  -0.95  0.05  SignalTiming
0.769775  0.247622  650  10  -0.85  0.05  SignalTiming
0.840771  0.129736  650  10  -0.75  0.05  SignalTiming
0.734839  0.0906802  650  10  -0.65  0.05  SignalTiming
0.715569  0.0805551  650  10  -0.55  0.05  SignalTiming
0.745398  0.0724759  650  10  -0.45  0.05  SignalTiming
0.837237  0.0684341  650  10  -0.35  0.05  SignalTiming
0.859307  0.0678503  650  10  -0.25  0.05  SignalTiming
0.742364  0.0677666  650  10  -0.15  0.05  SignalTiming
0.65123  0.0678895  650  10  -0.05  0.05  SignalTiming
0.850229  0.071721  650  10  0.05  0.05  SignalTiming
0.624573  0.0753318  650  10  0.15  0.05  SignalTiming
0.662858  0.0839123  650  10  0.25  0.05  SignalTiming
0.812961  0.100083  650  10  0.35  0.05  SignalTiming
0.772112  0.141195  650  10  0.45  0.05  SignalTiming
0.229371  0.290053  650  10  0.55  0.05  SignalTiming
-0.349512  0.710264  650  10  0.65  0.05  SignalTiming
-0.597482  1.5901  650  10  0.75  0.05  SignalTiming
6.77855  5.97162  650  10  0.85  0.05  SignalTiming
-4.04964  8.18472  650  10  0.95  0.05  SignalTiming
-1.84398  1.20616  670  10  -0.95  0.05  SignalTiming
-2.08868  0.852128  670  10  -0.85  0.05  SignalTiming
-0.320834  0.474401  670  10  -0.75  0.05  SignalTiming
0.653374  0.325305  670  10  -0.65  0.05  SignalTiming
0.400379  0.277381  670  10  -0.55  0.05  SignalTiming
0.542986  0.26232  670  10  -0.45  0.05  SignalTiming
1.10045  0.241798  670  10  -0.35  0.05  SignalTiming
0.709767  0.238496  670  10  -0.25  0.05  SignalTiming
0.633734  0.239406  670  10  -0.15  0.05  SignalTiming
0.957723  0.241367  670  10  -0.05  0.05  SignalTiming
0.670228  0.248115  670  10  0.05  0.05  SignalTiming
1.14379  0.2612  670  10  0.15  0.05  SignalTiming
0.440289  0.282563  670  10  0.25  0.05  SignalTiming
1.32765  0.323672  670  10  0.35  0.05  SignalTiming
1.18509  0.439936  670  10  0.45  0.05  SignalTiming
-0.151312  0.797006  670  10  0.55  0.05  SignalTiming
0.466448  2.03655  670  10  0.65  0.05  SignalTiming
0.135027  4.98195  670  10  0.75  0.05  SignalTiming
-2.13426  12.9273  670  10  0.85  0.05  SignalTiming
-17.4713  18.2947  670  10  0.95  0.05  SignalTiming
-0.379765  1.04165  690  10  -0.95  0.05  SignalTiming
0.923502  0.774591  690  10  -0.85  0.05  SignalTiming
0.320741  0.429661  690  10  -0.75  0.05  SignalTiming
0.340682  0.305579  690  10  -0.65  0.05  SignalTiming
0.496519  0.261385  690  10  -0.55  0.05  SignalTiming
0.661873  0.24318  690  10  -0.45  0.05  SignalTiming
0.562642  0.233499  690  10  -0.35  0.05  SignalTiming
0.966433  0.224604  690  10  -0.25  0.05  SignalTiming
0.894688  0.220387  690  10  -0.15  0.05  SignalTiming
0.922179  0.221799  690  10  -0.05  0.05  SignalTiming
0.403086  0.229662  690  10  0.05  0.05  SignalTiming
1.12149  0.2441  690  10  0.15  0.05  SignalTiming
0.479605  0.263469  690  10  0.25  0.05  SignalTiming
1.24036  0.296137  690  10  0.35  0.05  SignalTiming
0.762282  0.380041  690  10  0.45  0.05  SignalTiming
0.954142  0.646384  690  10  0.55  0.05  SignalTiming
-0.346463  1.52168  690  10  0.65  0.05  SignalTiming
4.87853  4.7294  690  10  0.75  0.05  SignalTiming
-7.30512  8.06382  690  10  0.85  0.05  SignalTiming
-13.2819  22.4405  690  10  0.95  0.05  SignalTiming
-0.900499  1.05048  710  10  -0.95  0.05  SignalTiming
1.88182  0.931757  710  10  -0.85  0.05  SignalTiming
-0.0677239  0.471792  710  10  -0.75  0.05  SignalTiming
1.03937  0.334799  710  10  -0.65  0.05  SignalTiming
0.815144  0.292463  710  10  -0.55  0.05  SignalTiming
1.12394  0.275225  710  10  -0.45  0.05  SignalTiming
0.120993  0.263433  710  10  -0.35  0.05  SignalTiming
1.05376  0.252763  710  10  -0.25  0.05  SignalTiming
0.703435  0.2476  710  10  -0.15  0.05  SignalTiming
0.92762  0.253254  710  10  -0.05  0.05  SignalTiming
0.883091  0.26107  710  10  0.05  0.05  SignalTiming
0.731315  0.265968  710  10  0.15  0.05  SignalTiming
1.00051  0.291547  710  10  0.25  0.05  SignalTiming
0.774244  0.322926  710  10  0.35  0.05  SignalTiming
0.615494  0.384857  710  10  0.45  0.05  SignalTiming
-0.0819232  0.612501  710  10  0.55  0.05  SignalTiming
2.55022  1.58093  710  10  0.65  0.05  SignalTiming
11.7054  12.819  710  10  0.75  0.05  SignalTiming
0.667669  9.81834  710  10  0.85  0.05  SignalTiming
28.766  20.3193  710  10  0.95  0.05  SignalTiming
