0  -nan  250  10  -0.95  0.05  Random
0  -nan  250  10  -0.85  0.05  Random
0  -nan  250  10  -0.75  0.05  Random
0  -nan  250  10  -0.65  0.05  Random
0  -nan  250  10  -0.55  0.05  Random
0  -nan  250  10  -0.45  0.05  Random
0  -nan  250  10  -0.35  0.05  Random
0  -nan  250  10  -0.25  0.05  Random
0  -nan  250  10  -0.15  0.05  Random
0  -nan  250  10  -0.05  0.05  Random
0  -nan  250  10  0.05  0.05  Random
0  -nan  250  10  0.15  0.05  Random
0  -nan  250  10  0.25  0.05  Random
0  -nan  250  10  0.35  0.05  Random
0  -nan  250  10  0.45  0.05  Random
0  -nan  250  10  0.55  0.05  Random
0  -nan  250  10  0.65  0.05  Random
0  -nan  250  10  0.75  0.05  Random
0  -nan  250  10  0.85  0.05  Random
0  -nan  250  10  0.95  0.05  Random
0  -nan  270  10  -0.95  0.05  Random
0  -nan  270  10  -0.85  0.05  Random
0  -nan  270  10  -0.75  0.05  Random
0  -nan  270  10  -0.65  0.05  Random
0  -nan  270  10  -0.55  0.05  Random
0  -nan  270  10  -0.45  0.05  Random
0  -nan  270  10  -0.35  0.05  Random
0  -nan  270  10  -0.25  0.05  Random
0  -nan  270  10  -0.15  0.05  Random
0  -nan  270  10  -0.05  0.05  Random
0  -nan  270  10  0.05  0.05  Random
0  -nan  270  10  0.15  0.05  Random
0  -nan  270  10  0.25  0.05  Random
0  -nan  270  10  0.35  0.05  Random
0  -nan  270  10  0.45  0.05  Random
0  -nan  270  10  0.55  0.05  Random
0  -nan  270  10  0.65  0.05  Random
0  -nan  270  10  0.75  0.05  Random
0  -nan  270  10  0.85  0.05  Random
0  -nan  270  10  0.95  0.05  Random
0  -nan  290  10  -0.95  0.05  Random
0  -nan  290  10  -0.85  0.05  Random
0  -nan  290  10  -0.75  0.05  Random
0  -nan  290  10  -0.65  0.05  Random
0  -nan  290  10  -0.55  0.05  Random
0  -nan  290  10  -0.45  0.05  Random
0  -nan  290  10  -0.35  0.05  Random
0  -nan  290  10  -0.25  0.05  Random
0  -nan  290  10  -0.15  0.05  Random
0  -nan  290  10  -0.05  0.05  Random
0  -nan  290  10  0.05  0.05  Random
0  -nan  290  10  0.15  0.05  Random
0  -nan  290  10  0.25  0.05  Random
0  -nan  290  10  0.35  0.05  Random
0  -nan  290  10  0.45  0.05  Random
0  -nan  290  10  0.55  0.05  Random
0  -nan  290  10  0.65  0.05  Random
0  -nan  290  10  0.75  0.05  Random
0  -nan  290  10  0.85  0.05  Random
0  -nan  290  10  0.95  0.05  Random
0  -nan  310  10  -0.95  0.05  Random
0  -nan  310  10  -0.85  0.05  Random
0  -nan  310  10  -0.75  0.05  Random
0  -nan  310  10  -0.65  0.05  Random
0  -nan  310  10  -0.55  0.05  Random
0  -nan  310  10  -0.45  0.05  Random
0  -nan  310  10  -0.35  0.05  Random
0  -nan  310  10  -0.25  0.05  Random
0  -nan  310  10  -0.15  0.05  Random
0  -nan  310  10  -0.05  0.05  Random
0  -nan  310  10  0.05  0.05  Random
0  -nan  310  10  0.15  0.05  Random
0  -nan  310  10  0.25  0.05  Random
0  -nan  310  10  0.35  0.05  Random
0  -nan  310  10  0.45  0.05  Random
0  -nan  310  10  0.55  0.05  Random
0  -nan  310  10  0.65  0.05  Random
0  -nan  310  10  0.75  0.05  Random
0  -nan  310  10  0.85  0.05  Random
0  -nan  310  10  0.95  0.05  Random
0  -nan  330  10  -0.95  0.05  Random
0  -nan  330  10  -0.85  0.05  Random
0  -nan  330  10  -0.75  0.05  Random
0  -nan  330  10  -0.65  0.05  Random
0  -nan  330  10  -0.55  0.05  Random
0  -nan  330  10  -0.45  0.05  Random
0  -nan  330  10  -0.35  0.05  Random
0  -nan  330  10  -0.25  0.05  Random
0  -nan  330  10  -0.15  0.05  Random
0  -nan  330  10  -0.05  0.05  Random
0  -nan  330  10  0.05  0.05  Random
0  -nan  330  10  0.15  0.05  Random
0  -nan  330  10  0.25  0.05  Random
0  -nan  330  10  0.35  0.05  Random
0  -nan  330  10  0.45  0.05  Random
0  -nan  330  10  0.55  0.05  Random
0  -nan  330  10  0.65  0.05  Random
0  -nan  330  10  0.75  0.05  Random
0  -nan  330  10  0.85  0.05  Random
0  -nan  330  10  0.95  0.05  Random
0  -nan  350  10  -0.95  0.05  Random
0  -nan  350  10  -0.85  0.05  Random
0  -nan  350  10  -0.75  0.05  Random
0  -nan  350  10  -0.65  0.05  Random
0  -nan  350  10  -0.55  0.05  Random
0  -nan  350  10  -0.45  0.05  Random
0  -nan  350  10  -0.35  0.05  Random
0  -nan  350  10  -0.25  0.05  Random
0  -nan  350  10  -0.15  0.05  Random
0  -nan  350  10  -0.05  0.05  Random
0  -nan  350  10  0.05  0.05  Random
0  -nan  350  10  0.15  0.05  Random
0  -nan  350  10  0.25  0.05  Random
0  -nan  350  10  0.35  0.05  Random
0  -nan  350  10  0.45  0.05  Random
0  -nan  350  10  0.55  0.05  Random
0  -nan  350  10  0.65  0.05  Random
0  -nan  350  10  0.75  0.05  Random
0  -nan  350  10  0.85  0.05  Random
0  -nan  350  10  0.95  0.05  Random
0  -nan  370  10  -0.95  0.05  Random
0  -nan  370  10  -0.85  0.05  Random
0  -nan  370  10  -0.75  0.05  Random
0  -nan  370  10  -0.65  0.05  Random
0  -nan  370  10  -0.55  0.05  Random
0  -nan  370  10  -0.45  0.05  Random
0  -nan  370  10  -0.35  0.05  Random
0  -nan  370  10  -0.25  0.05  Random
0  -nan  370  10  -0.15  0.05  Random
0  -nan  370  10  -0.05  0.05  Random
0  -nan  370  10  0.05  0.05  Random
0  -nan  370  10  0.15  0.05  Random
0  -nan  370  10  0.25  0.05  Random
0  -nan  370  10  0.35  0.05  Random
0  -nan  370  10  0.45  0.05  Random
0  -nan  370  10  0.55  0.05  Random
0  -nan  370  10  0.65  0.05  Random
0  -nan  370  10  0.75  0.05  Random
0  -nan  370  10  0.85  0.05  Random
0  -nan  370  10  0.95  0.05  Random
0  -nan  390  10  -0.95  0.05  Random
0  -nan  390  10  -0.85  0.05  Random
0  -nan  390  10  -0.75  0.05  Random
0  -nan  390  10  -0.65  0.05  Random
0  -nan  390  10  -0.55  0.05  Random
0  -nan  390  10  -0.45  0.05  Random
0  -nan  390  10  -0.35  0.05  Random
0  -nan  390  10  -0.25  0.05  Random
0  -nan  390  10  -0.15  0.05  Random
0  -nan  390  10  -0.05  0.05  Random
0  -nan  390  10  0.05  0.05  Random
0  -nan  390  10  0.15  0.05  Random
0  -nan  390  10  0.25  0.05  Random
0  -nan  390  10  0.35  0.05  Random
0  -nan  390  10  0.45  0.05  Random
0  -nan  390  10  0.55  0.05  Random
0  -nan  390  10  0.65  0.05  Random
0  -nan  390  10  0.75  0.05  Random
0  -nan  390  10  0.85  0.05  Random
0  -nan  390  10  0.95  0.05  Random
-8.75078e-09  1.36444e-08  410  10  -0.95  0.05  Random
1.33121e-10  -1.31589e-10  410  10  -0.85  0.05  Random
0.558272  0.225439  410  10  -0.75  0.05  Random
0.331366  0.339247  410  10  -0.65  0.05  Random
7.90223  6.70787  410  10  -0.55  0.05  Random
4.2995e-05  -6.60234e-05  410  10  -0.45  0.05  Random
-5.67036e-05  42.5347  410  10  -0.35  0.05  Random
-0.771825  1.00667  410  10  -0.25  0.05  Random
-0.209209  -0.259314  410  10  -0.15  0.05  Random
-0.0011108  -0.000623597  410  10  -0.05  0.05  Random
0.225377  1.24012  410  10  0.05  0.05  Random
-0.686665  1.42663  410  10  0.15  0.05  Random
-1.13752  1.5674  410  10  0.25  0.05  Random
-1.1975  1.05815  410  10  0.35  0.05  Random
1.3633  1.41378  410  10  0.45  0.05  Random
1.8643  1.27659  410  10  0.55  0.05  Random
-0.35129  0.738775  410  10  0.65  0.05  Random
0  -nan  410  10  0.75  0.05  Random
0  -nan  410  10  0.85  0.05  Random
0  -nan  410  10  0.95  0.05  Random
-4.57332e-07  -5.81171e-07  430  10  -0.95  0.05  Random
0  -nan  430  10  -0.85  0.05  Random
-0.520233  1.42341  430  10  -0.75  0.05  Random
-1.67306  0.579813  430  10  -0.65  0.05  Random
-0.441337  0.710136  430  10  -0.55  0.05  Random
0.60973  0.61631  430  10  -0.45  0.05  Random
-1.3757  1.29177  430  10  -0.35  0.05  Random
-3.31495e-06  -6.8226e-06  430  10  -0.25  0.05  Random
-0.701428  1.05056  430  10  -0.15  0.05  Random
0.508094  0.435303  430  10  -0.05  0.05  Random
0.223788  0.623574  430  10  0.05  0.05  Random
-1.03432  0.729549  430  10  0.15  0.05  Random
0.00365622  15.1914  430  10  0.25  0.05  Random
-0.0496778  0.769343  430  10  0.35  0.05  Random
-0.163567  0.812044  430  10  0.45  0.05  Random
-1.24054  1.33892  430  10  0.55  0.05  Random
0.083926  1.50791  430  10  0.65  0.05  Random
0.520188  1.74012  430  10  0.75  0.05  Random
-9.0863e-05  102.667  430  10  0.85  0.05  Random
0  -nan  430  10  0.95  0.05  Random
-4.44358  118.237  450  10  -0.95  0.05  Random
-0.0231279  0.206338  450  10  -0.85  0.05  Random
1.15681  0.327759  450  10  -0.75  0.05  Random
-0.973246  0.313078  450  10  -0.65  0.05  Random
-0.212864  0.357669  450  10  -0.55  0.05  Random
-1.31542  0.475389  450  10  -0.45  0.05  Random
-0.72143  0.52455  450  10  -0.35  0.05  Random
0.691612  0.867135  450  10  -0.25  0.05  Random
-0.754332  0.524766  450  10  -0.15  0.05  Random
-0.551563  0.656052  450  10  -0.05  0.05  Random
-1.15059  0.749827  450  10  0.05  0.05  Random
-0.897063  1.55303  450  10  0.15  0.05  Random
0.439907  1.06764  450  10  0.25  0.05  Random
-0.825129  0.593356  450  10  0.35  0.05  Random
0.105768  0.794384  450  10  0.45  0.05  Random
-0.170861  0.832737  450  10  0.55  0.05  Random
-0.277592  0.75459  450  10  0.65  0.05  Random
0.340687  0.999294  450  10  0.75  0.05  Random
1.13726  0.810426  450  10  0.85  0.05  Random
0  -nan  450  10  0.95  0.05  Random
1.71057e-06  1.78196  470  10  -0.95  0.05  Random
0.194897  0.440581  470  10  -0.85  0.05  Random
-0.282592  0.228852  470  10  -0.75  0.05  Random
-0.188721  0.138626  470  10  -0.65  0.05  Random
-0.259787  0.189726  470  10  -0.55  0.05  Random
-0.16664  0.185019  470  10  -0.45  0.05  Random
-0.298783  0.275252  470  10  -0.35  0.05  Random
-0.966002  0.320145  470  10  -0.25  0.05  Random
-0.415006  0.494363  470  10  -0.15  0.05  Random
-1.10644  0.365361  470  10  -0.05  0.05  Random
-1.02704  0.396538  470  10  0.05  0.05  Random
-0.799068  0.405743  470  10  0.15  0.05  Random
-0.389009  0.369859  470  10  0.25  0.05  Random
0.306153  0.919426  470  10  0.35  0.05  Random
0.654026  0.417841  470  10  0.45  0.05  Random
-0.20257  1.08979  470  10  0.55  0.05  Random
0.585214  0.740099  470  10  0.65  0.05  Random
-0.153092  0.910678  470  10  0.75  0.05  Random
1.27384  1.24181  470  10  0.85  0.05  Random
0  -nan  470  10  0.95  0.05  Random
0.812394  0.663222  490  10  -0.95  0.05  Random
0.627142  0.506113  490  10  -0.85  0.05  Random
0.143874  0.16661  490  10  -0.75  0.05  Random
0.0265438  0.134052  490  10  -0.65  0.05  Random
0.106878  0.136409  490  10  -0.55  0.05  Random
0.032709  0.150636  490  10  -0.45  0.05  Random
-0.290434  0.160876  490  10  -0.35  0.05  Random
-0.670973  0.207588  490  10  -0.25  0.05  Random
-0.786198  0.228512  490  10  -0.15  0.05  Random
-1.22534  0.248253  490  10  -0.05  0.05  Random
-0.192337  0.313929  490  10  0.05  0.05  Random
-1.70592  0.429065  490  10  0.15  0.05  Random
-0.396115  0.535817  490  10  0.25  0.05  Random
-0.766852  0.407068  490  10  0.35  0.05  Random
-0.541001  0.668469  490  10  0.45  0.05  Random
0.786217  0.799535  490  10  0.55  0.05  Random
1.61564  0.84935  490  10  0.65  0.05  Random
-0.458222  0.590017  490  10  0.75  0.05  Random
0.289457  1.07589  490  10  0.85  0.05  Random
0  -nan  490  10  0.95  0.05  Random
0.35566  0.68939  510  10  -0.95  0.05  Random
0.00692859  0.227368  510  10  -0.85  0.05  Random
0.0146552  0.113677  510  10  -0.75  0.05  Random
0.228056  0.078994  510  10  -0.65  0.05  Random
-0.243436  0.0884406  510  10  -0.55  0.05  Random
-0.342604  0.0894295  510  10  -0.45  0.05  Random
-0.195946  0.0984788  510  10  -0.35  0.05  Random
-0.385591  0.112166  510  10  -0.25  0.05  Random
-0.805147  0.150661  510  10  -0.15  0.05  Random
-0.843204  0.180047  510  10  -0.05  0.05  Random
-0.87082  0.190483  510  10  0.05  0.05  Random
-0.670589  0.206078  510  10  0.15  0.05  Random
-0.77022  0.242288  510  10  0.25  0.05  Random
-0.577179  0.51803  510  10  0.35  0.05  Random
-1.06878  0.452366  510  10  0.45  0.05  Random
-0.335812  0.429047  510  10  0.55  0.05  Random
-0.343673  0.520406  510  10  0.65  0.05  Random
-0.418435  0.624432  510  10  0.75  0.05  Random
-0.276375  0.708522  510  10  0.85  0.05  Random
0  -nan  510  10  0.95  0.05  Random
-0.437708  0.349284  530  10  -0.95  0.05  Random
-0.0145476  0.194536  530  10  -0.85  0.05  Random
-0.109607  0.0948304  530  10  -0.75  0.05  Random
0.0524915  0.0767463  530  10  -0.65  0.05  Random
-0.0865316  0.0684455  530  10  -0.55  0.05  Random
-0.233984  0.0799502  530  10  -0.45  0.05  Random
-0.158366  0.0788633  530  10  -0.35  0.05  Random
-0.135728  0.0832936  530  10  -0.25  0.05  Random
-0.388898  0.108421  530  10  -0.15  0.05  Random
-0.83631  0.132093  530  10  -0.05  0.05  Random
-0.523839  0.127325  530  10  0.05  0.05  Random
-0.44617  0.159787  530  10  0.15  0.05  Random
-0.5916  0.17885  530  10  0.25  0.05  Random
-0.296223  0.143247  530  10  0.35  0.05  Random
-0.695887  0.34138  530  10  0.45  0.05  Random
-0.638894  0.280381  530  10  0.55  0.05  Random
-0.663871  0.517374  530  10  0.65  0.05  Random
-0.0642494  0.398926  530  10  0.75  0.05  Random
-0.000517762  68.7949  530  10  0.85  0.05  Random
0  -nan  530  10  0.95  0.05  Random
0.183058  0.375481  550  10  -0.95  0.05  Random
-0.37656  0.142328  550  10  -0.85  0.05  Random
-0.204946  0.101732  550  10  -0.75  0.05  Random
0.0119127  0.0663215  550  10  -0.65  0.05  Random
-0.0318293  0.0618358  550  10  -0.55  0.05  Random
-0.0112263  0.0671638  550  10  -0.45  0.05  Random
-0.202832  0.0751851  550  10  -0.35  0.05  Random
-0.312769  0.0819095  550  10  -0.25  0.05  Random
-0.458946  0.0978924  550  10  -0.15  0.05  Random
-0.339315  0.112943  550  10  -0.05  0.05  Random
-0.495719  0.120911  550  10  0.05  0.05  Random
-0.588563  0.142931  550  10  0.15  0.05  Random
-0.731613  0.163336  550  10  0.25  0.05  Random
-0.381102  0.167305  550  10  0.35  0.05  Random
-0.658052  0.218704  550  10  0.45  0.05  Random
0.438235  0.619935  550  10  0.55  0.05  Random
-0.145797  0.342321  550  10  0.65  0.05  Random
0.278946  0.37771  550  10  0.75  0.05  Random
0.3161  0.598725  550  10  0.85  0.05  Random
0  -nan  550  10  0.95  0.05  Random
-0.177279  0.24432  570  10  -0.95  0.05  Random
-0.0718982  0.115166  570  10  -0.85  0.05  Random
-0.108778  0.0570746  570  10  -0.75  0.05  Random
0.0524128  0.0432602  570  10  -0.65  0.05  Random
-0.0849339  0.0398692  570  10  -0.55  0.05  Random
-0.0706618  0.0404396  570  10  -0.45  0.05  Random
-0.141267  0.0205715  570  10  -0.35  0.05  Random
-0.193426  0.0488573  570  10  -0.25  0.05  Random
-0.355916  0.0557189  570  10  -0.15  0.05  Random
-0.336847  0.0589807  570  10  -0.05  0.05  Random
-0.502578  0.0682976  570  10  0.05  0.05  Random
-0.46215  0.0894031  570  10  0.15  0.05  Random
-0.486408  0.08787  570  10  0.25  0.05  Random
-0.442792  0.122346  570  10  0.35  0.05  Random
-0.163023  0.135567  570  10  0.45  0.05  Random
-0.0131959  0.233763  570  10  0.55  0.05  Random
-0.237579  0.182979  570  10  0.65  0.05  Random
0.232038  0.272876  570  10  0.75  0.05  Random
-0.314323  0.31786  570  10  0.85  0.05  Random
0  -nan  570  10  0.95  0.05  Random
-0.0598634  0.226058  590  10  -0.95  0.05  Random
-0.206559  0.0618816  590  10  -0.85  0.05  Random
-0.0942121  0.0428923  590  10  -0.75  0.05  Random
-0.0878643  0.0332692  590  10  -0.65  0.05  Random
-0.0142175  0.0288766  590  10  -0.55  0.05  Random
-0.152362  0.0293466  590  10  -0.45  0.05  Random
-0.13626  0.0295907  590  10  -0.35  0.05  Random
-0.232522  0.0319586  590  10  -0.25  0.05  Random
-0.366449  0.0370647  590  10  -0.15  0.05  Random
-0.469895  0.0406419  590  10  -0.05  0.05  Random
-0.441439  0.045987  590  10  0.05  0.05  Random
-0.535429  0.0541396  590  10  0.15  0.05  Random
-0.471111  0.059411  590  10  0.25  0.05  Random
-0.384598  0.0843651  590  10  0.35  0.05  Random
-0.0862036  0.0867103  590  10  0.45  0.05  Random
-0.181823  0.119816  590  10  0.55  0.05  Random
0.0694234  0.157473  590  10  0.65  0.05  Random
0.0351437  0.333582  590  10  0.75  0.05  Random
0.353395  0.496502  590  10  0.85  0.05  Random
0  -nan  590  10  0.95  0.05  Random
0.0435967  0.196566  610  10  -0.95  0.05  Random
-0.134199  0.0651677  610  10  -0.85  0.05  Random
-0.149482  0.0394051  610  10  -0.75  0.05  Random
-0.151057  0.0326578  610  10  -0.65  0.05  Random
-0.138759  0.0278978  610  10  -0.55  0.05  Random
-0.147628  0.0267651  610  10  -0.45  0.05  Random
-0.231526  0.0289939  610  10  -0.35  0.05  Random
-0.220082  0.0296348  610  10  -0.25  0.05  Random
-0.379723  0.0343648  610  10  -0.15  0.05  Random
-0.474661  0.0392497  610  10  -0.05  0.05  Random
-0.566937  0.0471592  610  10  0.05  0.05  Random
-0.464524  0.0508099  610  10  0.15  0.05  Random
-0.483928  0.0546403  610  10  0.25  0.05  Random
-0.496266  0.0717633  610  10  0.35  0.05  Random
-0.372388  0.0910279  610  10  0.45  0.05  Random
-0.15778  0.132274  610  10  0.55  0.05  Random
-0.0770542  0.110247  610  10  0.65  0.05  Random
0.346356  0.168146  610  10  0.75  0.05  Random
-0.300392  0.193087  610  10  0.85  0.05  Random
0  -nan  610  10  0.95  0.05  Random
-0.546369  0.323211  630  10  -0.95  0.05  Random
-0.175745  0.0978015  630  10  -0.85  0.05  Random
-0.19934  0.0696736  630  10  -0.75  0.05  Random
0.026608  0.0577642  630  10  -0.65  0.05  Random
-0.114243  0.0487334  630  10  -0.55  0.05  Random
-0.124774  0.0480104  630  10  -0.45  0.05  Random
-0.243774  0.0480037  630  10  -0.35  0.05  Random
-0.236785  0.0496078  630  10  -0.25  0.05  Random
-0.303557  0.0555243  630  10  -0.15  0.05  Random
-0.344497  0.0577629  630  10  -0.05  0.05  Random
-0.505208  0.0727871  630  10  0.05  0.05  Random
-0.513988  0.0786321  630  10  0.15  0.05  Random
-0.473905  0.0923827  630  10  0.25  0.05  Random
-0.361543  0.0980675  630  10  0.35  0.05  Random
-0.0987129  0.12004  630  10  0.45  0.05  Random
0.20828  0.147455  630  10  0.55  0.05  Random
0.0472643  0.208191  630  10  0.65  0.05  Random
0.594113  0.258474  630  10  0.75  0.05  Random
0.0913504  0.323639  630  10  0.85  0.05  Random
0  -nan  630  10  0.95  0.05  Random
-1.00002  0.599405  650  10  -0.95  0.05  Random
-0.330014  0.319561  650  10  -0.85  0.05  Random
0.233534  0.169554  650  10  -0.75  0.05  Random
-0.0381472  0.127594  650  10  -0.65  0.05  Random
-0.0723969  0.125787  650  10  -0.55  0.05  Random
-0.217378  0.117057  650  10  -0.45  0.05  Random
-0.276184  0.115683  650  10  -0.35  0.05  Random
-0.267181  0.122893  650  10  -0.25  0.05  Random
-0.323131  0.1325  650  10  -0.15  0.05  Random
-0.319528  0.149515  650  10  -0.05  0.05  Random
-0.378843  0.156643  650  10  0.05  0.05  Random
-0.473523  0.192116  650  10  0.15  0.05  Random
-0.300505  0.204638  650  10  0.25  0.05  Random
-0.616255  0.259925  650  10  0.35  0.05  Random
-0.394013  0.283771  650  10  0.45  0.05  Random
0.719098  0.581004  650  10  0.55  0.05  Random
1.12982  0.464111  650  10  0.65  0.05  Random
0.647512  0.797339  650  10  0.75  0.05  Random
0  -nan  650  10  0.85  0.05  Random
0  -nan  650  10  0.95  0.05  Random
1.05626  2.91216  670  10  -0.95  0.05  Random
0.570982  1.1812  670  10  -0.85  0.05  Random
-0.652055  0.635191  670  10  -0.75  0.05  Random
1.03227  0.553553  670  10  -0.65  0.05  Random
0.23148  0.452043  670  10  -0.55  0.05  Random
-0.558742  0.416697  670  10  -0.45  0.05  Random
-0.528342  0.417773  670  10  -0.35  0.05  Random
-0.140949  0.438933  670  10  -0.25  0.05  Random
0.2369  0.472739  670  10  -0.15  0.05  Random
-1.02028  0.51516  670  10  -0.05  0.05  Random
-0.899456  0.55733  670  10  0.05  0.05  Random
-1.3783  0.62787  670  10  0.15  0.05  Random
0.982565  0.760132  670  10  0.25  0.05  Random
0.629666  0.904021  670  10  0.35  0.05  Random
-0.350632  1.00072  670  10  0.45  0.05  Random
1.58999  1.12643  670  10  0.55  0.05  Random
-0.111831  1.95346  670  10  0.65  0.05  Random
-1.58584  2.49831  670  10  0.75  0.05  Random
-0.0987612  3.15229  670  10  0.85  0.05  Random
0  -nan  670  10  0.95  0.05  Random
-0.482356  2.31113  690  10  -0.95  0.05  Random
0.554674  0.9645  690  10  -0.85  0.05  Random
1.31091  0.569068  690  10  -0.75  0.05  Random
0.608942  0.478158  690  10  -0.65  0.05  Random
-0.169313  0.405619  690  10  -0.55  0.05  Random
-0.0855112  0.369343  690  10  -0.45  0.05  Random
-0.227925  0.374041  690  10  -0.35  0.05  Random
-0.265797  0.393473  690  10  -0.25  0.05  Random
0.476861  0.407399  690  10  -0.15  0.05  Random
0.309497  0.452862  690  10  -0.05  0.05  Random
-0.314024  0.474224  690  10  0.05  0.05  Random
-0.178375  0.521712  690  10  0.15  0.05  Random
-0.16018  0.635593  690  10  0.25  0.05  Random
-0.458482  0.666299  690  10  0.35  0.05  Random
-0.30074  0.882705  690  10  0.45  0.05  Random
-2.68839  1.05075  690  10  0.55  0.05  Random
-0.0314255  1.4993  690  10  0.65  0.05  Random
-3.81534  2.67761  690  10  0.75  0.05  Random
-2.04701  2.71709  690  10  0.85  0.05  Random
0  -nan  690  10  0.95  0.05  Random
-5.97899  4.07679  710  10  -0.95  0.05  Random
-0.981888  1.0654  710  10  -0.85  0.05  Random
-1.44127  0.674394  710  10  -0.75  0.05  Random
0.508894  0.560537  710  10  -0.65  0.05  Random
-0.23587  0.508117  710  10  -0.55  0.05  Random
0.23391  0.436602  710  10  -0.45  0.05  Random
-0.689802  0.42756  710  10  -0.35  0.05  Random
-0.858695  0.423024  710  10  -0.25  0.05  Random
0.175256  0.452064  710  10  -0.15  0.05  Random
-0.308302  0.451045  710  10  -0.05  0.05  Random
-0.154177  0.508221  710  10  0.05  0.05  Random
-0.258949  0.581212  710  10  0.15  0.05  Random
-0.113208  0.650368  710  10  0.25  0.05  Random
0.35394  0.714266  710  10  0.35  0.05  Random
1.11075  0.878378  710  10  0.45  0.05  Random
-0.908248  1.04304  710  10  0.55  0.05  Random
0.93606  1.30724  710  10  0.65  0.05  Random
0.364594  2.11057  710  10  0.75  0.05  Random
0  -nan  710  10  0.85  0.05  Random
0  -nan  710  10  0.95  0.05  Random
0  -nan  250  10  -0.95  0.05  Sig
0  -nan  250  10  -0.85  0.05  Sig
0  -nan  250  10  -0.75  0.05  Sig
0  -nan  250  10  -0.65  0.05  Sig
0  -nan  250  10  -0.55  0.05  Sig
0  -nan  250  10  -0.45  0.05  Sig
0  -nan  250  10  -0.35  0.05  Sig
0  -nan  250  10  -0.25  0.05  Sig
0  -nan  250  10  -0.15  0.05  Sig
0  -nan  250  10  -0.05  0.05  Sig
0  -nan  250  10  0.05  0.05  Sig
0  -nan  250  10  0.15  0.05  Sig
0  -nan  250  10  0.25  0.05  Sig
0  -nan  250  10  0.35  0.05  Sig
0  -nan  250  10  0.45  0.05  Sig
0  -nan  250  10  0.55  0.05  Sig
0  -nan  250  10  0.65  0.05  Sig
0  -nan  250  10  0.75  0.05  Sig
0  -nan  250  10  0.85  0.05  Sig
0  -nan  250  10  0.95  0.05  Sig
0  -nan  270  10  -0.95  0.05  Sig
0  -nan  270  10  -0.85  0.05  Sig
0  -nan  270  10  -0.75  0.05  Sig
0  -nan  270  10  -0.65  0.05  Sig
0  -nan  270  10  -0.55  0.05  Sig
0  -nan  270  10  -0.45  0.05  Sig
0  -nan  270  10  -0.35  0.05  Sig
0  -nan  270  10  -0.25  0.05  Sig
0  -nan  270  10  -0.15  0.05  Sig
0  -nan  270  10  -0.05  0.05  Sig
0  -nan  270  10  0.05  0.05  Sig
0  -nan  270  10  0.15  0.05  Sig
0  -nan  270  10  0.25  0.05  Sig
0  -nan  270  10  0.35  0.05  Sig
0  -nan  270  10  0.45  0.05  Sig
0  -nan  270  10  0.55  0.05  Sig
0  -nan  270  10  0.65  0.05  Sig
0  -nan  270  10  0.75  0.05  Sig
0  -nan  270  10  0.85  0.05  Sig
0  -nan  270  10  0.95  0.05  Sig
0  -nan  290  10  -0.95  0.05  Sig
0  -nan  290  10  -0.85  0.05  Sig
0  -nan  290  10  -0.75  0.05  Sig
0  -nan  290  10  -0.65  0.05  Sig
0  -nan  290  10  -0.55  0.05  Sig
0  -nan  290  10  -0.45  0.05  Sig
0  -nan  290  10  -0.35  0.05  Sig
0  -nan  290  10  -0.25  0.05  Sig
0  -nan  290  10  -0.15  0.05  Sig
0  -nan  290  10  -0.05  0.05  Sig
0  -nan  290  10  0.05  0.05  Sig
0  -nan  290  10  0.15  0.05  Sig
0  -nan  290  10  0.25  0.05  Sig
0  -nan  290  10  0.35  0.05  Sig
0  -nan  290  10  0.45  0.05  Sig
0  -nan  290  10  0.55  0.05  Sig
0  -nan  290  10  0.65  0.05  Sig
0  -nan  290  10  0.75  0.05  Sig
0  -nan  290  10  0.85  0.05  Sig
0  -nan  290  10  0.95  0.05  Sig
0  -nan  310  10  -0.95  0.05  Sig
0  -nan  310  10  -0.85  0.05  Sig
0  -nan  310  10  -0.75  0.05  Sig
0  -nan  310  10  -0.65  0.05  Sig
0  -nan  310  10  -0.55  0.05  Sig
0  -nan  310  10  -0.45  0.05  Sig
0  -nan  310  10  -0.35  0.05  Sig
0  -nan  310  10  -0.25  0.05  Sig
0  -nan  310  10  -0.15  0.05  Sig
0  -nan  310  10  -0.05  0.05  Sig
0  -nan  310  10  0.05  0.05  Sig
0  -nan  310  10  0.15  0.05  Sig
0  -nan  310  10  0.25  0.05  Sig
0  -nan  310  10  0.35  0.05  Sig
0  -nan  310  10  0.45  0.05  Sig
0  -nan  310  10  0.55  0.05  Sig
0  -nan  310  10  0.65  0.05  Sig
0  -nan  310  10  0.75  0.05  Sig
0  -nan  310  10  0.85  0.05  Sig
0  -nan  310  10  0.95  0.05  Sig
0  -nan  330  10  -0.95  0.05  Sig
0  -nan  330  10  -0.85  0.05  Sig
0  -nan  330  10  -0.75  0.05  Sig
0  -nan  330  10  -0.65  0.05  Sig
0  -nan  330  10  -0.55  0.05  Sig
0  -nan  330  10  -0.45  0.05  Sig
0  -nan  330  10  -0.35  0.05  Sig
0  -nan  330  10  -0.25  0.05  Sig
0  -nan  330  10  -0.15  0.05  Sig
0  -nan  330  10  -0.05  0.05  Sig
0  -nan  330  10  0.05  0.05  Sig
0  -nan  330  10  0.15  0.05  Sig
0  -nan  330  10  0.25  0.05  Sig
0  -nan  330  10  0.35  0.05  Sig
0  -nan  330  10  0.45  0.05  Sig
0  -nan  330  10  0.55  0.05  Sig
0  -nan  330  10  0.65  0.05  Sig
0  -nan  330  10  0.75  0.05  Sig
0  -nan  330  10  0.85  0.05  Sig
0  -nan  330  10  0.95  0.05  Sig
0  -nan  350  10  -0.95  0.05  Sig
0  -nan  350  10  -0.85  0.05  Sig
0  -nan  350  10  -0.75  0.05  Sig
0  -nan  350  10  -0.65  0.05  Sig
0  -nan  350  10  -0.55  0.05  Sig
0  -nan  350  10  -0.45  0.05  Sig
0  -nan  350  10  -0.35  0.05  Sig
0  -nan  350  10  -0.25  0.05  Sig
0  -nan  350  10  -0.15  0.05  Sig
0  -nan  350  10  -0.05  0.05  Sig
0  -nan  350  10  0.05  0.05  Sig
0  -nan  350  10  0.15  0.05  Sig
0  -nan  350  10  0.25  0.05  Sig
0  -nan  350  10  0.35  0.05  Sig
0  -nan  350  10  0.45  0.05  Sig
0  -nan  350  10  0.55  0.05  Sig
0  -nan  350  10  0.65  0.05  Sig
0  -nan  350  10  0.75  0.05  Sig
0  -nan  350  10  0.85  0.05  Sig
0  -nan  350  10  0.95  0.05  Sig
0  -nan  370  10  -0.95  0.05  Sig
0  -nan  370  10  -0.85  0.05  Sig
0  -nan  370  10  -0.75  0.05  Sig
0  -nan  370  10  -0.65  0.05  Sig
0  -nan  370  10  -0.55  0.05  Sig
0  -nan  370  10  -0.45  0.05  Sig
0  -nan  370  10  -0.35  0.05  Sig
0  -nan  370  10  -0.25  0.05  Sig
0  -nan  370  10  -0.15  0.05  Sig
0  -nan  370  10  -0.05  0.05  Sig
0  -nan  370  10  0.05  0.05  Sig
0  -nan  370  10  0.15  0.05  Sig
0  -nan  370  10  0.25  0.05  Sig
0  -nan  370  10  0.35  0.05  Sig
0  -nan  370  10  0.45  0.05  Sig
0  -nan  370  10  0.55  0.05  Sig
0  -nan  370  10  0.65  0.05  Sig
0  -nan  370  10  0.75  0.05  Sig
0  -nan  370  10  0.85  0.05  Sig
0  -nan  370  10  0.95  0.05  Sig
0  -nan  390  10  -0.95  0.05  Sig
0  -nan  390  10  -0.85  0.05  Sig
0  -nan  390  10  -0.75  0.05  Sig
0  -nan  390  10  -0.65  0.05  Sig
0  -nan  390  10  -0.55  0.05  Sig
0  -nan  390  10  -0.45  0.05  Sig
0  -nan  390  10  -0.35  0.05  Sig
0  -nan  390  10  -0.25  0.05  Sig
0  -nan  390  10  -0.15  0.05  Sig
0  -nan  390  10  -0.05  0.05  Sig
0  -nan  390  10  0.05  0.05  Sig
0  -nan  390  10  0.15  0.05  Sig
0  -nan  390  10  0.25  0.05  Sig
0  -nan  390  10  0.35  0.05  Sig
0  -nan  390  10  0.45  0.05  Sig
0  -nan  390  10  0.55  0.05  Sig
0  -nan  390  10  0.65  0.05  Sig
0  -nan  390  10  0.75  0.05  Sig
0  -nan  390  10  0.85  0.05  Sig
0  -nan  390  10  0.95  0.05  Sig
0.406496  0.39191  410  10  -0.95  0.05  Sig
0.377356  0.17337  410  10  -0.85  0.05  Sig
0.63562  0.0739453  410  10  -0.75  0.05  Sig
0.614863  0.0456351  410  10  -0.65  0.05  Sig
0.659999  0.0379952  410  10  -0.55  0.05  Sig
0.766244  0.0362487  410  10  -0.45  0.05  Sig
0  -nan  410  10  -0.35  0.05  Sig
0.600644  0.0410693  410  10  -0.25  0.05  Sig
0.628003  0.0508016  410  10  -0.15  0.05  Sig
0.489837  0.0650317  410  10  -0.05  0.05  Sig
0.443396  0.0815965  410  10  0.05  0.05  Sig
0.447981  0.115538  410  10  0.15  0.05  Sig
0.388108  0.165034  410  10  0.25  0.05  Sig
0.322778  0.191384  410  10  0.35  0.05  Sig
-0.662762  0.260523  410  10  0.45  0.05  Sig
-0.0900869  0.60447  410  10  0.55  0.05  Sig
-0.296303  0.720238  410  10  0.65  0.05  Sig
0  -nan  410  10  0.75  0.05  Sig
0  -nan  410  10  0.85  0.05  Sig
0  -nan  410  10  0.95  0.05  Sig
-0.075033  0.254082  430  10  -0.95  0.05  Sig
6.01232  253.457  430  10  -0.85  0.05  Sig
0.73431  0.0467745  430  10  -0.75  0.05  Sig
0.691595  0.0314781  430  10  -0.65  0.05  Sig
0.732925  0.0250968  430  10  -0.55  0.05  Sig
0.686852  0.0242048  430  10  -0.45  0.05  Sig
0.707287  0.0244939  430  10  -0.35  0.05  Sig
0.736959  0.0276658  430  10  -0.25  0.05  Sig
0.638997  0.0323387  430  10  -0.15  0.05  Sig
0.616142  0.04057  430  10  -0.05  0.05  Sig
0.585996  0.0560984  430  10  0.05  0.05  Sig
0.62849  0.0727188  430  10  0.15  0.05  Sig
0  -nan  430  10  0.25  0.05  Sig
0.303954  0.148723  430  10  0.35  0.05  Sig
0.311634  0.259448  430  10  0.45  0.05  Sig
0.984241  0.407563  430  10  0.55  0.05  Sig
0.280522  0.851079  430  10  0.65  0.05  Sig
0.782792  1.6332  430  10  0.75  0.05  Sig
0.000462067  3.08388  430  10  0.85  0.05  Sig
-6.05977  207.376  430  10  0.95  0.05  Sig
0.00885793  0.0155818  450  10  -0.95  0.05  Sig
0.63563  0.0932653  450  10  -0.85  0.05  Sig
0.740747  0.0349232  450  10  -0.75  0.05  Sig
0.770341  0.0235724  450  10  -0.65  0.05  Sig
0.707848  0.0191101  450  10  -0.55  0.05  Sig
0.736302  0.0181455  450  10  -0.45  0.05  Sig
0.681866  0.0179744  450  10  -0.35  0.05  Sig
0.695275  0.0188955  450  10  -0.25  0.05  Sig
0.716075  0.0216654  450  10  -0.15  0.05  Sig
0.601403  0.0269891  450  10  -0.05  0.05  Sig
0.629907  0.034778  450  10  0.05  0.05  Sig
0.623714  0.0474476  450  10  0.15  0.05  Sig
0.564779  0.0705101  450  10  0.25  0.05  Sig
0.481308  0.111893  450  10  0.35  0.05  Sig
0.317858  0.164187  450  10  0.45  0.05  Sig
0.323818  0.230651  450  10  0.55  0.05  Sig
-0.198895  0.473925  450  10  0.65  0.05  Sig
0.7166  0.753684  450  10  0.75  0.05  Sig
0.128971  0.844334  450  10  0.85  0.05  Sig
0  -nan  450  10  0.95  0.05  Sig
0.000812697  0.00245222  470  10  -0.95  0.05  Sig
0.648592  0.0707187  470  10  -0.85  0.05  Sig
0.809309  0.030248  470  10  -0.75  0.05  Sig
0.77835  0.0193546  470  10  -0.65  0.05  Sig
0.748297  0.0167689  470  10  -0.55  0.05  Sig
0.757036  0.0156182  470  10  -0.45  0.05  Sig
0.715866  0.0151355  470  10  -0.35  0.05  Sig
0.728194  0.0150589  470  10  -0.25  0.05  Sig
0.682407  0.0162897  470  10  -0.15  0.05  Sig
0.670049  0.0191896  470  10  -0.05  0.05  Sig
0.630638  0.0244375  470  10  0.05  0.05  Sig
0.621849  0.0320743  470  10  0.15  0.05  Sig
0.48412  0.0530886  470  10  0.25  0.05  Sig
0.395612  0.0749268  470  10  0.35  0.05  Sig
0.285786  0.12396  470  10  0.45  0.05  Sig
0.229547  0.187657  470  10  0.55  0.05  Sig
-0.362978  0.333293  470  10  0.65  0.05  Sig
0.203536  0.465961  470  10  0.75  0.05  Sig
0.678308  0.924015  470  10  0.85  0.05  Sig
0  -nan  470  10  0.95  0.05  Sig
0.667432  0.211903  490  10  -0.95  0.05  Sig
0.753911  0.0912966  490  10  -0.85  0.05  Sig
0.78591  0.0310966  490  10  -0.75  0.05  Sig
0.799416  0.0218128  490  10  -0.65  0.05  Sig
0.772404  0.0183018  490  10  -0.55  0.05  Sig
0.749318  0.0162087  490  10  -0.45  0.05  Sig
0.780979  0.0156017  490  10  -0.35  0.05  Sig
0.735287  0.0150655  490  10  -0.25  0.05  Sig
0.715099  0.0158361  490  10  -0.15  0.05  Sig
0.68503  0.0171085  490  10  -0.05  0.05  Sig
0.640601  0.0221183  490  10  0.05  0.05  Sig
0.592022  0.0276943  490  10  0.15  0.05  Sig
0.598587  0.0433564  490  10  0.25  0.05  Sig
0.515265  0.064003  490  10  0.35  0.05  Sig
0.310132  0.108988  490  10  0.45  0.05  Sig
-0.110468  0.170798  490  10  0.55  0.05  Sig
-0.312939  0.322789  490  10  0.65  0.05  Sig
-0.421486  0.600213  490  10  0.75  0.05  Sig
0.13201  0.600906  490  10  0.85  0.05  Sig
0  -nan  490  10  0.95  0.05  Sig
0.853212  0.171954  510  10  -0.95  0.05  Sig
0.848287  0.0766209  510  10  -0.85  0.05  Sig
0.812645  0.0264906  510  10  -0.75  0.05  Sig
0.782481  0.0168882  510  10  -0.65  0.05  Sig
0.828841  0.0152087  510  10  -0.55  0.05  Sig
0.807892  0.0136378  510  10  -0.45  0.05  Sig
0.76766  0.012958  510  10  -0.35  0.05  Sig
0.711052  0.0122607  510  10  -0.25  0.05  Sig
0.71031  0.0122866  510  10  -0.15  0.05  Sig
0.671391  0.0131957  510  10  -0.05  0.05  Sig
0.68202  0.0155362  510  10  0.05  0.05  Sig
0.621925  0.0192226  510  10  0.15  0.05  Sig
0.577652  0.0291658  510  10  0.25  0.05  Sig
0.411671  0.0462435  510  10  0.35  0.05  Sig
0.439099  0.0744567  510  10  0.45  0.05  Sig
0.430038  0.155046  510  10  0.55  0.05  Sig
0.35291  0.227537  510  10  0.65  0.05  Sig
0.426595  0.341344  510  10  0.75  0.05  Sig
-1.0627  0.733209  510  10  0.85  0.05  Sig
0  -nan  510  10  0.95  0.05  Sig
1.0908  0.235309  530  10  -0.95  0.05  Sig
0.932405  0.0767423  530  10  -0.85  0.05  Sig
0.833645  0.0282767  530  10  -0.75  0.05  Sig
0.845964  0.0188702  530  10  -0.65  0.05  Sig
0.839696  0.0163631  530  10  -0.55  0.05  Sig
0.814127  0.0146423  530  10  -0.45  0.05  Sig
0.779638  0.013438  530  10  -0.35  0.05  Sig
0.750403  0.0130036  530  10  -0.25  0.05  Sig
0.701067  0.0128342  530  10  -0.15  0.05  Sig
0.70483  0.0139545  530  10  -0.05  0.05  Sig
0.635791  0.0148654  530  10  0.05  0.05  Sig
0.575833  0.0177036  530  10  0.15  0.05  Sig
0.537417  0.0245627  530  10  0.25  0.05  Sig
0.496056  0.0412571  530  10  0.35  0.05  Sig
0.411384  0.0703001  530  10  0.45  0.05  Sig
0.187732  0.113614  530  10  0.55  0.05  Sig
0.103074  0.210228  530  10  0.65  0.05  Sig
0.46746  0.304639  530  10  0.75  0.05  Sig
-6.98244e-05  64.8213  530  10  0.85  0.05  Sig
-7.67219  301.803  530  10  0.95  0.05  Sig
0.884606  0.283541  550  10  -0.95  0.05  Sig
0.978593  0.0801406  550  10  -0.85  0.05  Sig
0.825985  0.0327972  550  10  -0.75  0.05  Sig
0.868473  0.0226503  550  10  -0.65  0.05  Sig
0.830314  0.0181858  550  10  -0.55  0.05  Sig
0.789612  0.0159913  550  10  -0.45  0.05  Sig
0.76864  0.0148099  550  10  -0.35  0.05  Sig
0.736219  0.01427  550  10  -0.25  0.05  Sig
0.728823  0.0140731  550  10  -0.15  0.05  Sig
0.683678  0.0145211  550  10  -0.05  0.05  Sig
0.630085  0.0156622  550  10  0.05  0.05  Sig
0.563154  0.018317  550  10  0.15  0.05  Sig
0.569956  0.0256345  550  10  0.25  0.05  Sig
0.488191  0.0402686  550  10  0.35  0.05  Sig
0.357534  0.0649352  550  10  0.45  0.05  Sig
0.253175  0.115068  550  10  0.55  0.05  Sig
-0.211047  0.216043  550  10  0.65  0.05  Sig
-0.207983  0.365828  550  10  0.75  0.05  Sig
0.570597  0.808666  550  10  0.85  0.05  Sig
-7.49823  294.959  550  10  0.95  0.05  Sig
0.686777  0.203734  570  10  -0.95  0.05  Sig
0.690208  0.0666699  570  10  -0.85  0.05  Sig
0.807623  0.0245817  570  10  -0.75  0.05  Sig
0.820944  0.0158832  570  10  -0.65  0.05  Sig
0.815773  0.0136376  570  10  -0.55  0.05  Sig
0.810049  0.0126349  570  10  -0.45  0.05  Sig
0.501911  0.00686399  570  10  -0.35  0.05  Sig
0.75343  0.0111745  570  10  -0.25  0.05  Sig
0.719565  0.0110188  570  10  -0.15  0.05  Sig
0.678275  0.0110795  570  10  -0.05  0.05  Sig
0.648358  0.0118114  570  10  0.05  0.05  Sig
0.577339  0.0133467  570  10  0.15  0.05  Sig
0.541451  0.0169765  570  10  0.25  0.05  Sig
0.469409  0.0258231  570  10  0.35  0.05  Sig
0.267297  0.0449501  570  10  0.45  0.05  Sig
0.0992114  0.0925696  570  10  0.55  0.05  Sig
0.172636  0.144341  570  10  0.65  0.05  Sig
0.140601  0.264054  570  10  0.75  0.05  Sig
0.000494442  0.442107  570  10  0.85  0.05  Sig
-0.000549819  82.1284  570  10  0.95  0.05  Sig
0.309308  0.120136  590  10  -0.95  0.05  Sig
0.732592  0.0500782  590  10  -0.85  0.05  Sig
0.808741  0.0214111  590  10  -0.75  0.05  Sig
0.840649  0.0138301  590  10  -0.65  0.05  Sig
0.832707  0.0117213  590  10  -0.55  0.05  Sig
0.825259  0.0107391  590  10  -0.45  0.05  Sig
0.796682  0.00981938  590  10  -0.35  0.05  Sig
0.780109  0.00936394  590  10  -0.25  0.05  Sig
0.728588  0.00918983  590  10  -0.15  0.05  Sig
0.709364  0.00935859  590  10  -0.05  0.05  Sig
0.660921  0.00992808  590  10  0.05  0.05  Sig
0.609209  0.0106871  590  10  0.15  0.05  Sig
0.563288  0.0130566  590  10  0.25  0.05  Sig
0.434768  0.0188746  590  10  0.35  0.05  Sig
0.302418  0.0322793  590  10  0.45  0.05  Sig
0.0637873  0.0673998  590  10  0.55  0.05  Sig
-0.119338  0.107787  590  10  0.65  0.05  Sig
0.0176785  0.215996  590  10  0.75  0.05  Sig
-0.616205  0.539262  590  10  0.85  0.05  Sig
0  -nan  590  10  0.95  0.05  Sig
0.483583  0.115578  610  10  -0.95  0.05  Sig
0.636189  0.0584481  610  10  -0.85  0.05  Sig
0.814603  0.022831  610  10  -0.75  0.05  Sig
0.860509  0.0150915  610  10  -0.65  0.05  Sig
0.850609  0.0132031  610  10  -0.55  0.05  Sig
0.841829  0.0113938  610  10  -0.45  0.05  Sig
0.81898  0.0105559  610  10  -0.35  0.05  Sig
0.781563  0.0100462  610  10  -0.25  0.05  Sig
0.76063  0.00992203  610  10  -0.15  0.05  Sig
0.735748  0.010039  610  10  -0.05  0.05  Sig
0.691429  0.010404  610  10  0.05  0.05  Sig
0.626368  0.0113532  610  10  0.15  0.05  Sig
0.58317  0.0132786  610  10  0.25  0.05  Sig
0.504127  0.0180904  610  10  0.35  0.05  Sig
0.422287  0.030913  610  10  0.45  0.05  Sig
0.112829  0.059017  610  10  0.55  0.05  Sig
0.0301504  0.115007  610  10  0.65  0.05  Sig
-0.214445  0.238353  610  10  0.75  0.05  Sig
0.470672  0.435237  610  10  0.85  0.05  Sig
0  -nan  610  10  0.95  0.05  Sig
0.721424  0.2843  630  10  -0.95  0.05  Sig
0.60935  0.107113  630  10  -0.85  0.05  Sig
0.784093  0.0450718  630  10  -0.75  0.05  Sig
0.851228  0.0278269  630  10  -0.65  0.05  Sig
0.837288  0.0233766  630  10  -0.55  0.05  Sig
0.854634  0.02219  630  10  -0.45  0.05  Sig
0.885021  0.0202443  630  10  -0.35  0.05  Sig
0.831114  0.0193204  630  10  -0.25  0.05  Sig
0.829652  0.0191895  630  10  -0.15  0.05  Sig
0.751138  0.0194453  630  10  -0.05  0.05  Sig
0.710474  0.0198852  630  10  0.05  0.05  Sig
0.686676  0.0210329  630  10  0.15  0.05  Sig
0.60307  0.0249104  630  10  0.25  0.05  Sig
0.574938  0.0334092  630  10  0.35  0.05  Sig
0.441517  0.0529539  630  10  0.45  0.05  Sig
0.056759  0.106032  630  10  0.55  0.05  Sig
0.0912113  0.200715  630  10  0.65  0.05  Sig
-0.223241  0.429947  630  10  0.75  0.05  Sig
-0.886793  0.742184  630  10  0.85  0.05  Sig
0  -nan  630  10  0.95  0.05  Sig
0.474619  0.473941  650  10  -0.95  0.05  Sig
0.717494  0.246825  650  10  -0.85  0.05  Sig
0.691428  0.110443  650  10  -0.75  0.05  Sig
0.795283  0.0781111  650  10  -0.65  0.05  Sig
0.824776  0.065678  650  10  -0.55  0.05  Sig
0.779693  0.0608352  650  10  -0.45  0.05  Sig
0.849583  0.0541473  650  10  -0.35  0.05  Sig
0.764588  0.053758  650  10  -0.25  0.05  Sig
0.699978  0.0513654  650  10  -0.15  0.05  Sig
0.654985  0.0516706  650  10  -0.05  0.05  Sig
0.793419  0.0534629  650  10  0.05  0.05  Sig
0.636067  0.0568282  650  10  0.15  0.05  Sig
0.502271  0.066047  650  10  0.25  0.05  Sig
0.594801  0.084455  650  10  0.35  0.05  Sig
0.698313  0.119348  650  10  0.45  0.05  Sig
-0.0773707  0.256435  650  10  0.55  0.05  Sig
-0.162981  0.600776  650  10  0.65  0.05  Sig
0.118314  1.52916  650  10  0.75  0.05  Sig
0  -nan  650  10  0.85  0.05  Sig
0  -nan  650  10  0.95  0.05  Sig
0.371765  1.50292  670  10  -0.95  0.05  Sig
0.632845  1.14785  670  10  -0.85  0.05  Sig
0.824576  0.42746  670  10  -0.75  0.05  Sig
0.43133  0.30966  670  10  -0.65  0.05  Sig
0.839546  0.250534  670  10  -0.55  0.05  Sig
1.02267  0.230568  670  10  -0.45  0.05  Sig
1.01311  0.211816  670  10  -0.35  0.05  Sig
0.904243  0.205973  670  10  -0.25  0.05  Sig
0.47511  0.200996  670  10  -0.15  0.05  Sig
0.698613  0.199142  670  10  -0.05  0.05  Sig
0.714972  0.199042  670  10  0.05  0.05  Sig
1.06591  0.219557  670  10  0.15  0.05  Sig
0.622155  0.232433  670  10  0.25  0.05  Sig
0.835562  0.290193  670  10  0.35  0.05  Sig
0.841484  0.411197  670  10  0.45  0.05  Sig
0.216011  0.831272  670  10  0.55  0.05  Sig
1.32739  2.00147  670  10  0.65  0.05  Sig
-1.32282  4.25931  670  10  0.75  0.05  Sig
2.54738  6.3156  670  10  0.85  0.05  Sig
0  -nan  670  10  0.95  0.05  Sig
-1.51935  1.20553  690  10  -0.95  0.05  Sig
0.562415  0.827802  690  10  -0.85  0.05  Sig
-0.179379  0.375573  690  10  -0.75  0.05  Sig
0.464295  0.249282  690  10  -0.65  0.05  Sig
0.648196  0.21013  690  10  -0.55  0.05  Sig
0.599224  0.198622  690  10  -0.45  0.05  Sig
0.663679  0.185265  690  10  -0.35  0.05  Sig
0.766344  0.174698  690  10  -0.25  0.05  Sig
0.669171  0.171293  690  10  -0.15  0.05  Sig
0.734672  0.166932  690  10  -0.05  0.05  Sig
0.779053  0.174662  690  10  0.05  0.05  Sig
0.695568  0.186956  690  10  0.15  0.05  Sig
0.504689  0.206317  690  10  0.25  0.05  Sig
0.754704  0.242789  690  10  0.35  0.05  Sig
0.764194  0.327356  690  10  0.45  0.05  Sig
1.60144  0.619921  690  10  0.55  0.05  Sig
-1.44843  1.73882  690  10  0.65  0.05  Sig
0.76966  3.27099  690  10  0.75  0.05  Sig
-7.30854  13.1481  690  10  0.85  0.05  Sig
-56.5611  1462.38  690  10  0.95  0.05  Sig
1.83737  1.10487  710  10  -0.95  0.05  Sig
1.44898  0.850158  710  10  -0.85  0.05  Sig
0.839852  0.389154  710  10  -0.75  0.05  Sig
0.703562  0.272258  710  10  -0.65  0.05  Sig
0.689595  0.239217  710  10  -0.55  0.05  Sig
0.712419  0.214118  710  10  -0.45  0.05  Sig
0.470298  0.209704  710  10  -0.35  0.05  Sig
1.0188  0.194788  710  10  -0.25  0.05  Sig
0.495813  0.188573  710  10  -0.15  0.05  Sig
0.711393  0.189561  710  10  -0.05  0.05  Sig
0.839516  0.192645  710  10  0.05  0.05  Sig
0.857279  0.203634  710  10  0.15  0.05  Sig
0.823444  0.21518  710  10  0.25  0.05  Sig
0.475595  0.242766  710  10  0.35  0.05  Sig
0.385989  0.342146  710  10  0.45  0.05  Sig
0.115612  0.579472  710  10  0.55  0.05  Sig
-0.6545  1.68678  710  10  0.65  0.05  Sig
-2.54347  3.98811  710  10  0.75  0.05  Sig
0  -nan  710  10  0.85  0.05  Sig
0  -nan  710  10  0.95  0.05  Sig
0  -nan  250  10  -0.95  0.05  Cut1
0  -nan  250  10  -0.85  0.05  Cut1
0  -nan  250  10  -0.75  0.05  Cut1
0  -nan  250  10  -0.65  0.05  Cut1
0  -nan  250  10  -0.55  0.05  Cut1
0  -nan  250  10  -0.45  0.05  Cut1
0  -nan  250  10  -0.35  0.05  Cut1
0  -nan  250  10  -0.25  0.05  Cut1
0  -nan  250  10  -0.15  0.05  Cut1
0  -nan  250  10  -0.05  0.05  Cut1
0  -nan  250  10  0.05  0.05  Cut1
0  -nan  250  10  0.15  0.05  Cut1
0  -nan  250  10  0.25  0.05  Cut1
0  -nan  250  10  0.35  0.05  Cut1
0  -nan  250  10  0.45  0.05  Cut1
0  -nan  250  10  0.55  0.05  Cut1
0  -nan  250  10  0.65  0.05  Cut1
0  -nan  250  10  0.75  0.05  Cut1
0  -nan  250  10  0.85  0.05  Cut1
0  -nan  250  10  0.95  0.05  Cut1
0  -nan  270  10  -0.95  0.05  Cut1
0  -nan  270  10  -0.85  0.05  Cut1
0  -nan  270  10  -0.75  0.05  Cut1
0  -nan  270  10  -0.65  0.05  Cut1
0  -nan  270  10  -0.55  0.05  Cut1
0  -nan  270  10  -0.45  0.05  Cut1
0  -nan  270  10  -0.35  0.05  Cut1
0  -nan  270  10  -0.25  0.05  Cut1
0  -nan  270  10  -0.15  0.05  Cut1
0  -nan  270  10  -0.05  0.05  Cut1
0  -nan  270  10  0.05  0.05  Cut1
0  -nan  270  10  0.15  0.05  Cut1
0  -nan  270  10  0.25  0.05  Cut1
0  -nan  270  10  0.35  0.05  Cut1
0  -nan  270  10  0.45  0.05  Cut1
0  -nan  270  10  0.55  0.05  Cut1
0  -nan  270  10  0.65  0.05  Cut1
0  -nan  270  10  0.75  0.05  Cut1
0  -nan  270  10  0.85  0.05  Cut1
0  -nan  270  10  0.95  0.05  Cut1
0  -nan  290  10  -0.95  0.05  Cut1
0  -nan  290  10  -0.85  0.05  Cut1
0  -nan  290  10  -0.75  0.05  Cut1
0  -nan  290  10  -0.65  0.05  Cut1
0  -nan  290  10  -0.55  0.05  Cut1
0  -nan  290  10  -0.45  0.05  Cut1
0  -nan  290  10  -0.35  0.05  Cut1
0  -nan  290  10  -0.25  0.05  Cut1
0  -nan  290  10  -0.15  0.05  Cut1
0  -nan  290  10  -0.05  0.05  Cut1
0  -nan  290  10  0.05  0.05  Cut1
0  -nan  290  10  0.15  0.05  Cut1
0  -nan  290  10  0.25  0.05  Cut1
0  -nan  290  10  0.35  0.05  Cut1
0  -nan  290  10  0.45  0.05  Cut1
0  -nan  290  10  0.55  0.05  Cut1
0  -nan  290  10  0.65  0.05  Cut1
0  -nan  290  10  0.75  0.05  Cut1
0  -nan  290  10  0.85  0.05  Cut1
0  -nan  290  10  0.95  0.05  Cut1
0  -nan  310  10  -0.95  0.05  Cut1
0  -nan  310  10  -0.85  0.05  Cut1
0  -nan  310  10  -0.75  0.05  Cut1
0  -nan  310  10  -0.65  0.05  Cut1
0  -nan  310  10  -0.55  0.05  Cut1
0  -nan  310  10  -0.45  0.05  Cut1
0  -nan  310  10  -0.35  0.05  Cut1
0  -nan  310  10  -0.25  0.05  Cut1
0  -nan  310  10  -0.15  0.05  Cut1
0  -nan  310  10  -0.05  0.05  Cut1
0  -nan  310  10  0.05  0.05  Cut1
0  -nan  310  10  0.15  0.05  Cut1
0  -nan  310  10  0.25  0.05  Cut1
0  -nan  310  10  0.35  0.05  Cut1
0  -nan  310  10  0.45  0.05  Cut1
0  -nan  310  10  0.55  0.05  Cut1
0  -nan  310  10  0.65  0.05  Cut1
0  -nan  310  10  0.75  0.05  Cut1
0  -nan  310  10  0.85  0.05  Cut1
0  -nan  310  10  0.95  0.05  Cut1
0  -nan  330  10  -0.95  0.05  Cut1
0  -nan  330  10  -0.85  0.05  Cut1
0  -nan  330  10  -0.75  0.05  Cut1
0  -nan  330  10  -0.65  0.05  Cut1
0  -nan  330  10  -0.55  0.05  Cut1
0  -nan  330  10  -0.45  0.05  Cut1
0  -nan  330  10  -0.35  0.05  Cut1
0  -nan  330  10  -0.25  0.05  Cut1
0  -nan  330  10  -0.15  0.05  Cut1
0  -nan  330  10  -0.05  0.05  Cut1
0  -nan  330  10  0.05  0.05  Cut1
0  -nan  330  10  0.15  0.05  Cut1
0  -nan  330  10  0.25  0.05  Cut1
0  -nan  330  10  0.35  0.05  Cut1
0  -nan  330  10  0.45  0.05  Cut1
0  -nan  330  10  0.55  0.05  Cut1
0  -nan  330  10  0.65  0.05  Cut1
0  -nan  330  10  0.75  0.05  Cut1
0  -nan  330  10  0.85  0.05  Cut1
0  -nan  330  10  0.95  0.05  Cut1
0  -nan  350  10  -0.95  0.05  Cut1
0  -nan  350  10  -0.85  0.05  Cut1
0  -nan  350  10  -0.75  0.05  Cut1
0  -nan  350  10  -0.65  0.05  Cut1
0  -nan  350  10  -0.55  0.05  Cut1
0  -nan  350  10  -0.45  0.05  Cut1
0  -nan  350  10  -0.35  0.05  Cut1
0  -nan  350  10  -0.25  0.05  Cut1
0  -nan  350  10  -0.15  0.05  Cut1
0  -nan  350  10  -0.05  0.05  Cut1
0  -nan  350  10  0.05  0.05  Cut1
0  -nan  350  10  0.15  0.05  Cut1
0  -nan  350  10  0.25  0.05  Cut1
0  -nan  350  10  0.35  0.05  Cut1
0  -nan  350  10  0.45  0.05  Cut1
0  -nan  350  10  0.55  0.05  Cut1
0  -nan  350  10  0.65  0.05  Cut1
0  -nan  350  10  0.75  0.05  Cut1
0  -nan  350  10  0.85  0.05  Cut1
0  -nan  350  10  0.95  0.05  Cut1
0  -nan  370  10  -0.95  0.05  Cut1
0  -nan  370  10  -0.85  0.05  Cut1
0  -nan  370  10  -0.75  0.05  Cut1
0  -nan  370  10  -0.65  0.05  Cut1
0  -nan  370  10  -0.55  0.05  Cut1
0  -nan  370  10  -0.45  0.05  Cut1
0  -nan  370  10  -0.35  0.05  Cut1
0  -nan  370  10  -0.25  0.05  Cut1
0  -nan  370  10  -0.15  0.05  Cut1
0  -nan  370  10  -0.05  0.05  Cut1
0  -nan  370  10  0.05  0.05  Cut1
0  -nan  370  10  0.15  0.05  Cut1
0  -nan  370  10  0.25  0.05  Cut1
0  -nan  370  10  0.35  0.05  Cut1
0  -nan  370  10  0.45  0.05  Cut1
0  -nan  370  10  0.55  0.05  Cut1
0  -nan  370  10  0.65  0.05  Cut1
0  -nan  370  10  0.75  0.05  Cut1
0  -nan  370  10  0.85  0.05  Cut1
0  -nan  370  10  0.95  0.05  Cut1
0  -nan  390  10  -0.95  0.05  Cut1
0  -nan  390  10  -0.85  0.05  Cut1
0  -nan  390  10  -0.75  0.05  Cut1
0  -nan  390  10  -0.65  0.05  Cut1
0  -nan  390  10  -0.55  0.05  Cut1
0  -nan  390  10  -0.45  0.05  Cut1
0  -nan  390  10  -0.35  0.05  Cut1
0  -nan  390  10  -0.25  0.05  Cut1
0  -nan  390  10  -0.15  0.05  Cut1
0  -nan  390  10  -0.05  0.05  Cut1
0  -nan  390  10  0.05  0.05  Cut1
0  -nan  390  10  0.15  0.05  Cut1
0  -nan  390  10  0.25  0.05  Cut1
0  -nan  390  10  0.35  0.05  Cut1
0  -nan  390  10  0.45  0.05  Cut1
0  -nan  390  10  0.55  0.05  Cut1
0  -nan  390  10  0.65  0.05  Cut1
0  -nan  390  10  0.75  0.05  Cut1
0  -nan  390  10  0.85  0.05  Cut1
0  -nan  390  10  0.95  0.05  Cut1
0.261362  0.0445405  410  10  -0.95  0.05  Cut1
0.514716  0.0315349  410  10  -0.85  0.05  Cut1
0.658956  0.021521  410  10  -0.75  0.05  Cut1
0.701422  0.0164197  410  10  -0.65  0.05  Cut1
0.764358  0.0146346  410  10  -0.55  0.05  Cut1
0.740608  0.0143029  410  10  -0.45  0.05  Cut1
0.673108  0.0148337  410  10  -0.35  0.05  Cut1
0.617829  0.0159911  410  10  -0.25  0.05  Cut1
0.596355  0.0176383  410  10  -0.15  0.05  Cut1
0.508304  0.0198404  410  10  -0.05  0.05  Cut1
0.41052  0.0225588  410  10  0.05  0.05  Cut1
0.305063  0.0258071  410  10  0.15  0.05  Cut1
0.185873  0.0293269  410  10  0.25  0.05  Cut1
0.121311  0.0331095  410  10  0.35  0.05  Cut1
0.00910473  0.0371739  410  10  0.45  0.05  Cut1
0.0438687  0.0416218  410  10  0.55  0.05  Cut1
0.00136177  0.0466826  410  10  0.65  0.05  Cut1
-0.0263343  0.0529075  410  10  0.75  0.05  Cut1
0.131122  0.0626581  410  10  0.85  0.05  Cut1
0.181092  0.0823614  410  10  0.95  0.05  Cut1
0.272199  0.037495  430  10  -0.95  0.05  Cut1
0.501503  0.0255178  430  10  -0.85  0.05  Cut1
0.623403  0.0167773  430  10  -0.75  0.05  Cut1
0.696225  0.0126989  430  10  -0.65  0.05  Cut1
0.715557  0.0112237  430  10  -0.55  0.05  Cut1
0.699512  0.0108715  430  10  -0.45  0.05  Cut1
0.670252  0.0111794  430  10  -0.35  0.05  Cut1
0.636551  0.0119568  430  10  -0.25  0.05  Cut1
0.593791  0.013211  430  10  -0.15  0.05  Cut1
0.507486  0.015001  430  10  -0.05  0.05  Cut1
0.446286  0.0172136  430  10  0.05  0.05  Cut1
0.336589  0.0198606  430  10  0.15  0.05  Cut1
0.208365  0.022858  430  10  0.25  0.05  Cut1
0.12153  0.026095  430  10  0.35  0.05  Cut1
0.0440354  0.0295322  430  10  0.45  0.05  Cut1
0.0638416  0.0331776  430  10  0.55  0.05  Cut1
-0.0201706  0.0378518  430  10  0.65  0.05  Cut1
0.0210987  0.0435382  430  10  0.75  0.05  Cut1
0.0993825  0.0516188  430  10  0.85  0.05  Cut1
0.0806155  0.0694267  430  10  0.95  0.05  Cut1
0.25228  0.0308448  450  10  -0.95  0.05  Cut1
0.421023  0.0204251  450  10  -0.85  0.05  Cut1
0.621856  0.0131056  450  10  -0.75  0.05  Cut1
0.660759  0.00988677  450  10  -0.65  0.05  Cut1
0.681594  0.00872259  450  10  -0.55  0.05  Cut1
0.662041  0.00836048  450  10  -0.45  0.05  Cut1
0.647988  0.00842073  450  10  -0.35  0.05  Cut1
0.611692  0.00885844  450  10  -0.25  0.05  Cut1
0.587982  0.00965872  450  10  -0.15  0.05  Cut1
0.50511  0.0109307  450  10  -0.05  0.05  Cut1
0.467554  0.0125627  450  10  0.05  0.05  Cut1
0.369894  0.0147333  450  10  0.15  0.05  Cut1
0.23848  0.0172111  450  10  0.25  0.05  Cut1
0.168502  0.0198462  450  10  0.35  0.05  Cut1
0.0879587  0.0227606  450  10  0.45  0.05  Cut1
0.0379858  0.0257529  450  10  0.55  0.05  Cut1
-0.0380661  0.0295437  450  10  0.65  0.05  Cut1
0.0120483  0.0342139  450  10  0.75  0.05  Cut1
0.0222059  0.0411115  450  10  0.85  0.05  Cut1
0.0833574  0.0564414  450  10  0.95  0.05  Cut1
0.237647  0.0260856  470  10  -0.95  0.05  Cut1
0.409017  0.0170005  470  10  -0.85  0.05  Cut1
0.592305  0.0108406  470  10  -0.75  0.05  Cut1
0.623902  0.00819569  470  10  -0.65  0.05  Cut1
0.64726  0.00720771  470  10  -0.55  0.05  Cut1
0.634197  0.00686764  470  10  -0.45  0.05  Cut1
0.613095  0.00684263  470  10  -0.35  0.05  Cut1
0.591858  0.00705474  470  10  -0.25  0.05  Cut1
0.559397  0.00755547  470  10  -0.15  0.05  Cut1
0.509606  0.00839661  470  10  -0.05  0.05  Cut1
0.434592  0.00966282  470  10  0.05  0.05  Cut1
0.363294  0.0113641  470  10  0.15  0.05  Cut1
0.229529  0.0134456  470  10  0.25  0.05  Cut1
0.188709  0.0157844  470  10  0.35  0.05  Cut1
0.093954  0.0181534  470  10  0.45  0.05  Cut1
0.0394777  0.0208808  470  10  0.55  0.05  Cut1
-0.0145288  0.024119  470  10  0.65  0.05  Cut1
-0.0533813  0.0280359  470  10  0.75  0.05  Cut1
0.0729301  0.0343313  470  10  0.85  0.05  Cut1
-0.0151787  0.0474651  470  10  0.95  0.05  Cut1
0.224634  0.0263102  490  10  -0.95  0.05  Cut1
0.3535  0.0169353  490  10  -0.85  0.05  Cut1
0.539779  0.0108707  490  10  -0.75  0.05  Cut1
0.589519  0.00821087  490  10  -0.65  0.05  Cut1
0.602775  0.00719876  490  10  -0.55  0.05  Cut1
0.598196  0.00681683  490  10  -0.45  0.05  Cut1
0.591248  0.00674088  490  10  -0.35  0.05  Cut1
0.567809  0.00688501  490  10  -0.25  0.05  Cut1
0.556158  0.00726779  490  10  -0.15  0.05  Cut1
0.510287  0.00795474  490  10  -0.05  0.05  Cut1
0.446906  0.00903114  490  10  0.05  0.05  Cut1
0.375546  0.0105849  490  10  0.15  0.05  Cut1
0.28345  0.0126527  490  10  0.25  0.05  Cut1
0.16838  0.0150109  490  10  0.35  0.05  Cut1
0.085828  0.0175641  490  10  0.45  0.05  Cut1
0.05744  0.0203762  490  10  0.55  0.05  Cut1
0.0155778  0.023636  490  10  0.65  0.05  Cut1
-0.0494862  0.0277325  490  10  0.75  0.05  Cut1
0.0304923  0.0343743  490  10  0.85  0.05  Cut1
-0.0546594  0.0478609  490  10  0.95  0.05  Cut1
0.21654  0.0205103  510  10  -0.95  0.05  Cut1
0.352504  0.0132437  510  10  -0.85  0.05  Cut1
0.502605  0.00854322  510  10  -0.75  0.05  Cut1
0.529696  0.0064505  510  10  -0.65  0.05  Cut1
0.551337  0.00564646  510  10  -0.55  0.05  Cut1
0.549613  0.00534103  510  10  -0.45  0.05  Cut1
0.553181  0.00526211  510  10  -0.35  0.05  Cut1
0.532908  0.00534704  510  10  -0.25  0.05  Cut1
0.526292  0.0055814  510  10  -0.15  0.05  Cut1
0.482612  0.00600827  510  10  -0.05  0.05  Cut1
0.46244  0.00673399  510  10  0.05  0.05  Cut1
0.389126  0.00780103  510  10  0.15  0.05  Cut1
0.303132  0.00937434  510  10  0.25  0.05  Cut1
0.17811  0.0112559  510  10  0.35  0.05  Cut1
0.122584  0.0133524  510  10  0.45  0.05  Cut1
0.0853917  0.0155407  510  10  0.55  0.05  Cut1
0.0719819  0.0181855  510  10  0.65  0.05  Cut1
-0.0261262  0.021629  510  10  0.75  0.05  Cut1
0.0328144  0.0270984  510  10  0.85  0.05  Cut1
0.048203  0.0387735  510  10  0.95  0.05  Cut1
0.189062  0.0204191  530  10  -0.95  0.05  Cut1
0.300198  0.0132611  530  10  -0.85  0.05  Cut1
0.44622  0.00857697  530  10  -0.75  0.05  Cut1
0.503668  0.00646162  530  10  -0.65  0.05  Cut1
0.50889  0.00566157  530  10  -0.55  0.05  Cut1
0.513761  0.00534897  530  10  -0.45  0.05  Cut1
0.508539  0.00525759  530  10  -0.35  0.05  Cut1
0.50292  0.00532195  530  10  -0.25  0.05  Cut1
0.490181  0.0055099  530  10  -0.15  0.05  Cut1
0.462881  0.00589933  530  10  -0.05  0.05  Cut1
0.423588  0.00649457  530  10  0.05  0.05  Cut1
0.382843  0.00745215  530  10  0.15  0.05  Cut1
0.291871  0.00887712  530  10  0.25  0.05  Cut1
0.21988  0.0107635  530  10  0.35  0.05  Cut1
0.0983443  0.0130136  530  10  0.45  0.05  Cut1
0.0575615  0.0152755  530  10  0.55  0.05  Cut1
0.0152155  0.0178245  530  10  0.65  0.05  Cut1
-0.04958  0.0214585  530  10  0.75  0.05  Cut1
-0.0207387  0.0270316  530  10  0.85  0.05  Cut1
0.0241682  0.0393548  530  10  0.95  0.05  Cut1
0.182052  0.0216353  550  10  -0.95  0.05  Cut1
0.274025  0.0140904  550  10  -0.85  0.05  Cut1
0.409348  0.00914471  550  10  -0.75  0.05  Cut1
0.451252  0.00690517  550  10  -0.65  0.05  Cut1
0.470199  0.00603579  550  10  -0.55  0.05  Cut1
0.472723  0.00568509  550  10  -0.45  0.05  Cut1
0.472024  0.00559506  550  10  -0.35  0.05  Cut1
0.473782  0.00563981  550  10  -0.25  0.05  Cut1
0.465366  0.00582871  550  10  -0.15  0.05  Cut1
0.447417  0.00619985  550  10  -0.05  0.05  Cut1
0.411136  0.0067816  550  10  0.05  0.05  Cut1
0.353753  0.00769005  550  10  0.15  0.05  Cut1
0.302078  0.00912888  550  10  0.25  0.05  Cut1
0.208359  0.0110893  550  10  0.35  0.05  Cut1
0.0947222  0.0134484  550  10  0.45  0.05  Cut1
0.0887631  0.0159781  550  10  0.55  0.05  Cut1
0.00464112  0.0188973  550  10  0.65  0.05  Cut1
-0.00782261  0.02279  550  10  0.75  0.05  Cut1
0.0158043  0.0291629  550  10  0.85  0.05  Cut1
-0.0807192  0.0431008  550  10  0.95  0.05  Cut1
0.159102  0.0159176  570  10  -0.95  0.05  Cut1
0.21847  0.0104186  570  10  -0.85  0.05  Cut1
0.366688  0.00681809  570  10  -0.75  0.05  Cut1
0.420214  0.00512875  570  10  -0.65  0.05  Cut1
0.420047  0.00448166  570  10  -0.55  0.05  Cut1
0.436137  0.00421695  570  10  -0.45  0.05  Cut1
0.420346  0.00414392  570  10  -0.35  0.05  Cut1
0.439786  0.00417279  570  10  -0.25  0.05  Cut1
0.429135  0.00431069  570  10  -0.15  0.05  Cut1
0.41338  0.00455696  570  10  -0.05  0.05  Cut1
0.401506  0.00494177  570  10  0.05  0.05  Cut1
0.353999  0.00554959  570  10  0.15  0.05  Cut1
0.282923  0.0064852  570  10  0.25  0.05  Cut1
0.212318  0.0078599  570  10  0.35  0.05  Cut1
0.107399  0.00967582  570  10  0.45  0.05  Cut1
0.0636894  0.0116701  570  10  0.55  0.05  Cut1
0.0260466  0.0138632  570  10  0.65  0.05  Cut1
0.0300587  0.0170363  570  10  0.75  0.05  Cut1
0.0176493  0.0219196  570  10  0.85  0.05  Cut1
0.0266735  0.0329266  570  10  0.95  0.05  Cut1
0.116024  0.0128548  590  10  -0.95  0.05  Cut1
0.196358  0.00846061  590  10  -0.85  0.05  Cut1
0.324971  0.00560492  590  10  -0.75  0.05  Cut1
0.380159  0.00419137  590  10  -0.65  0.05  Cut1
0.395067  0.00366286  590  10  -0.55  0.05  Cut1
0.403411  0.00343828  590  10  -0.45  0.05  Cut1
0.398385  0.00337495  590  10  -0.35  0.05  Cut1
0.407194  0.00339161  590  10  -0.25  0.05  Cut1
0.395494  0.00351153  590  10  -0.15  0.05  Cut1
0.393585  0.00370081  590  10  -0.05  0.05  Cut1
0.373866  0.00400183  590  10  0.05  0.05  Cut1
0.341341  0.00445328  590  10  0.15  0.05  Cut1
0.288912  0.0051437  590  10  0.25  0.05  Cut1
0.200271  0.00622235  590  10  0.35  0.05  Cut1
0.128797  0.00767872  590  10  0.45  0.05  Cut1
0.0598899  0.00938982  590  10  0.55  0.05  Cut1
0.0313143  0.0113325  590  10  0.65  0.05  Cut1
0.0590558  0.0138854  590  10  0.75  0.05  Cut1
0.00169671  0.0182644  590  10  0.85  0.05  Cut1
-0.0298131  0.0278416  590  10  0.95  0.05  Cut1
0.116686  0.0130807  610  10  -0.95  0.05  Cut1
0.185983  0.00869936  610  10  -0.85  0.05  Cut1
0.307458  0.00579893  610  10  -0.75  0.05  Cut1
0.359908  0.0043455  610  10  -0.65  0.05  Cut1
0.373782  0.00378766  610  10  -0.55  0.05  Cut1
0.382776  0.00355691  610  10  -0.45  0.05  Cut1
0.391301  0.00348153  610  10  -0.35  0.05  Cut1
0.388092  0.00349996  610  10  -0.25  0.05  Cut1
0.382762  0.0036054  610  10  -0.15  0.05  Cut1
0.377931  0.00380045  610  10  -0.05  0.05  Cut1
0.368132  0.00409888  610  10  0.05  0.05  Cut1
0.332907  0.00454964  610  10  0.15  0.05  Cut1
0.293405  0.00520351  610  10  0.25  0.05  Cut1
0.218388  0.00621625  610  10  0.35  0.05  Cut1
0.135195  0.00768816  610  10  0.45  0.05  Cut1
0.0681845  0.0095182  610  10  0.55  0.05  Cut1
0.0224049  0.011539  610  10  0.65  0.05  Cut1
0.0279587  0.0142897  610  10  0.75  0.05  Cut1
0.022704  0.0191342  610  10  0.85  0.05  Cut1
-0.0201097  0.0292428  610  10  0.95  0.05  Cut1
0.122869  0.0238538  630  10  -0.95  0.05  Cut1
0.185307  0.0159947  630  10  -0.85  0.05  Cut1
0.32234  0.0107413  630  10  -0.75  0.05  Cut1
0.404339  0.0080285  630  10  -0.65  0.05  Cut1
0.409303  0.00698076  630  10  -0.55  0.05  Cut1
0.430085  0.00655871  630  10  -0.45  0.05  Cut1
0.426934  0.00640986  630  10  -0.35  0.05  Cut1
0.429423  0.00643918  630  10  -0.25  0.05  Cut1
0.426903  0.00664466  630  10  -0.15  0.05  Cut1
0.418929  0.00699805  630  10  -0.05  0.05  Cut1
0.388021  0.0075435  630  10  0.05  0.05  Cut1
0.372131  0.00832801  630  10  0.15  0.05  Cut1
0.319603  0.00949468  630  10  0.25  0.05  Cut1
0.25539  0.0112865  630  10  0.35  0.05  Cut1
0.162057  0.013976  630  10  0.45  0.05  Cut1
0.0542205  0.0173162  630  10  0.55  0.05  Cut1
0.055459  0.021237  630  10  0.65  0.05  Cut1
-0.0218184  0.0264596  630  10  0.75  0.05  Cut1
0.0851269  0.0356201  630  10  0.85  0.05  Cut1
0.0174243  0.0545999  630  10  0.95  0.05  Cut1
0.204447  0.0553099  650  10  -0.95  0.05  Cut1
0.403038  0.0377193  650  10  -0.85  0.05  Cut1
0.642093  0.0255925  650  10  -0.75  0.05  Cut1
0.754312  0.0191791  650  10  -0.65  0.05  Cut1
0.82028  0.0166697  650  10  -0.55  0.05  Cut1
0.823349  0.0156378  650  10  -0.45  0.05  Cut1
0.807308  0.0152855  650  10  -0.35  0.05  Cut1
0.781433  0.0153649  650  10  -0.25  0.05  Cut1
0.748567  0.0158655  650  10  -0.15  0.05  Cut1
0.728337  0.016697  650  10  -0.05  0.05  Cut1
0.720448  0.0179789  650  10  0.05  0.05  Cut1
0.617991  0.0198753  650  10  0.15  0.05  Cut1
0.501372  0.0226616  650  10  0.25  0.05  Cut1
0.417911  0.0266807  650  10  0.35  0.05  Cut1
0.300991  0.0328469  650  10  0.45  0.05  Cut1
0.0658901  0.0406731  650  10  0.55  0.05  Cut1
0.0206976  0.0497202  650  10  0.65  0.05  Cut1
0.0877493  0.0627862  650  10  0.75  0.05  Cut1
0.203881  0.0852315  650  10  0.85  0.05  Cut1
-0.020136  0.128216  650  10  0.95  0.05  Cut1
1.04616  0.203684  670  10  -0.95  0.05  Cut1
1.27822  0.140767  670  10  -0.85  0.05  Cut1
2.05264  0.0956864  670  10  -0.75  0.05  Cut1
2.3942  0.0712914  670  10  -0.65  0.05  Cut1
2.49426  0.0618938  670  10  -0.55  0.05  Cut1
2.57285  0.0579755  670  10  -0.45  0.05  Cut1
2.52186  0.0567653  670  10  -0.35  0.05  Cut1
2.49561  0.057096  670  10  -0.25  0.05  Cut1
2.29509  0.0587632  670  10  -0.15  0.05  Cut1
2.12962  0.0617786  670  10  -0.05  0.05  Cut1
2.0012  0.066521  670  10  0.05  0.05  Cut1
1.87095  0.0731667  670  10  0.15  0.05  Cut1
1.56691  0.0832304  670  10  0.25  0.05  Cut1
1.09548  0.097139  670  10  0.35  0.05  Cut1
0.774362  0.117775  670  10  0.45  0.05  Cut1
0.39191  0.149132  670  10  0.55  0.05  Cut1
0.123713  0.186918  670  10  0.65  0.05  Cut1
0.14534  0.236479  670  10  0.75  0.05  Cut1
0.320826  0.323817  670  10  0.85  0.05  Cut1
1.03499  0.496308  670  10  0.95  0.05  Cut1
0.109678  0.190733  690  10  -0.95  0.05  Cut1
1.11487  0.129909  690  10  -0.85  0.05  Cut1
1.89911  0.0887832  690  10  -0.75  0.05  Cut1
2.21328  0.0659832  690  10  -0.65  0.05  Cut1
2.32181  0.057174  690  10  -0.55  0.05  Cut1
2.43153  0.0534914  690  10  -0.45  0.05  Cut1
2.36079  0.0521448  690  10  -0.35  0.05  Cut1
2.32652  0.0522753  690  10  -0.25  0.05  Cut1
2.27025  0.0536851  690  10  -0.15  0.05  Cut1
2.20534  0.0561376  690  10  -0.05  0.05  Cut1
2.04086  0.0602792  690  10  0.05  0.05  Cut1
1.84953  0.0662608  690  10  0.15  0.05  Cut1
1.37713  0.0743134  690  10  0.25  0.05  Cut1
1.11638  0.0867744  690  10  0.35  0.05  Cut1
0.648995  0.105218  690  10  0.45  0.05  Cut1
0.360204  0.133411  690  10  0.55  0.05  Cut1
0.170306  0.171087  690  10  0.65  0.05  Cut1
0.172687  0.21952  690  10  0.75  0.05  Cut1
0.450892  0.30639  690  10  0.85  0.05  Cut1
1.05957  0.488408  690  10  0.95  0.05  Cut1
0.194768  0.212418  710  10  -0.95  0.05  Cut1
0.761917  0.146933  710  10  -0.85  0.05  Cut1
1.63075  0.101372  710  10  -0.75  0.05  Cut1
2.00984  0.074576  710  10  -0.65  0.05  Cut1
2.00403  0.0647177  710  10  -0.55  0.05  Cut1
2.04142  0.0605371  710  10  -0.45  0.05  Cut1
1.91896  0.0590256  710  10  -0.35  0.05  Cut1
1.93066  0.0590152  710  10  -0.25  0.05  Cut1
1.90773  0.0602887  710  10  -0.15  0.05  Cut1
1.77634  0.062951  710  10  -0.05  0.05  Cut1
1.65203  0.0673523  710  10  0.05  0.05  Cut1
1.54906  0.0735961  710  10  0.15  0.05  Cut1
1.01222  0.0824696  710  10  0.25  0.05  Cut1
0.885572  0.0945152  710  10  0.35  0.05  Cut1
0.529061  0.114792  710  10  0.45  0.05  Cut1
0.100895  0.146445  710  10  0.55  0.05  Cut1
0.337178  0.191135  710  10  0.65  0.05  Cut1
0.263916  0.254903  710  10  0.75  0.05  Cut1
0.484061  0.363774  710  10  0.85  0.05  Cut1
1.97234  0.595585  710  10  0.95  0.05  Cut1
