0.218949  0.082183  410  10  -0.95  0.05  SignalTiming
0.408403  0.0677236  410  10  -0.85  0.05  SignalTiming
0.652598  0.0432308  410  10  -0.75  0.05  SignalTiming
0.655603  0.0310772  410  10  -0.65  0.05  SignalTiming
0.675299  0.0275762  410  10  -0.55  0.05  SignalTiming
0.696847  0.0275439  410  10  -0.45  0.05  SignalTiming
0.645475  0.0302724  410  10  -0.35  0.05  SignalTiming
0.606753  0.0353542  410  10  -0.25  0.05  SignalTiming
0.672148  0.0439641  410  10  -0.15  0.05  SignalTiming
0.450137  0.0568816  410  10  -0.05  0.05  SignalTiming
0.545301  0.0755807  410  10  0.05  0.05  SignalTiming
0.405169  0.109495  410  10  0.15  0.05  SignalTiming
0.532613  0.160171  410  10  0.25  0.05  SignalTiming
0.27245  0.291517  410  10  0.35  0.05  SignalTiming
0.187575  0.561803  410  10  0.45  0.05  SignalTiming
0.644299  1.46736  410  10  0.55  0.05  SignalTiming
1.61761  1.54672  410  10  0.65  0.05  SignalTiming
-1.81077  3.09467  410  10  0.75  0.05  SignalTiming
1.44082  1.7588  410  10  0.85  0.05  SignalTiming
-2.57967  3.14132  410  10  0.95  0.05  SignalTiming
0.310664  0.0780588  430  10  -0.95  0.05  SignalTiming
0.665791  0.0546613  430  10  -0.85  0.05  SignalTiming
0.617192  0.0312442  430  10  -0.75  0.05  SignalTiming
0.635583  0.0221513  430  10  -0.65  0.05  SignalTiming
0.695891  0.0193379  430  10  -0.55  0.05  SignalTiming
0.68439  0.0189594  430  10  -0.45  0.05  SignalTiming
0.676213  0.0201458  430  10  -0.35  0.05  SignalTiming
0.699278  0.0227829  430  10  -0.25  0.05  SignalTiming
0.662941  0.0275834  430  10  -0.15  0.05  SignalTiming
0.673507  0.035282  430  10  -0.05  0.05  SignalTiming
0.568474  0.0474347  430  10  0.05  0.05  SignalTiming
0.648766  0.0664295  430  10  0.15  0.05  SignalTiming
0.41704  0.0960043  430  10  0.25  0.05  SignalTiming
0.480609  0.156897  430  10  0.35  0.05  SignalTiming
0.387619  0.307725  430  10  0.45  0.05  SignalTiming
0.721727  0.586064  430  10  0.55  0.05  SignalTiming
2.38354  1.53555  430  10  0.65  0.05  SignalTiming
-1.27987  1.59352  430  10  0.75  0.05  SignalTiming
2.91764  1.50156  430  10  0.85  0.05  SignalTiming
-1.17016  2.40524  430  10  0.95  0.05  SignalTiming
0.193992  0.0728264  450  10  -0.95  0.05  SignalTiming
0.505536  0.0453655  450  10  -0.85  0.05  SignalTiming
0.708262  0.0243695  450  10  -0.75  0.05  SignalTiming
0.703135  0.0175471  450  10  -0.65  0.05  SignalTiming
0.698209  0.0152156  450  10  -0.55  0.05  SignalTiming
0.715643  0.0145156  450  10  -0.45  0.05  SignalTiming
0.672842  0.0146559  450  10  -0.35  0.05  SignalTiming
0.697511  0.0158461  450  10  -0.25  0.05  SignalTiming
0.702232  0.0181196  450  10  -0.15  0.05  SignalTiming
0.638017  0.0226238  450  10  -0.05  0.05  SignalTiming
0.635262  0.0295447  450  10  0.05  0.05  SignalTiming
0.684057  0.0418085  450  10  0.15  0.05  SignalTiming
0.538569  0.0609712  450  10  0.25  0.05  SignalTiming
0.519601  0.0972821  450  10  0.35  0.05  SignalTiming
0.347434  0.169451  450  10  0.45  0.05  SignalTiming
0.656842  0.282258  450  10  0.55  0.05  SignalTiming
-0.777638  0.587889  450  10  0.65  0.05  SignalTiming
2.29119  1.14349  450  10  0.75  0.05  SignalTiming
-0.483031  1.30681  450  10  0.85  0.05  SignalTiming
1.72278  2.82507  450  10  0.95  0.05  SignalTiming
0.364637  0.0716206  470  10  -0.95  0.05  SignalTiming
0.642911  0.040479  470  10  -0.85  0.05  SignalTiming
0.716722  0.0210874  470  10  -0.75  0.05  SignalTiming
0.734513  0.0153761  470  10  -0.65  0.05  SignalTiming
0.725918  0.0132003  470  10  -0.55  0.05  SignalTiming
0.733037  0.0124975  470  10  -0.45  0.05  SignalTiming
0.704753  0.0122799  470  10  -0.35  0.05  SignalTiming
0.710188  0.0125403  470  10  -0.25  0.05  SignalTiming
0.662276  0.0137271  470  10  -0.15  0.05  SignalTiming
0.637416  0.0160706  470  10  -0.05  0.05  SignalTiming
0.635591  0.0204221  470  10  0.05  0.05  SignalTiming
0.582607  0.0275635  470  10  0.15  0.05  SignalTiming
0.450188  0.0406986  470  10  0.25  0.05  SignalTiming
0.493863  0.0633235  470  10  0.35  0.05  SignalTiming
0.596255  0.103036  470  10  0.45  0.05  SignalTiming
0.424942  0.186109  470  10  0.55  0.05  SignalTiming
-0.105651  0.52818  470  10  0.65  0.05  SignalTiming
0.791025  0.776805  470  10  0.75  0.05  SignalTiming
-2.01903  3.57865  470  10  0.85  0.05  SignalTiming
0.542002  1.88476  470  10  0.95  0.05  SignalTiming
0.744507  0.0883848  490  10  -0.95  0.05  SignalTiming
0.699815  0.0426677  490  10  -0.85  0.05  SignalTiming
0.717632  0.0224415  490  10  -0.75  0.05  SignalTiming
0.760518  0.0163077  490  10  -0.65  0.05  SignalTiming
0.744918  0.0140396  490  10  -0.55  0.05  SignalTiming
0.730411  0.013062  490  10  -0.45  0.05  SignalTiming
0.740635  0.012632  490  10  -0.35  0.05  SignalTiming
0.712079  0.0126776  490  10  -0.25  0.05  SignalTiming
0.689665  0.013301  490  10  -0.15  0.05  SignalTiming
0.652707  0.0147514  490  10  -0.05  0.05  SignalTiming
0.622539  0.0179163  490  10  0.05  0.05  SignalTiming
0.557639  0.0235847  490  10  0.15  0.05  SignalTiming
0.528614  0.0348422  490  10  0.25  0.05  SignalTiming
0.590361  0.0548047  490  10  0.35  0.05  SignalTiming
0.435538  0.0884718  490  10  0.45  0.05  SignalTiming
0.142992  0.157469  490  10  0.55  0.05  SignalTiming
-0.411257  0.318084  490  10  0.65  0.05  SignalTiming
-0.280374  0.771475  490  10  0.75  0.05  SignalTiming
1.1428  1.55438  490  10  0.85  0.05  SignalTiming
0.515638  1.09563  490  10  0.95  0.05  SignalTiming
0.698279  0.0818406  510  10  -0.95  0.05  SignalTiming
0.690712  0.0366699  510  10  -0.85  0.05  SignalTiming
0.762165  0.0186  510  10  -0.75  0.05  SignalTiming
0.765025  0.013677  510  10  -0.65  0.05  SignalTiming
0.75323  0.011769  510  10  -0.55  0.05  SignalTiming
0.748361  0.0108381  510  10  -0.45  0.05  SignalTiming
0.726865  0.0104209  510  10  -0.35  0.05  SignalTiming
0.689202  0.010283  510  10  -0.25  0.05  SignalTiming
0.673912  0.0104767  510  10  -0.15  0.05  SignalTiming
0.654086  0.0112777  510  10  -0.05  0.05  SignalTiming
0.652398  0.0130372  510  10  0.05  0.05  SignalTiming
0.610024  0.0164788  510  10  0.15  0.05  SignalTiming
0.528447  0.0232829  510  10  0.25  0.05  SignalTiming
0.500966  0.0357548  510  10  0.35  0.05  SignalTiming
0.466443  0.0591979  510  10  0.45  0.05  SignalTiming
0.596043  0.10172  510  10  0.55  0.05  SignalTiming
0.125155  0.219305  510  10  0.65  0.05  SignalTiming
0.186911  0.376785  510  10  0.75  0.05  SignalTiming
-0.117273  0.976185  510  10  0.85  0.05  SignalTiming
0.990799  1.33984  510  10  0.95  0.05  SignalTiming
0.681632  0.0872931  530  10  -0.95  0.05  SignalTiming
0.694102  0.0394106  530  10  -0.85  0.05  SignalTiming
0.738051  0.0200849  530  10  -0.75  0.05  SignalTiming
0.787309  0.0146134  530  10  -0.65  0.05  SignalTiming
0.758175  0.0125815  530  10  -0.55  0.05  SignalTiming
0.7633  0.0115531  530  10  -0.45  0.05  SignalTiming
0.73705  0.0110449  530  10  -0.35  0.05  SignalTiming
0.726229  0.0107929  530  10  -0.25  0.05  SignalTiming
0.67911  0.0107591  530  10  -0.15  0.05  SignalTiming
0.667826  0.0113519  530  10  -0.05  0.05  SignalTiming
0.622943  0.012386  530  10  0.05  0.05  SignalTiming
0.577033  0.0150009  530  10  0.15  0.05  SignalTiming
0.563216  0.020127  530  10  0.25  0.05  SignalTiming
0.548891  0.0313566  530  10  0.35  0.05  SignalTiming
0.420557  0.051524  530  10  0.45  0.05  SignalTiming
0.199183  0.0871751  530  10  0.55  0.05  SignalTiming
0.292612  0.180713  530  10  0.65  0.05  SignalTiming
0.575815  0.467957  530  10  0.75  0.05  SignalTiming
0.360568  0.891555  530  10  0.85  0.05  SignalTiming
0.432992  0.991386  530  10  0.95  0.05  SignalTiming
0.536107  0.100167  550  10  -0.95  0.05  SignalTiming
0.677604  0.0431081  550  10  -0.85  0.05  SignalTiming
0.715554  0.0223658  550  10  -0.75  0.05  SignalTiming
0.778138  0.0162669  550  10  -0.65  0.05  SignalTiming
0.78467  0.0139753  550  10  -0.55  0.05  SignalTiming
0.745321  0.0128149  550  10  -0.45  0.05  SignalTiming
0.736639  0.0122372  550  10  -0.35  0.05  SignalTiming
0.705315  0.0118282  550  10  -0.25  0.05  SignalTiming
0.699837  0.011841  550  10  -0.15  0.05  SignalTiming
0.65861  0.0121871  550  10  -0.05  0.05  SignalTiming
0.621632  0.01319  550  10  0.05  0.05  SignalTiming
0.587787  0.0153742  550  10  0.15  0.05  SignalTiming
0.57362  0.0199839  550  10  0.25  0.05  SignalTiming
0.512248  0.0295041  550  10  0.35  0.05  SignalTiming
0.320216  0.0498665  550  10  0.45  0.05  SignalTiming
0.223955  0.0834934  550  10  0.55  0.05  SignalTiming
0.198373  0.145597  550  10  0.65  0.05  SignalTiming
-0.119743  0.312893  550  10  0.75  0.05  SignalTiming
-0.64719  1.02527  550  10  0.85  0.05  SignalTiming
0.77943  0.921992  550  10  0.95  0.05  SignalTiming
0.514567  0.0716354  570  10  -0.95  0.05  SignalTiming
0.639557  0.0341611  570  10  -0.85  0.05  SignalTiming
0.720155  0.0173743  570  10  -0.75  0.05  SignalTiming
0.782599  0.0127513  570  10  -0.65  0.05  SignalTiming
0.755728  0.0109969  570  10  -0.55  0.05  SignalTiming
0.765904  0.0100304  570  10  -0.45  0.05  SignalTiming
0.746997  0.00953645  570  10  -0.35  0.05  SignalTiming
0.734924  0.00926256  570  10  -0.25  0.05  SignalTiming
0.698928  0.00921648  570  10  -0.15  0.05  SignalTiming
0.666372  0.00935065  570  10  -0.05  0.05  SignalTiming
0.63302  0.00986827  570  10  0.05  0.05  SignalTiming
0.585282  0.0111331  570  10  0.15  0.05  SignalTiming
0.537709  0.0136574  570  10  0.25  0.05  SignalTiming
0.487255  0.0193975  570  10  0.35  0.05  SignalTiming
0.362255  0.0315218  570  10  0.45  0.05  SignalTiming
0.256335  0.0559397  570  10  0.55  0.05  SignalTiming
0.26356  0.0999505  570  10  0.65  0.05  SignalTiming
-0.0464896  0.234901  570  10  0.75  0.05  SignalTiming
-0.661015  0.754722  570  10  0.85  0.05  SignalTiming
-0.563634  1.38625  570  10  0.95  0.05  SignalTiming
0.360738  0.0593955  590  10  -0.95  0.05  SignalTiming
0.559328  0.0293103  590  10  -0.85  0.05  SignalTiming
0.733109  0.014891  590  10  -0.75  0.05  SignalTiming
0.78583  0.0107451  590  10  -0.65  0.05  SignalTiming
0.765497  0.00923408  590  10  -0.55  0.05  SignalTiming
0.76475  0.00851309  590  10  -0.45  0.05  SignalTiming
0.744627  0.0080551  590  10  -0.35  0.05  SignalTiming
0.746016  0.00778101  590  10  -0.25  0.05  SignalTiming
0.709977  0.00774968  590  10  -0.15  0.05  SignalTiming
0.695873  0.0078981  590  10  -0.05  0.05  SignalTiming
0.656532  0.00823909  590  10  0.05  0.05  SignalTiming
0.611883  0.00900396  590  10  0.15  0.05  SignalTiming
0.561319  0.0106423  590  10  0.25  0.05  SignalTiming
0.479625  0.0142203  590  10  0.35  0.05  SignalTiming
0.396399  0.0226524  590  10  0.45  0.05  SignalTiming
0.281452  0.0395472  590  10  0.55  0.05  SignalTiming
0.140178  0.0796022  590  10  0.65  0.05  SignalTiming
-0.106613  0.172927  590  10  0.75  0.05  SignalTiming
0.340279  0.614939  590  10  0.85  0.05  SignalTiming
0.407657  0.471395  590  10  0.95  0.05  SignalTiming
0.33931  0.0571851  610  10  -0.95  0.05  SignalTiming
0.563757  0.0301039  610  10  -0.85  0.05  SignalTiming
0.7109  0.0158519  610  10  -0.75  0.05  SignalTiming
0.770283  0.011404  610  10  -0.65  0.05  SignalTiming
0.769549  0.00984229  610  10  -0.55  0.05  SignalTiming
0.785135  0.00897869  610  10  -0.45  0.05  SignalTiming
0.784257  0.00847143  610  10  -0.35  0.05  SignalTiming
0.76787  0.00829482  610  10  -0.25  0.05  SignalTiming
0.747636  0.00814347  610  10  -0.15  0.05  SignalTiming
0.726833  0.00835323  610  10  -0.05  0.05  SignalTiming
0.698936  0.00865469  610  10  0.05  0.05  SignalTiming
0.647123  0.00931893  610  10  0.15  0.05  SignalTiming
0.600604  0.0107195  610  10  0.25  0.05  SignalTiming
0.509136  0.0138467  610  10  0.35  0.05  SignalTiming
0.478515  0.0210751  610  10  0.45  0.05  SignalTiming
0.314679  0.0371606  610  10  0.55  0.05  SignalTiming
0.0772006  0.0705087  610  10  0.65  0.05  SignalTiming
0.28665  0.150912  610  10  0.75  0.05  SignalTiming
-0.399989  0.679966  610  10  0.85  0.05  SignalTiming
0.527817  0.669463  610  10  0.95  0.05  SignalTiming
0.361851  0.104063  630  10  -0.95  0.05  SignalTiming
0.474273  0.059534  630  10  -0.85  0.05  SignalTiming
0.663744  0.0312102  630  10  -0.75  0.05  SignalTiming
0.851236  0.0225322  630  10  -0.65  0.05  SignalTiming
0.79805  0.0191188  630  10  -0.55  0.05  SignalTiming
0.819369  0.0176866  630  10  -0.45  0.05  SignalTiming
0.851257  0.0166347  630  10  -0.35  0.05  SignalTiming
0.814073  0.0161294  630  10  -0.25  0.05  SignalTiming
0.789699  0.0161388  630  10  -0.15  0.05  SignalTiming
0.764227  0.0162496  630  10  -0.05  0.05  SignalTiming
0.750525  0.0168728  630  10  0.05  0.05  SignalTiming
0.706883  0.0177714  630  10  0.15  0.05  SignalTiming
0.649266  0.0201049  630  10  0.25  0.05  SignalTiming
0.601749  0.0250456  630  10  0.35  0.05  SignalTiming
0.539991  0.0368665  630  10  0.45  0.05  SignalTiming
0.271401  0.0673726  630  10  0.55  0.05  SignalTiming
0.165622  0.126628  630  10  0.65  0.05  SignalTiming
-0.0334887  0.23153  630  10  0.75  0.05  SignalTiming
-0.381866  0.556484  630  10  0.85  0.05  SignalTiming
-0.230521  1.25482  630  10  0.95  0.05  SignalTiming
-0.0563306  0.251201  650  10  -0.95  0.05  SignalTiming
0.672769  0.153232  650  10  -0.85  0.05  SignalTiming
0.736101  0.0855105  650  10  -0.75  0.05  SignalTiming
0.707744  0.0623274  650  10  -0.65  0.05  SignalTiming
0.638895  0.053485  650  10  -0.55  0.05  SignalTiming
0.696361  0.0487975  650  10  -0.45  0.05  SignalTiming
0.74348  0.0454261  650  10  -0.35  0.05  SignalTiming
0.709707  0.0448749  650  10  -0.25  0.05  SignalTiming
0.741082  0.0437931  650  10  -0.15  0.05  SignalTiming
0.669437  0.0441962  650  10  -0.05  0.05  SignalTiming
0.781237  0.0458135  650  10  0.05  0.05  SignalTiming
0.640204  0.0483542  650  10  0.15  0.05  SignalTiming
0.556786  0.0540255  650  10  0.25  0.05  SignalTiming
0.654205  0.0643187  650  10  0.35  0.05  SignalTiming
0.752084  0.0894107  650  10  0.45  0.05  SignalTiming
0.530691  0.152084  650  10  0.55  0.05  SignalTiming
0.209913  0.321323  650  10  0.65  0.05  SignalTiming
0.539069  0.690793  650  10  0.75  0.05  SignalTiming
-0.917628  1.78152  650  10  0.85  0.05  SignalTiming
1.54851  1.46828  650  10  0.95  0.05  SignalTiming
-0.330184  0.848233  670  10  -0.95  0.05  SignalTiming
-0.113309  0.560933  670  10  -0.85  0.05  SignalTiming
0.150135  0.302363  670  10  -0.75  0.05  SignalTiming
0.599727  0.22203  670  10  -0.65  0.05  SignalTiming
0.628545  0.185851  670  10  -0.55  0.05  SignalTiming
0.705944  0.172874  670  10  -0.45  0.05  SignalTiming
0.819673  0.160774  670  10  -0.35  0.05  SignalTiming
0.708081  0.157617  670  10  -0.25  0.05  SignalTiming
0.489471  0.157483  670  10  -0.15  0.05  SignalTiming
0.569981  0.156428  670  10  -0.05  0.05  SignalTiming
0.511908  0.15986  670  10  0.05  0.05  SignalTiming
0.656934  0.169232  670  10  0.15  0.05  SignalTiming
0.578879  0.180308  670  10  0.25  0.05  SignalTiming
0.915266  0.208485  670  10  0.35  0.05  SignalTiming
0.810308  0.28003  670  10  0.45  0.05  SignalTiming
-0.236384  0.47767  670  10  0.55  0.05  SignalTiming
-0.114252  1.06338  670  10  0.65  0.05  SignalTiming
4.18156  2.14006  670  10  0.75  0.05  SignalTiming
2.59094  3.92841  670  10  0.85  0.05  SignalTiming
1.95495  7.61954  670  10  0.95  0.05  SignalTiming
-2.01174  0.735852  690  10  -0.95  0.05  SignalTiming
0.0681942  0.534621  690  10  -0.85  0.05  SignalTiming
0.536087  0.284612  690  10  -0.75  0.05  SignalTiming
0.38286  0.208123  690  10  -0.65  0.05  SignalTiming
0.684013  0.175698  690  10  -0.55  0.05  SignalTiming
0.561629  0.163561  690  10  -0.45  0.05  SignalTiming
0.54621  0.154451  690  10  -0.35  0.05  SignalTiming
0.760966  0.148741  690  10  -0.25  0.05  SignalTiming
0.628977  0.144624  690  10  -0.15  0.05  SignalTiming
0.815068  0.144746  690  10  -0.05  0.05  SignalTiming
0.830934  0.148668  690  10  0.05  0.05  SignalTiming
0.737202  0.156364  690  10  0.15  0.05  SignalTiming
0.68851  0.16688  690  10  0.25  0.05  SignalTiming
0.66155  0.188189  690  10  0.35  0.05  SignalTiming
0.755047  0.241279  690  10  0.45  0.05  SignalTiming
0.717283  0.391736  690  10  0.55  0.05  SignalTiming
-1.01275  0.890899  690  10  0.65  0.05  SignalTiming
-0.381924  2.28198  690  10  0.75  0.05  SignalTiming
-0.463791  4.49748  690  10  0.85  0.05  SignalTiming
-8.011  10.1861  690  10  0.95  0.05  SignalTiming
0.191534  0.73495  710  10  -0.95  0.05  SignalTiming
0.623612  0.606664  710  10  -0.85  0.05  SignalTiming
0.428911  0.31673  710  10  -0.75  0.05  SignalTiming
0.875228  0.230195  710  10  -0.65  0.05  SignalTiming
0.429084  0.199064  710  10  -0.55  0.05  SignalTiming
0.830922  0.183347  710  10  -0.45  0.05  SignalTiming
0.347196  0.175085  710  10  -0.35  0.05  SignalTiming
0.992958  0.166873  710  10  -0.25  0.05  SignalTiming
0.712073  0.163376  710  10  -0.15  0.05  SignalTiming
0.793576  0.164841  710  10  -0.05  0.05  SignalTiming
0.976924  0.16685  710  10  0.05  0.05  SignalTiming
0.886792  0.173598  710  10  0.15  0.05  SignalTiming
1.05234  0.185126  710  10  0.25  0.05  SignalTiming
0.444402  0.203321  710  10  0.35  0.05  SignalTiming
0.594605  0.249596  710  10  0.45  0.05  SignalTiming
0.192786  0.37784  710  10  0.55  0.05  SignalTiming
1.86892  0.896973  710  10  0.65  0.05  SignalTiming
-2.57491  2.38016  710  10  0.75  0.05  SignalTiming
-3.79677  16.1299  710  10  0.85  0.05  SignalTiming
-6.93264  14.2521  710  10  0.95  0.05  SignalTiming
