-3.15858  7.84583  250  10  -0.95  0.05  SignalTiming
-12.2149  10.9071  250  10  -0.85  0.05  SignalTiming
4.18661  7.66263  250  10  -0.75  0.05  SignalTiming
5.97069  8.18439  250  10  -0.65  0.05  SignalTiming
6.54188  11.5154  250  10  -0.55  0.05  SignalTiming
-9.93021  12.741  250  10  -0.45  0.05  SignalTiming
20.4248  18.5344  250  10  -0.35  0.05  SignalTiming
-4.14756  8.15445  250  10  -0.25  0.05  SignalTiming
-5.90878  43.7648  250  10  -0.15  0.05  SignalTiming
2.79637  10.0694  250  10  -0.05  0.05  SignalTiming
-24.723  31.8252  250  10  0.05  0.05  SignalTiming
2.92709  13.0332  250  10  0.15  0.05  SignalTiming
-0.0207442  12.9831  250  10  0.25  0.05  SignalTiming
-0.89283  -2.95986  250  10  0.35  0.05  SignalTiming
-4.10703  13.9793  250  10  0.45  0.05  SignalTiming
5.83823  11.9892  250  10  0.55  0.05  SignalTiming
-49.4745  141.142  250  10  0.65  0.05  SignalTiming
-8.12463  15.0593  250  10  0.75  0.05  SignalTiming
-24.8499  20.5128  250  10  0.85  0.05  SignalTiming
-6.19953  12.2189  250  10  0.95  0.05  SignalTiming
-2.99852  4.29075  270  10  -0.95  0.05  SignalTiming
2.71893  3.20164  270  10  -0.85  0.05  SignalTiming
-3.16206  2.94358  270  10  -0.75  0.05  SignalTiming
3.03761  3.64122  270  10  -0.65  0.05  SignalTiming
8.15528  5.17572  270  10  -0.55  0.05  SignalTiming
-5.16534  6.2634  270  10  -0.45  0.05  SignalTiming
-2.99826  9.57167  270  10  -0.35  0.05  SignalTiming
4.13374  8.28117  270  10  -0.25  0.05  SignalTiming
0.862751  6.07822  270  10  -0.15  0.05  SignalTiming
-10.3714  9.76396  270  10  -0.05  0.05  SignalTiming
3.76236  6.06279  270  10  0.05  0.05  SignalTiming
3.38369  11.1682  270  10  0.15  0.05  SignalTiming
-4.79063  8.78547  270  10  0.25  0.05  SignalTiming
9.28401  16.4026  270  10  0.35  0.05  SignalTiming
7.2439  7.29912  270  10  0.45  0.05  SignalTiming
11.8413  8.28366  270  10  0.55  0.05  SignalTiming
-0.658233  13.2587  270  10  0.65  0.05  SignalTiming
7.5927  14.2408  270  10  0.75  0.05  SignalTiming
14.9035  15.822  270  10  0.85  0.05  SignalTiming
9.2002  15.3396  270  10  0.95  0.05  SignalTiming
0.737239  3.61171  290  10  -0.95  0.05  SignalTiming
4.30278  2.54212  290  10  -0.85  0.05  SignalTiming
1.03  2.92258  290  10  -0.75  0.05  SignalTiming
1.71275  3.76898  290  10  -0.65  0.05  SignalTiming
-0.485442  3.78254  290  10  -0.55  0.05  SignalTiming
9.31068  7.60467  290  10  -0.45  0.05  SignalTiming
16.235  7.38125  290  10  -0.35  0.05  SignalTiming
-4.71852  9.095  290  10  -0.25  0.05  SignalTiming
2.37863  5.57886  290  10  -0.15  0.05  SignalTiming
8.4305  8.14104  290  10  -0.05  0.05  SignalTiming
-3.1647  7.15033  290  10  0.05  0.05  SignalTiming
-3.25352  7.103  290  10  0.15  0.05  SignalTiming
-4.33195  8.07099  290  10  0.25  0.05  SignalTiming
-4.51238  8.72916  290  10  0.35  0.05  SignalTiming
17.599  24.6517  290  10  0.45  0.05  SignalTiming
16.9558  91.3367  290  10  0.55  0.05  SignalTiming
-8.03943  10.5857  290  10  0.65  0.05  SignalTiming
13.5556  16.5653  290  10  0.75  0.05  SignalTiming
-0.655103  8.66521  290  10  0.85  0.05  SignalTiming
14.0106  11.6256  290  10  0.95  0.05  SignalTiming
0.410766  1.00607  310  10  -0.95  0.05  SignalTiming
-0.834902  0.874719  310  10  -0.85  0.05  SignalTiming
-0.341335  0.970446  310  10  -0.75  0.05  SignalTiming
2.75153  1.30351  310  10  -0.65  0.05  SignalTiming
1.30562  1.67287  310  10  -0.55  0.05  SignalTiming
2.52904  2.45974  310  10  -0.45  0.05  SignalTiming
1.21511  2.56483  310  10  -0.35  0.05  SignalTiming
1.42536  2.61622  310  10  -0.25  0.05  SignalTiming
-0.311341  3.58883  310  10  -0.15  0.05  SignalTiming
0.80802  3.37133  310  10  -0.05  0.05  SignalTiming
-0.790108  3.95605  310  10  0.05  0.05  SignalTiming
-5.78463  3.60974  310  10  0.15  0.05  SignalTiming
0.638889  5.41561  310  10  0.25  0.05  SignalTiming
-4.63157  4.78008  310  10  0.35  0.05  SignalTiming
7.04959  5.21996  310  10  0.45  0.05  SignalTiming
3.4203  8.68319  310  10  0.55  0.05  SignalTiming
5.92603  5.63868  310  10  0.65  0.05  SignalTiming
-1.33456  5.67572  310  10  0.75  0.05  SignalTiming
8.3693  6.68242  310  10  0.85  0.05  SignalTiming
-3.43414  7.18546  310  10  0.95  0.05  SignalTiming
0.589156  0.38619  330  10  -0.95  0.05  SignalTiming
-0.848241  0.48093  330  10  -0.85  0.05  SignalTiming
1.4935  0.714109  330  10  -0.75  0.05  SignalTiming
1.55346  1.00008  330  10  -0.65  0.05  SignalTiming
-0.858316  1.04149  330  10  -0.55  0.05  SignalTiming
1.77412  1.31212  330  10  -0.45  0.05  SignalTiming
-1.58185  1.17532  330  10  -0.35  0.05  SignalTiming
0.55478  1.63198  330  10  -0.25  0.05  SignalTiming
-0.710181  1.72895  330  10  -0.15  0.05  SignalTiming
0.263374  2.48479  330  10  -0.05  0.05  SignalTiming
-1.05051  4.49741  330  10  0.05  0.05  SignalTiming
1.30545  2.98785  330  10  0.15  0.05  SignalTiming
1.63553  3.0423  330  10  0.25  0.05  SignalTiming
0.815078  4.07455  330  10  0.35  0.05  SignalTiming
-2.05151  5.79629  330  10  0.45  0.05  SignalTiming
3.74124  4.8757  330  10  0.55  0.05  SignalTiming
2.48222  5.44452  330  10  0.65  0.05  SignalTiming
2.8174  6.22884  330  10  0.75  0.05  SignalTiming
3.90315  4.89354  330  10  0.85  0.05  SignalTiming
1.49234  10.2141  330  10  0.95  0.05  SignalTiming
0.350651  0.203211  350  10  -0.95  0.05  SignalTiming
0.0331387  0.238895  350  10  -0.85  0.05  SignalTiming
0.576127  0.374208  350  10  -0.75  0.05  SignalTiming
0.234007  0.356729  350  10  -0.65  0.05  SignalTiming
0.657569  0.33969  350  10  -0.55  0.05  SignalTiming
-0.304937  0.360366  350  10  -0.45  0.05  SignalTiming
0.717273  0.394423  350  10  -0.35  0.05  SignalTiming
0.639291  0.468018  350  10  -0.25  0.05  SignalTiming
-0.543094  0.594777  350  10  -0.15  0.05  SignalTiming
-0.0855015  0.826504  350  10  -0.05  0.05  SignalTiming
-1.62523  1.04232  350  10  0.05  0.05  SignalTiming
-1.8135  1.31926  350  10  0.15  0.05  SignalTiming
1.35583  2.25005  350  10  0.25  0.05  SignalTiming
-2.63059  2.78348  350  10  0.35  0.05  SignalTiming
3.06317  2.95018  350  10  0.45  0.05  SignalTiming
1.43145  5.21065  350  10  0.55  0.05  SignalTiming
-2.66568  3.77178  350  10  0.65  0.05  SignalTiming
1.68566  4.29067  350  10  0.75  0.05  SignalTiming
2.79624  4.19448  350  10  0.85  0.05  SignalTiming
5.4881  4.40644  350  10  0.95  0.05  SignalTiming
0.131471  0.129949  370  10  -0.95  0.05  SignalTiming
0.326962  0.139134  370  10  -0.85  0.05  SignalTiming
0.308103  0.151543  370  10  -0.75  0.05  SignalTiming
0.160507  0.118151  370  10  -0.65  0.05  SignalTiming
0.723901  0.104085  370  10  -0.55  0.05  SignalTiming
0.564693  0.106967  370  10  -0.45  0.05  SignalTiming
0.624796  0.117872  370  10  -0.35  0.05  SignalTiming
0.553859  0.140595  370  10  -0.25  0.05  SignalTiming
0.358988  0.178188  370  10  -0.15  0.05  SignalTiming
0.482997  0.234107  370  10  -0.05  0.05  SignalTiming
0.282997  0.313046  370  10  0.05  0.05  SignalTiming
1.33343  0.494292  370  10  0.15  0.05  SignalTiming
0.0918272  0.708936  370  10  0.25  0.05  SignalTiming
-0.206806  1.28114  370  10  0.35  0.05  SignalTiming
-1.00257  2.17337  370  10  0.45  0.05  SignalTiming
-0.574419  2.4526  370  10  0.55  0.05  SignalTiming
0.314627  5.05046  370  10  0.65  0.05  SignalTiming
-0.441056  3.27846  370  10  0.75  0.05  SignalTiming
6.10236  6.89237  370  10  0.85  0.05  SignalTiming
2.31722  6.39001  370  10  0.95  0.05  SignalTiming
0.198744  0.151333  390  10  -0.95  0.05  SignalTiming
0.350895  0.145277  390  10  -0.85  0.05  SignalTiming
0.497345  0.114778  390  10  -0.75  0.05  SignalTiming
0.49271  0.0836234  390  10  -0.65  0.05  SignalTiming
0.549724  0.0739791  390  10  -0.55  0.05  SignalTiming
0.449585  0.0745162  390  10  -0.45  0.05  SignalTiming
0.625339  0.0826658  390  10  -0.35  0.05  SignalTiming
0.614797  0.0975619  390  10  -0.25  0.05  SignalTiming
0.314304  0.122449  390  10  -0.15  0.05  SignalTiming
0.5794  0.160435  390  10  -0.05  0.05  SignalTiming
0.626416  0.217857  390  10  0.05  0.05  SignalTiming
0.769066  0.321374  390  10  0.15  0.05  SignalTiming
1.01405  0.515169  390  10  0.25  0.05  SignalTiming
0.0440888  0.850922  390  10  0.35  0.05  SignalTiming
0.71469  1.14623  390  10  0.45  0.05  SignalTiming
2.32868  2.72706  390  10  0.55  0.05  SignalTiming
-0.0398421  2.66456  390  10  0.65  0.05  SignalTiming
1.83916  2.53566  390  10  0.75  0.05  SignalTiming
-3.90773  4.73114  390  10  0.85  0.05  SignalTiming
-1.26386  6.14514  390  10  0.95  0.05  SignalTiming
0.353748  0.0958238  410  10  -0.95  0.05  SignalTiming
0.496304  0.0765282  410  10  -0.85  0.05  SignalTiming
0.632988  0.0467425  410  10  -0.75  0.05  SignalTiming
0.661281  0.0325043  410  10  -0.65  0.05  SignalTiming
0.683681  0.0285092  410  10  -0.55  0.05  SignalTiming
0.730491  0.0283032  410  10  -0.45  0.05  SignalTiming
0.643498  0.0310265  410  10  -0.35  0.05  SignalTiming
0.610698  0.0362017  410  10  -0.25  0.05  SignalTiming
0.653843  0.0452064  410  10  -0.15  0.05  SignalTiming
0.474596  0.0581423  410  10  -0.05  0.05  SignalTiming
0.557402  0.0780385  410  10  0.05  0.05  SignalTiming
0.466167  0.111672  410  10  0.15  0.05  SignalTiming
0.561409  0.164938  410  10  0.25  0.05  SignalTiming
0.706996  0.283547  410  10  0.35  0.05  SignalTiming
0.00521026  0.576218  410  10  0.45  0.05  SignalTiming
1.25061  1.23664  410  10  0.55  0.05  SignalTiming
1.75373  1.33102  410  10  0.65  0.05  SignalTiming
-1.20085  1.8589  410  10  0.75  0.05  SignalTiming
-3.63631  -8.42707  410  10  0.85  0.05  SignalTiming
1.52686  2.7612  410  10  0.95  0.05  SignalTiming
0.301548  0.090003  430  10  -0.95  0.05  SignalTiming
0.670335  0.0600278  430  10  -0.85  0.05  SignalTiming
0.660779  0.0330938  430  10  -0.75  0.05  SignalTiming
0.654231  0.0229824  430  10  -0.65  0.05  SignalTiming
0.706784  0.0198742  430  10  -0.55  0.05  SignalTiming
0.693541  0.0193634  430  10  -0.45  0.05  SignalTiming
0.67972  0.0205148  430  10  -0.35  0.05  SignalTiming
0.698408  0.0232151  430  10  -0.25  0.05  SignalTiming
0.645538  0.0281923  430  10  -0.15  0.05  SignalTiming
0.676928  0.0360739  430  10  -0.05  0.05  SignalTiming
0.569026  0.0484117  430  10  0.05  0.05  SignalTiming
0.665331  0.0684539  430  10  0.15  0.05  SignalTiming
0.415309  0.0998727  430  10  0.25  0.05  SignalTiming
0.423818  0.156869  430  10  0.35  0.05  SignalTiming
0.319841  0.275329  430  10  0.45  0.05  SignalTiming
1.03357  0.536964  430  10  0.55  0.05  SignalTiming
1.06947  1.2451  430  10  0.65  0.05  SignalTiming
-1.75304  1.5648  430  10  0.75  0.05  SignalTiming
2.3447  1.98692  430  10  0.85  0.05  SignalTiming
-0.695868  2.41643  430  10  0.95  0.05  SignalTiming
0.238236  0.0827311  450  10  -0.95  0.05  SignalTiming
0.508624  0.0501784  450  10  -0.85  0.05  SignalTiming
0.725511  0.0256218  450  10  -0.75  0.05  SignalTiming
0.716125  0.0180724  450  10  -0.65  0.05  SignalTiming
0.705276  0.0155459  450  10  -0.55  0.05  SignalTiming
0.717988  0.0147539  450  10  -0.45  0.05  SignalTiming
0.666234  0.0148614  450  10  -0.35  0.05  SignalTiming
0.699431  0.0160613  450  10  -0.25  0.05  SignalTiming
0.700221  0.0184418  450  10  -0.15  0.05  SignalTiming
0.635486  0.0230032  450  10  -0.05  0.05  SignalTiming
0.63532  0.0302173  450  10  0.05  0.05  SignalTiming
0.673213  0.0427347  450  10  0.15  0.05  SignalTiming
0.569429  0.0621593  450  10  0.25  0.05  SignalTiming
0.473248  0.0958945  450  10  0.35  0.05  SignalTiming
0.466924  0.167889  450  10  0.45  0.05  SignalTiming
0.252284  0.285956  450  10  0.55  0.05  SignalTiming
-1.05748  0.589556  450  10  0.65  0.05  SignalTiming
0.793825  1.04686  450  10  0.75  0.05  SignalTiming
-0.140466  2.39723  450  10  0.85  0.05  SignalTiming
1.19842  1.81126  450  10  0.95  0.05  SignalTiming
0.522078  0.0817575  470  10  -0.95  0.05  SignalTiming
0.6219  0.0439335  470  10  -0.85  0.05  SignalTiming
0.759793  0.0219802  470  10  -0.75  0.05  SignalTiming
0.741953  0.0157662  470  10  -0.65  0.05  SignalTiming
0.731316  0.0134001  470  10  -0.55  0.05  SignalTiming
0.732857  0.012617  470  10  -0.45  0.05  SignalTiming
0.701245  0.0123918  470  10  -0.35  0.05  SignalTiming
0.718386  0.0127074  470  10  -0.25  0.05  SignalTiming
0.668197  0.0139466  470  10  -0.15  0.05  SignalTiming
0.652322  0.0163861  470  10  -0.05  0.05  SignalTiming
0.640864  0.0208653  470  10  0.05  0.05  SignalTiming
0.610306  0.0284533  470  10  0.15  0.05  SignalTiming
0.459051  0.0419917  470  10  0.25  0.05  SignalTiming
0.550225  0.0660327  470  10  0.35  0.05  SignalTiming
0.591142  0.106302  470  10  0.45  0.05  SignalTiming
0.413365  0.183028  470  10  0.55  0.05  SignalTiming
0.165413  0.471303  470  10  0.65  0.05  SignalTiming
-0.291883  0.934414  470  10  0.75  0.05  SignalTiming
-1.24814  1.45399  470  10  0.85  0.05  SignalTiming
-0.496918  1.19544  470  10  0.95  0.05  SignalTiming
0.752069  0.0947512  490  10  -0.95  0.05  SignalTiming
0.692245  0.0460596  490  10  -0.85  0.05  SignalTiming
0.736273  0.0232101  490  10  -0.75  0.05  SignalTiming
0.771258  0.0166122  490  10  -0.65  0.05  SignalTiming
0.757663  0.0141673  490  10  -0.55  0.05  SignalTiming
0.729789  0.0131893  490  10  -0.45  0.05  SignalTiming
0.747102  0.0127047  490  10  -0.35  0.05  SignalTiming
0.70832  0.0127799  490  10  -0.25  0.05  SignalTiming
0.690809  0.0134861  490  10  -0.15  0.05  SignalTiming
0.664067  0.0150181  490  10  -0.05  0.05  SignalTiming
0.639941  0.0183708  490  10  0.05  0.05  SignalTiming
0.578685  0.0242582  490  10  0.15  0.05  SignalTiming
0.572021  0.0360167  490  10  0.25  0.05  SignalTiming
0.564412  0.055694  490  10  0.35  0.05  SignalTiming
0.464143  0.0903471  490  10  0.45  0.05  SignalTiming
0.166481  0.166558  490  10  0.55  0.05  SignalTiming
-0.247556  0.313391  490  10  0.65  0.05  SignalTiming
-0.72992  0.778118  490  10  0.75  0.05  SignalTiming
2.69602  1.83155  490  10  0.85  0.05  SignalTiming
-1.0254  1.07488  490  10  0.95  0.05  SignalTiming
0.752639  0.0909064  510  10  -0.95  0.05  SignalTiming
0.717733  0.0391472  510  10  -0.85  0.05  SignalTiming
0.775071  0.0192071  510  10  -0.75  0.05  SignalTiming
0.762541  0.0138055  510  10  -0.65  0.05  SignalTiming
0.764695  0.0117804  510  10  -0.55  0.05  SignalTiming
0.759054  0.0108568  510  10  -0.45  0.05  SignalTiming
0.733824  0.0104312  510  10  -0.35  0.05  SignalTiming
0.690171  0.0103551  510  10  -0.25  0.05  SignalTiming
0.677942  0.0105982  510  10  -0.15  0.05  SignalTiming
0.657889  0.0114314  510  10  -0.05  0.05  SignalTiming
0.664645  0.0132748  510  10  0.05  0.05  SignalTiming
0.611438  0.0168739  510  10  0.15  0.05  SignalTiming
0.549089  0.0241574  510  10  0.25  0.05  SignalTiming
0.497433  0.037401  510  10  0.35  0.05  SignalTiming
0.433674  0.0616275  510  10  0.45  0.05  SignalTiming
0.46258  0.104008  510  10  0.55  0.05  SignalTiming
0.192653  0.222559  510  10  0.65  0.05  SignalTiming
-0.307274  0.544735  510  10  0.75  0.05  SignalTiming
1.41008  0.730302  510  10  0.85  0.05  SignalTiming
1.03883  0.915516  510  10  0.95  0.05  SignalTiming
0.86029  0.0947885  530  10  -0.95  0.05  SignalTiming
0.734216  0.0414499  530  10  -0.85  0.05  SignalTiming
0.759188  0.0206693  530  10  -0.75  0.05  SignalTiming
0.802114  0.0146716  530  10  -0.65  0.05  SignalTiming
0.770338  0.0125649  530  10  -0.55  0.05  SignalTiming
0.764226  0.0115019  530  10  -0.45  0.05  SignalTiming
0.743559  0.0110216  530  10  -0.35  0.05  SignalTiming
0.727619  0.0108347  530  10  -0.25  0.05  SignalTiming
0.675815  0.0108552  530  10  -0.15  0.05  SignalTiming
0.672779  0.0115262  530  10  -0.05  0.05  SignalTiming
0.623201  0.0126741  530  10  0.05  0.05  SignalTiming
0.574705  0.0154667  530  10  0.15  0.05  SignalTiming
0.556663  0.0209  530  10  0.25  0.05  SignalTiming
0.568768  0.0328006  530  10  0.35  0.05  SignalTiming
0.475344  0.0541551  530  10  0.45  0.05  SignalTiming
0.335048  0.0894291  530  10  0.55  0.05  SignalTiming
0.395887  0.183144  530  10  0.65  0.05  SignalTiming
0.928013  0.468849  530  10  0.75  0.05  SignalTiming
-0.157307  0.680885  530  10  0.85  0.05  SignalTiming
0.0393814  0.771694  530  10  0.95  0.05  SignalTiming
0.609035  0.112492  550  10  -0.95  0.05  SignalTiming
0.774259  0.0465087  550  10  -0.85  0.05  SignalTiming
0.741417  0.0226852  550  10  -0.75  0.05  SignalTiming
0.781349  0.0162736  550  10  -0.65  0.05  SignalTiming
0.799247  0.0138789  550  10  -0.55  0.05  SignalTiming
0.746498  0.012729  550  10  -0.45  0.05  SignalTiming
0.739103  0.012171  550  10  -0.35  0.05  SignalTiming
0.711114  0.0118464  550  10  -0.25  0.05  SignalTiming
0.707377  0.0119159  550  10  -0.15  0.05  SignalTiming
0.670675  0.0123754  550  10  -0.05  0.05  SignalTiming
0.626921  0.0134915  550  10  0.05  0.05  SignalTiming
0.581837  0.0158563  550  10  0.15  0.05  SignalTiming
0.57821  0.0208022  550  10  0.25  0.05  SignalTiming
0.51262  0.0312472  550  10  0.35  0.05  SignalTiming
0.306436  0.0527932  550  10  0.45  0.05  SignalTiming
0.268178  0.0895781  550  10  0.55  0.05  SignalTiming
0.140511  0.173595  550  10  0.65  0.05  SignalTiming
0.122745  0.39901  550  10  0.75  0.05  SignalTiming
1.25689  1.35785  550  10  0.85  0.05  SignalTiming
-0.871782  1.03272  550  10  0.95  0.05  SignalTiming
0.635647  0.0855172  570  10  -0.95  0.05  SignalTiming
0.688613  0.0361331  570  10  -0.85  0.05  SignalTiming
0.739926  0.0176173  570  10  -0.75  0.05  SignalTiming
0.789597  0.0127224  570  10  -0.65  0.05  SignalTiming
0.763053  0.0108592  570  10  -0.55  0.05  SignalTiming
0.76763  0.00991093  570  10  -0.45  0.05  SignalTiming
0.749698  0.00945961  570  10  -0.35  0.05  SignalTiming
0.739022  0.00921775  570  10  -0.25  0.05  SignalTiming
0.706075  0.0092419  570  10  -0.15  0.05  SignalTiming
0.670596  0.00950083  570  10  -0.05  0.05  SignalTiming
0.640334  0.0100488  570  10  0.05  0.05  SignalTiming
0.589749  0.0114824  570  10  0.15  0.05  SignalTiming
0.539009  0.0141781  570  10  0.25  0.05  SignalTiming
0.512454  0.0202073  570  10  0.35  0.05  SignalTiming
0.37357  0.0335045  570  10  0.45  0.05  SignalTiming
0.313041  0.0609829  570  10  0.55  0.05  SignalTiming
0.267364  0.114651  570  10  0.65  0.05  SignalTiming
-0.486544  0.301847  570  10  0.75  0.05  SignalTiming
-0.633812  1.07232  570  10  0.85  0.05  SignalTiming
0.26409  0.855136  570  10  0.95  0.05  SignalTiming
0.366869  0.0643417  590  10  -0.95  0.05  SignalTiming
0.625181  0.0307877  590  10  -0.85  0.05  SignalTiming
0.743737  0.01507  590  10  -0.75  0.05  SignalTiming
0.797498  0.0106515  590  10  -0.65  0.05  SignalTiming
0.774859  0.00911364  590  10  -0.55  0.05  SignalTiming
0.768395  0.00836134  590  10  -0.45  0.05  SignalTiming
0.753191  0.00794672  590  10  -0.35  0.05  SignalTiming
0.749753  0.00771629  590  10  -0.25  0.05  SignalTiming
0.710661  0.00775885  590  10  -0.15  0.05  SignalTiming
0.696281  0.00795477  590  10  -0.05  0.05  SignalTiming
0.661031  0.00838783  590  10  0.05  0.05  SignalTiming
0.613882  0.00926075  590  10  0.15  0.05  SignalTiming
0.565721  0.0110469  590  10  0.25  0.05  SignalTiming
0.490021  0.0149689  590  10  0.35  0.05  SignalTiming
0.380648  0.0244881  590  10  0.45  0.05  SignalTiming
0.29461  0.0448789  590  10  0.55  0.05  SignalTiming
0.142291  0.0891084  590  10  0.65  0.05  SignalTiming
0.327263  0.19523  590  10  0.75  0.05  SignalTiming
-0.42844  0.568648  590  10  0.85  0.05  SignalTiming
0.731577  0.604393  590  10  0.95  0.05  SignalTiming
0.359893  0.0608827  610  10  -0.95  0.05  SignalTiming
0.589381  0.0314687  610  10  -0.85  0.05  SignalTiming
0.726179  0.0159285  610  10  -0.75  0.05  SignalTiming
0.787297  0.0113113  610  10  -0.65  0.05  SignalTiming
0.782779  0.00973572  610  10  -0.55  0.05  SignalTiming
0.786583  0.00882549  610  10  -0.45  0.05  SignalTiming
0.785992  0.00835971  610  10  -0.35  0.05  SignalTiming
0.766609  0.00817979  610  10  -0.25  0.05  SignalTiming
0.754541  0.00814923  610  10  -0.15  0.05  SignalTiming
0.733364  0.00838608  610  10  -0.05  0.05  SignalTiming
0.698822  0.00879098  610  10  0.05  0.05  SignalTiming
0.650226  0.00955453  610  10  0.15  0.05  SignalTiming
0.602489  0.011074  610  10  0.25  0.05  SignalTiming
0.516865  0.0145326  610  10  0.35  0.05  SignalTiming
0.484024  0.0224518  610  10  0.45  0.05  SignalTiming
0.342628  0.0414322  610  10  0.55  0.05  SignalTiming
0.0845233  0.081951  610  10  0.65  0.05  SignalTiming
0.243043  0.179407  610  10  0.75  0.05  SignalTiming
0.26228  0.496433  610  10  0.85  0.05  SignalTiming
1.38098  0.768647  610  10  0.95  0.05  SignalTiming
0.335176  0.112872  630  10  -0.95  0.05  SignalTiming
0.540641  0.0623082  630  10  -0.85  0.05  SignalTiming
0.708099  0.031266  630  10  -0.75  0.05  SignalTiming
0.842227  0.0221052  630  10  -0.65  0.05  SignalTiming
0.796216  0.0187821  630  10  -0.55  0.05  SignalTiming
0.818311  0.0173124  630  10  -0.45  0.05  SignalTiming
0.851007  0.0163255  630  10  -0.35  0.05  SignalTiming
0.816576  0.0159277  630  10  -0.25  0.05  SignalTiming
0.804103  0.0160872  630  10  -0.15  0.05  SignalTiming
0.771514  0.0163693  630  10  -0.05  0.05  SignalTiming
0.746895  0.017023  630  10  0.05  0.05  SignalTiming
0.717451  0.0181488  630  10  0.15  0.05  SignalTiming
0.650021  0.0208787  630  10  0.25  0.05  SignalTiming
0.61376  0.0260777  630  10  0.35  0.05  SignalTiming
0.548663  0.0394224  630  10  0.45  0.05  SignalTiming
0.285035  0.0739872  630  10  0.55  0.05  SignalTiming
0.166862  0.154671  630  10  0.65  0.05  SignalTiming
-0.612693  0.30529  630  10  0.75  0.05  SignalTiming
0.263485  0.626825  630  10  0.85  0.05  SignalTiming
-1.57715  1.0266  630  10  0.95  0.05  SignalTiming
0.146873  0.274694  650  10  -0.95  0.05  SignalTiming
0.787482  0.156728  650  10  -0.85  0.05  SignalTiming
0.761813  0.0852781  650  10  -0.75  0.05  SignalTiming
0.690391  0.061398  650  10  -0.65  0.05  SignalTiming
0.665557  0.0523104  650  10  -0.55  0.05  SignalTiming
0.720833  0.0477049  650  10  -0.45  0.05  SignalTiming
0.753937  0.0446932  650  10  -0.35  0.05  SignalTiming
0.70823  0.0441701  650  10  -0.25  0.05  SignalTiming
0.767748  0.0437871  650  10  -0.15  0.05  SignalTiming
0.678313  0.0442425  650  10  -0.05  0.05  SignalTiming
0.762361  0.0460453  650  10  0.05  0.05  SignalTiming
0.614013  0.0492866  650  10  0.15  0.05  SignalTiming
0.56994  0.0554534  650  10  0.25  0.05  SignalTiming
0.651544  0.0667492  650  10  0.35  0.05  SignalTiming
0.783781  0.0946485  650  10  0.45  0.05  SignalTiming
0.375243  0.174302  650  10  0.55  0.05  SignalTiming
0.183114  0.388881  650  10  0.65  0.05  SignalTiming
0.734101  0.896873  650  10  0.75  0.05  SignalTiming
-1.46149  3.80304  650  10  0.85  0.05  SignalTiming
10.5526  7.23247  650  10  0.95  0.05  SignalTiming
-0.258104  0.880366  670  10  -0.95  0.05  SignalTiming
0.0974285  0.575318  670  10  -0.85  0.05  SignalTiming
0.100191  0.301933  670  10  -0.75  0.05  SignalTiming
0.54256  0.219466  670  10  -0.65  0.05  SignalTiming
0.557303  0.182595  670  10  -0.55  0.05  SignalTiming
0.741538  0.169734  670  10  -0.45  0.05  SignalTiming
0.837023  0.1581  670  10  -0.35  0.05  SignalTiming
0.681235  0.155868  670  10  -0.25  0.05  SignalTiming
0.512036  0.154974  670  10  -0.15  0.05  SignalTiming
0.614176  0.155495  670  10  -0.05  0.05  SignalTiming
0.560702  0.160651  670  10  0.05  0.05  SignalTiming
0.687097  0.171814  670  10  0.15  0.05  SignalTiming
0.583277  0.186113  670  10  0.25  0.05  SignalTiming
0.787674  0.218932  670  10  0.35  0.05  SignalTiming
0.905218  0.296462  670  10  0.45  0.05  SignalTiming
0.0271649  0.521569  670  10  0.55  0.05  SignalTiming
1.96716  1.20206  670  10  0.65  0.05  SignalTiming
1.78847  2.93953  670  10  0.75  0.05  SignalTiming
-5.03744  7.29016  670  10  0.85  0.05  SignalTiming
-3.61335  5.56925  670  10  0.95  0.05  SignalTiming
-2.3557  0.781255  690  10  -0.95  0.05  SignalTiming
0.186111  0.531646  690  10  -0.85  0.05  SignalTiming
0.495035  0.284309  690  10  -0.75  0.05  SignalTiming
0.441378  0.203818  690  10  -0.65  0.05  SignalTiming
0.718663  0.17382  690  10  -0.55  0.05  SignalTiming
0.55966  0.160554  690  10  -0.45  0.05  SignalTiming
0.590708  0.151781  690  10  -0.35  0.05  SignalTiming
0.789767  0.146798  690  10  -0.25  0.05  SignalTiming
0.708966  0.143829  690  10  -0.15  0.05  SignalTiming
0.82357  0.145198  690  10  -0.05  0.05  SignalTiming
0.800217  0.149817  690  10  0.05  0.05  SignalTiming
0.778405  0.159097  690  10  0.15  0.05  SignalTiming
0.789052  0.171068  690  10  0.25  0.05  SignalTiming
0.705427  0.197026  690  10  0.35  0.05  SignalTiming
0.702619  0.255111  690  10  0.45  0.05  SignalTiming
0.812624  0.427908  690  10  0.55  0.05  SignalTiming
-1.90813  1.02698  690  10  0.65  0.05  SignalTiming
-2.90735  2.45072  690  10  0.75  0.05  SignalTiming
-3.14363  5.15375  690  10  0.85  0.05  SignalTiming
0.534221  7.0079  690  10  0.95  0.05  SignalTiming
0.20535  0.805164  710  10  -0.95  0.05  SignalTiming
0.67264  0.616652  710  10  -0.85  0.05  SignalTiming
0.502425  0.317399  710  10  -0.75  0.05  SignalTiming
0.839014  0.227993  710  10  -0.65  0.05  SignalTiming
0.419602  0.196567  710  10  -0.55  0.05  SignalTiming
0.831496  0.18037  710  10  -0.45  0.05  SignalTiming
0.286412  0.173194  710  10  -0.35  0.05  SignalTiming
0.929301  0.165388  710  10  -0.25  0.05  SignalTiming
0.757357  0.163577  710  10  -0.15  0.05  SignalTiming
0.752129  0.16588  710  10  -0.05  0.05  SignalTiming
0.944285  0.168648  710  10  0.05  0.05  SignalTiming
1.02537  0.176391  710  10  0.15  0.05  SignalTiming
1.09235  0.1904  710  10  0.25  0.05  SignalTiming
0.458476  0.212049  710  10  0.35  0.05  SignalTiming
0.758645  0.262534  710  10  0.45  0.05  SignalTiming
0.178266  0.404608  710  10  0.55  0.05  SignalTiming
0.536276  0.981008  710  10  0.65  0.05  SignalTiming
-0.66746  2.68305  710  10  0.75  0.05  SignalTiming
-3.32004  5.75115  710  10  0.85  0.05  SignalTiming
-14.4543  17.5315  710  10  0.95  0.05  SignalTiming
