0.702183  0.136493  410  10  -0.95  0.05  Random
1.01703  0.0912738  410  10  -0.85  0.05  Random
1.10892  0.0520569  410  10  -0.75  0.05  Random
1.17184  0.0372161  410  10  -0.65  0.05  Random
1.20257  0.0317264  410  10  -0.55  0.05  Random
1.11173  0.030412  410  10  -0.45  0.05  Random
1.05002  0.0307118  410  10  -0.35  0.05  Random
1.03981  0.0325064  410  10  -0.25  0.05  Random
1.00902  0.0358406  410  10  -0.15  0.05  Random
0.987079  0.0412106  410  10  -0.05  0.05  Random
0.8941  0.0481015  410  10  0.05  0.05  Random
0.723618  0.0582387  410  10  0.15  0.05  Random
0.577035  0.0701962  410  10  0.25  0.05  Random
0.472396  0.0829385  410  10  0.35  0.05  Random
0.242661  0.101306  410  10  0.45  0.05  Random
0.14088  0.158799  410  10  0.55  0.05  Random
-0.0400629  0.15876  410  10  0.65  0.05  Random
-0.722849  0.601579  410  10  0.75  0.05  Random
0.273148  0.408152  410  10  0.85  0.05  Random
0.0338244  0.445816  410  10  0.95  0.05  Random
0.550172  0.120736  430  10  -0.95  0.05  Random
0.960561  0.077429  430  10  -0.85  0.05  Random
1.01272  0.0428254  430  10  -0.75  0.05  Random
1.11261  0.0302555  430  10  -0.65  0.05  Random
1.07516  0.0258165  430  10  -0.55  0.05  Random
1.05623  0.0244542  430  10  -0.45  0.05  Random
1.0125  0.0246588  430  10  -0.35  0.05  Random
0.931103  0.0259985  430  10  -0.25  0.05  Random
0.955288  0.0282056  430  10  -0.15  0.05  Random
0.855059  0.0323664  430  10  -0.05  0.05  Random
0.86825  0.0378359  430  10  0.05  0.05  Random
0.734528  0.0455099  430  10  0.15  0.05  Random
0.637084  0.0559194  430  10  0.25  0.05  Random
0.435715  0.0685874  430  10  0.35  0.05  Random
0.341627  0.0818283  430  10  0.45  0.05  Random
0.229782  0.0984389  430  10  0.55  0.05  Random
0.132525  0.141934  430  10  0.65  0.05  Random
0  -nan  430  10  0.75  0.05  Random
-0.322739  0.512711  430  10  0.85  0.05  Random
0.399651  0.524929  430  10  0.95  0.05  Random
0.551156  0.105034  450  10  -0.95  0.05  Random
0.843331  0.0647612  450  10  -0.85  0.05  Random
0.963933  0.0340082  450  10  -0.75  0.05  Random
0.968949  0.0238292  450  10  -0.65  0.05  Random
1.00704  0.0202616  450  10  -0.55  0.05  Random
0.959429  0.0190871  450  10  -0.45  0.05  Random
0.932293  0.0190621  450  10  -0.35  0.05  Random
0.904992  0.0199083  450  10  -0.25  0.05  Random
0.858321  0.0215057  450  10  -0.15  0.05  Random
0.835327  0.0241357  450  10  -0.05  0.05  Random
0.864838  0.0280303  450  10  0.05  0.05  Random
0.725754  0.0342984  450  10  0.15  0.05  Random
0.620608  0.0422349  450  10  0.25  0.05  Random
0.350322  0.0526524  450  10  0.35  0.05  Random
0.300645  0.0653476  450  10  0.45  0.05  Random
0.0724931  0.0795326  450  10  0.55  0.05  Random
0.0630231  0.0947289  450  10  0.65  0.05  Random
0.0831746  0.256702  450  10  0.75  0.05  Random
-0.0215935  0.17639  450  10  0.85  0.05  Random
-0.172448  0.283791  450  10  0.95  0.05  Random
0.450652  0.0940068  470  10  -0.95  0.05  Random
0.861135  0.0542928  470  10  -0.85  0.05  Random
0.946989  0.0282155  470  10  -0.75  0.05  Random
0.949988  0.0195731  470  10  -0.65  0.05  Random
0.904935  0.0167635  470  10  -0.55  0.05  Random
0.912087  0.0156927  470  10  -0.45  0.05  Random
0.850109  0.0155087  470  10  -0.35  0.05  Random
0.836964  0.0159175  470  10  -0.25  0.05  Random
0.811933  0.0170619  470  10  -0.15  0.05  Random
0.766944  0.0190215  470  10  -0.05  0.05  Random
0.738401  0.0220054  470  10  0.05  0.05  Random
0.653166  0.0266495  470  10  0.15  0.05  Random
0.548177  0.0336169  470  10  0.25  0.05  Random
0.490341  0.0423747  470  10  0.35  0.05  Random
0.359358  0.0527831  470  10  0.45  0.05  Random
0.0903948  0.0652683  470  10  0.55  0.05  Random
-0.0518762  0.0797342  470  10  0.65  0.05  Random
-0.132586  0.113262  470  10  0.75  0.05  Random
-0.670715  0.343076  470  10  0.85  0.05  Random
0.000547989  0.212156  470  10  0.95  0.05  Random
0.393963  0.0992406  490  10  -0.95  0.05  Random
0.670883  0.0564577  490  10  -0.85  0.05  Random
0.863853  0.0289466  490  10  -0.75  0.05  Random
0.843772  0.0201442  490  10  -0.65  0.05  Random
0.852684  0.0171432  490  10  -0.55  0.05  Random
0.806727  0.0158415  490  10  -0.45  0.05  Random
0.809279  0.0155273  490  10  -0.35  0.05  Random
0.775721  0.0157375  490  10  -0.25  0.05  Random
0.791678  0.016613  490  10  -0.15  0.05  Random
0.779912  0.0183424  490  10  -0.05  0.05  Random
0.683104  0.0210397  490  10  0.05  0.05  Random
0.6702  0.0251189  490  10  0.15  0.05  Random
0.541624  0.031759  490  10  0.25  0.05  Random
0.384364  0.0410035  490  10  0.35  0.05  Random
0.339133  0.0528859  490  10  0.45  0.05  Random
0.160465  0.0661119  490  10  0.55  0.05  Random
0.128562  0.0815302  490  10  0.65  0.05  Random
-0.290527  0.322943  490  10  0.75  0.05  Random
0  -nan  490  10  0.85  0.05  Random
0  -nan  490  10  0.95  0.05  Random
0.536737  0.0816813  510  10  -0.95  0.05  Random
0.609889  0.0454098  510  10  -0.85  0.05  Random
0.752595  0.023603  510  10  -0.75  0.05  Random
0.778324  0.0164865  510  10  -0.65  0.05  Random
0.777721  0.0138967  510  10  -0.55  0.05  Random
0.792144  0.0128079  510  10  -0.45  0.05  Random
0.764976  0.0123403  510  10  -0.35  0.05  Random
0.746895  0.0123658  510  10  -0.25  0.05  Random
0.764372  0.0128889  510  10  -0.15  0.05  Random
0.723923  0.013886  510  10  -0.05  0.05  Random
0.691181  0.0157589  510  10  0.05  0.05  Random
0.654948  0.0187484  510  10  0.15  0.05  Random
0.604399  0.0235751  510  10  0.25  0.05  Random
0.440832  0.0309557  510  10  0.35  0.05  Random
0.269008  0.0406412  510  10  0.45  0.05  Random
0.22677  0.0514577  510  10  0.55  0.05  Random
0.22033  0.0727433  510  10  0.65  0.05  Random
-0.138769  0.0917357  510  10  0.75  0.05  Random
0.130282  0.165784  510  10  0.85  0.05  Random
-0.102197  0.17356  510  10  0.95  0.05  Random
0.264994  0.0824197  530  10  -0.95  0.05  Random
0.521165  0.0478078  530  10  -0.85  0.05  Random
0.692236  0.0251248  530  10  -0.75  0.05  Random
0.725901  0.0175456  530  10  -0.65  0.05  Random
0.73773  0.0146854  530  10  -0.55  0.05  Random
0.721032  0.0134314  530  10  -0.45  0.05  Random
0.708373  0.0127971  530  10  -0.35  0.05  Random
0.697095  0.0127234  530  10  -0.25  0.05  Random
0.700888  0.0129868  530  10  -0.15  0.05  Random
0.654683  0.0138758  530  10  -0.05  0.05  Random
0.628894  0.0154708  530  10  0.05  0.05  Random
0.627407  0.0181901  530  10  0.15  0.05  Random
0.509194  0.0226383  530  10  0.25  0.05  Random
0.434385  0.0296074  530  10  0.35  0.05  Random
0.246724  0.0404648  530  10  0.45  0.05  Random
0.20355  0.0512002  530  10  0.55  0.05  Random
0.0568767  0.064383  530  10  0.65  0.05  Random
-0.034454  0.0800202  530  10  0.75  0.05  Random
-7.85117  2471.49  530  10  0.85  0.05  Random
0.397948  0.200888  530  10  0.95  0.05  Random
0.211939  0.0873701  550  10  -0.95  0.05  Random
0.482146  0.0504016  550  10  -0.85  0.05  Random
0.625437  0.028243  550  10  -0.75  0.05  Random
0.683762  0.0196635  550  10  -0.65  0.05  Random
0.688354  0.016445  550  10  -0.55  0.05  Random
0.660017  0.0148627  550  10  -0.45  0.05  Random
0.687853  0.0140477  550  10  -0.35  0.05  Random
0.662353  0.0137052  550  10  -0.25  0.05  Random
0.637602  0.0138939  550  10  -0.15  0.05  Random
0.620209  0.014679  550  10  -0.05  0.05  Random
0.623383  0.0161482  550  10  0.05  0.05  Random
0.558998  0.0186557  550  10  0.15  0.05  Random
0.515089  0.0231523  550  10  0.25  0.05  Random
0.415613  0.030724  550  10  0.35  0.05  Random
0.204817  0.0419506  550  10  0.45  0.05  Random
0.319323  0.0547664  550  10  0.55  0.05  Random
0.0732778  0.0706045  550  10  0.65  0.05  Random
-0.115094  0.101508  550  10  0.75  0.05  Random
0  -nan  550  10  0.85  0.05  Random
-0.103081  0.320994  550  10  0.95  0.05  Random
0.0980771  0.0651993  570  10  -0.95  0.05  Random
0.29726  0.0415047  570  10  -0.85  0.05  Random
0.5121  0.0230202  570  10  -0.75  0.05  Random
0.573789  0.0161554  570  10  -0.65  0.05  Random
0.592268  0.0134066  570  10  -0.55  0.05  Random
0.582173  0.0122168  570  10  -0.45  0.05  Random
0.598438  0.0113824  570  10  -0.35  0.05  Random
0.592573  0.0110147  570  10  -0.25  0.05  Random
0.604299  0.0109766  570  10  -0.15  0.05  Random
0.585264  0.0114016  570  10  -0.05  0.05  Random
0.572815  0.012182  570  10  0.05  0.05  Random
0.540616  0.0139449  570  10  0.15  0.05  Random
0.475068  0.0169824  570  10  0.25  0.05  Random
0.403525  0.022218  570  10  0.35  0.05  Random
0.270601  0.0311182  570  10  0.45  0.05  Random
0.0980984  0.0423405  570  10  0.55  0.05  Random
0.135875  0.053713  570  10  0.65  0.05  Random
-0.0156494  0.0703507  570  10  0.75  0.05  Random
-0.00240821  72.8008  570  10  0.85  0.05  Random
0.272347  0.182946  570  10  0.95  0.05  Random
0.268548  0.0554711  590  10  -0.95  0.05  Random
0.198153  0.0348728  590  10  -0.85  0.05  Random
0.377038  0.0205621  590  10  -0.75  0.05  Random
0.436714  0.01458  590  10  -0.65  0.05  Random
0.517046  0.0120467  590  10  -0.55  0.05  Random
0.533353  0.0107253  590  10  -0.45  0.05  Random
0.548211  0.00999353  590  10  -0.35  0.05  Random
0.551931  0.0095773  590  10  -0.25  0.05  Random
0.543223  0.00952744  590  10  -0.15  0.05  Random
0.544882  0.00965372  590  10  -0.05  0.05  Random
0.519145  0.010336  590  10  0.05  0.05  Random
0.504466  0.0114505  590  10  0.15  0.05  Random
0.431849  0.0138312  590  10  0.25  0.05  Random
0.344548  0.0180616  590  10  0.35  0.05  Random
0.232748  0.0250965  590  10  0.45  0.05  Random
0.174163  0.0348861  590  10  0.55  0.05  Random
0.197024  0.0458707  590  10  0.65  0.05  Random
-0.056863  0.0600125  590  10  0.75  0.05  Random
0.091848  0.109171  590  10  0.85  0.05  Random
0.441604  0.205013  590  10  0.95  0.05  Random
0.158668  0.0583049  610  10  -0.95  0.05  Random
0.19362  0.0376073  610  10  -0.85  0.05  Random
0.287373  0.0231565  610  10  -0.75  0.05  Random
0.349744  0.0165926  610  10  -0.65  0.05  Random
0.421448  0.0136721  610  10  -0.55  0.05  Random
0.443253  0.0123239  610  10  -0.45  0.05  Random
0.456992  0.0114165  610  10  -0.35  0.05  Random
0.480336  0.0108593  610  10  -0.25  0.05  Random
0.487583  0.010593  610  10  -0.15  0.05  Random
0.510345  0.0106258  610  10  -0.05  0.05  Random
0.475592  0.0111894  610  10  0.05  0.05  Random
0.426857  0.0124163  610  10  0.15  0.05  Random
0.405251  0.0144763  610  10  0.25  0.05  Random
0.343178  0.0185348  610  10  0.35  0.05  Random
0.214591  0.0259483  610  10  0.45  0.05  Random
0.0883704  0.0365115  610  10  0.55  0.05  Random
0.0738959  0.0476121  610  10  0.65  0.05  Random
-0.0710522  0.0637619  610  10  0.75  0.05  Random
-0.189211  0.103163  610  10  0.85  0.05  Random
0  -nan  610  10  0.95  0.05  Random
0.0063827  0.108963  630  10  -0.95  0.05  Random
0.161282  0.0730474  630  10  -0.85  0.05  Random
0.32476  0.0450987  630  10  -0.75  0.05  Random
0.370139  0.0324523  630  10  -0.65  0.05  Random
0.430849  0.0268635  630  10  -0.55  0.05  Random
0.461321  0.0242776  630  10  -0.45  0.05  Random
0.505062  0.0221493  630  10  -0.35  0.05  Random
0.533227  0.0210492  630  10  -0.25  0.05  Random
0.524045  0.0205069  630  10  -0.15  0.05  Random
0.604248  0.0204282  630  10  -0.05  0.05  Random
0.518316  0.0213319  630  10  0.05  0.05  Random
0.507371  0.0233231  630  10  0.15  0.05  Random
0.431883  0.0271482  630  10  0.25  0.05  Random
0.31031  0.0342745  630  10  0.35  0.05  Random
0.190779  0.0480168  630  10  0.45  0.05  Random
0.0506788  0.0671172  630  10  0.55  0.05  Random
0.149643  0.0898978  630  10  0.65  0.05  Random
-0.193554  0.117539  630  10  0.75  0.05  Random
0  -nan  630  10  0.85  0.05  Random
-0.471972  0.321275  630  10  0.95  0.05  Random
0.822161  0.265283  650  10  -0.95  0.05  Random
0.668375  0.175665  650  10  -0.85  0.05  Random
0.54338  0.115686  650  10  -0.75  0.05  Random
0.528874  0.0807768  650  10  -0.65  0.05  Random
0.800356  0.0661535  650  10  -0.55  0.05  Random
0.892418  0.0604163  650  10  -0.45  0.05  Random
1.02692  0.0554452  650  10  -0.35  0.05  Random
1.13515  0.051917  650  10  -0.25  0.05  Random
1.03653  0.0508041  650  10  -0.15  0.05  Random
1.11789  0.0504026  650  10  -0.05  0.05  Random
1.15188  0.0521778  650  10  0.05  0.05  Random
1.1165  0.0561476  650  10  0.15  0.05  Random
0.948105  0.0640959  650  10  0.25  0.05  Random
0.792095  0.0803261  650  10  0.35  0.05  Random
0.463224  0.11007  650  10  0.45  0.05  Random
-0.129792  0.155089  650  10  0.55  0.05  Random
-0.0838536  0.203034  650  10  0.65  0.05  Random
0.597646  0.272957  650  10  0.75  0.05  Random
-1.16826  0.508044  650  10  0.85  0.05  Random
0  -nan  650  10  0.95  0.05  Random
0.278478  1.00735  670  10  -0.95  0.05  Random
0.332558  0.683904  670  10  -0.85  0.05  Random
1.60478  0.441947  670  10  -0.75  0.05  Random
1.43223  0.311295  670  10  -0.65  0.05  Random
2.07718  0.26843  670  10  -0.55  0.05  Random
2.28582  0.241863  670  10  -0.45  0.05  Random
3.04933  0.223664  670  10  -0.35  0.05  Random
2.98511  0.212564  670  10  -0.25  0.05  Random
3.03158  0.204462  670  10  -0.15  0.05  Random
3.20848  0.199364  670  10  -0.05  0.05  Random
3.41408  0.205774  670  10  0.05  0.05  Random
2.69219  0.216873  670  10  0.15  0.05  Random
2.51131  0.246766  670  10  0.25  0.05  Random
2.50886  0.299675  670  10  0.35  0.05  Random
1.6026  0.386325  670  10  0.45  0.05  Random
0.902432  0.549029  670  10  0.55  0.05  Random
-0.614103  0.79078  670  10  0.65  0.05  Random
0.644016  1.05145  670  10  0.75  0.05  Random
8.28047  1.82689  670  10  0.85  0.05  Random
-12.2628  5.71442  670  10  0.95  0.05  Random
0.552737  0.996272  690  10  -0.95  0.05  Random
0.0388929  0.667381  690  10  -0.85  0.05  Random
0.584644  0.437985  690  10  -0.75  0.05  Random
0.989412  0.314683  690  10  -0.65  0.05  Random
1.50666  0.263021  690  10  -0.55  0.05  Random
1.97782  0.237069  690  10  -0.45  0.05  Random
1.6133  0.218856  690  10  -0.35  0.05  Random
2.05836  0.207094  690  10  -0.25  0.05  Random
2.42933  0.199184  690  10  -0.15  0.05  Random
2.46507  0.19533  690  10  -0.05  0.05  Random
2.28641  0.19911  690  10  0.05  0.05  Random
2.05948  0.208658  690  10  0.15  0.05  Random
2.14717  0.229242  690  10  0.25  0.05  Random
2.25321  0.270158  690  10  0.35  0.05  Random
1.47244  0.351171  690  10  0.45  0.05  Random
0.886794  0.487369  690  10  0.55  0.05  Random
-0.524859  0.722365  690  10  0.65  0.05  Random
0.284206  1.00817  690  10  0.75  0.05  Random
0.00134091  53.5073  690  10  0.85  0.05  Random
-0.252447  2.96385  690  10  0.95  0.05  Random
1.43636  1.23566  710  10  -0.95  0.05  Random
0.278943  0.866996  710  10  -0.85  0.05  Random
1.08268  0.543335  710  10  -0.75  0.05  Random
1.32959  0.389299  710  10  -0.65  0.05  Random
1.05095  0.336028  710  10  -0.55  0.05  Random
1.40063  0.297937  710  10  -0.45  0.05  Random
1.32965  0.271745  710  10  -0.35  0.05  Random
0.96261  0.255571  710  10  -0.25  0.05  Random
1.39536  0.245732  710  10  -0.15  0.05  Random
1.45532  0.236861  710  10  -0.05  0.05  Random
1.16445  0.242462  710  10  0.05  0.05  Random
0.906589  0.250472  710  10  0.15  0.05  Random
0.508568  0.270729  710  10  0.25  0.05  Random
1.8056  0.311911  710  10  0.35  0.05  Random
0.452512  0.390261  710  10  0.45  0.05  Random
1.35722  0.524664  710  10  0.55  0.05  Random
-0.243303  0.805194  710  10  0.65  0.05  Random
1.57336  1.23222  710  10  0.75  0.05  Random
-2.84723  2.23891  710  10  0.85  0.05  Random
12.1426  1.82874  710  10  0.95  0.05  Random
0.542001  0.156903  410  10  -0.95  0.05  TimeCoinc
0.612276  0.121302  410  10  -0.85  0.05  TimeCoinc
0.677452  0.066352  410  10  -0.75  0.05  TimeCoinc
0.625054  0.043345  410  10  -0.65  0.05  TimeCoinc
0.652684  0.036869  410  10  -0.55  0.05  TimeCoinc
0.726542  0.0357927  410  10  -0.45  0.05  TimeCoinc
0.678036  0.03912  410  10  -0.35  0.05  TimeCoinc
0.664468  0.0452798  410  10  -0.25  0.05  TimeCoinc
0.616193  0.0560819  410  10  -0.15  0.05  TimeCoinc
0.655782  0.0715608  410  10  -0.05  0.05  TimeCoinc
0.466219  0.0975311  410  10  0.05  0.05  TimeCoinc
0.487427  0.134204  410  10  0.15  0.05  TimeCoinc
0.698083  0.186827  410  10  0.25  0.05  TimeCoinc
0.699417  0.278023  410  10  0.35  0.05  TimeCoinc
-0.0190261  0.521679  410  10  0.45  0.05  TimeCoinc
0.25628  0.399729  410  10  0.55  0.05  TimeCoinc
0.928177  0.521436  410  10  0.65  0.05  TimeCoinc
-0.348071  0.339929  410  10  0.75  0.05  TimeCoinc
-0.342576  1.23761  410  10  0.85  0.05  TimeCoinc
6.44558e-05  0.000294693  410  10  0.95  0.05  TimeCoinc
0.431382  0.145687  430  10  -0.95  0.05  TimeCoinc
0.687068  0.0953753  430  10  -0.85  0.05  TimeCoinc
0.66838  0.0458209  430  10  -0.75  0.05  TimeCoinc
0.62772  0.0304475  430  10  -0.65  0.05  TimeCoinc
0.721371  0.0255444  430  10  -0.55  0.05  TimeCoinc
0.676111  0.0243604  430  10  -0.45  0.05  TimeCoinc
0.673114  0.0256023  430  10  -0.35  0.05  TimeCoinc
0.725586  0.0287047  430  10  -0.25  0.05  TimeCoinc
0.69836  0.0350028  430  10  -0.15  0.05  TimeCoinc
0.673904  0.045083  430  10  -0.05  0.05  TimeCoinc
0.635393  0.0604567  430  10  0.05  0.05  TimeCoinc
0.624139  0.0857617  430  10  0.15  0.05  TimeCoinc
0.503749  0.11925  430  10  0.25  0.05  TimeCoinc
0.631326  0.178563  430  10  0.35  0.05  TimeCoinc
0.703143  0.27697  430  10  0.45  0.05  TimeCoinc
0.649711  0.506917  430  10  0.55  0.05  TimeCoinc
1.22719  1.24857  430  10  0.65  0.05  TimeCoinc
0  -nan  430  10  0.75  0.05  TimeCoinc
-0.20994  0.319384  430  10  0.85  0.05  TimeCoinc
-0.534885  0.790307  430  10  0.95  0.05  TimeCoinc
0.51958  0.13532  450  10  -0.95  0.05  TimeCoinc
0.566171  0.0777862  450  10  -0.85  0.05  TimeCoinc
0.721325  0.0351066  450  10  -0.75  0.05  TimeCoinc
0.753619  0.0236623  450  10  -0.65  0.05  TimeCoinc
0.720671  0.0197702  450  10  -0.55  0.05  TimeCoinc
0.73906  0.018354  450  10  -0.45  0.05  TimeCoinc
0.682906  0.0182815  450  10  -0.35  0.05  TimeCoinc
0.70484  0.0194596  450  10  -0.25  0.05  TimeCoinc
0.694563  0.0223266  450  10  -0.15  0.05  TimeCoinc
0.600705  0.0281026  450  10  -0.05  0.05  TimeCoinc
0.629779  0.037191  450  10  0.05  0.05  TimeCoinc
0.736866  0.0529718  450  10  0.15  0.05  TimeCoinc
0.533051  0.0777239  450  10  0.25  0.05  TimeCoinc
0.574137  0.113067  450  10  0.35  0.05  TimeCoinc
0.10819  0.172594  450  10  0.45  0.05  TimeCoinc
0.13254  0.299083  450  10  0.55  0.05  TimeCoinc
-0.504991  0.527105  450  10  0.65  0.05  TimeCoinc
0.109129  0.113717  450  10  0.75  0.05  TimeCoinc
-0.972181  0.767264  450  10  0.85  0.05  TimeCoinc
-0.297122  0.824784  450  10  0.95  0.05  TimeCoinc
0.676358  0.137473  470  10  -0.95  0.05  TimeCoinc
0.718861  0.06948  470  10  -0.85  0.05  TimeCoinc
0.813539  0.0301614  470  10  -0.75  0.05  TimeCoinc
0.735142  0.0206684  470  10  -0.65  0.05  TimeCoinc
0.761548  0.0170568  470  10  -0.55  0.05  TimeCoinc
0.747419  0.0156591  470  10  -0.45  0.05  TimeCoinc
0.706846  0.0151445  470  10  -0.35  0.05  TimeCoinc
0.708806  0.015369  470  10  -0.25  0.05  TimeCoinc
0.679249  0.016648  470  10  -0.15  0.05  TimeCoinc
0.694094  0.0194482  470  10  -0.05  0.05  TimeCoinc
0.654187  0.025068  470  10  0.05  0.05  TimeCoinc
0.610049  0.0347554  470  10  0.15  0.05  TimeCoinc
0.463575  0.0514629  470  10  0.25  0.05  TimeCoinc
0.524838  0.0789843  470  10  0.35  0.05  TimeCoinc
0.523134  0.119786  470  10  0.45  0.05  TimeCoinc
0.671046  0.187065  470  10  0.55  0.05  TimeCoinc
0.302737  0.377662  470  10  0.65  0.05  TimeCoinc
0.355494  0.301872  470  10  0.75  0.05  TimeCoinc
0.114146  0.634889  470  10  0.85  0.05  TimeCoinc
-0.0688978  0.72219  470  10  0.95  0.05  TimeCoinc
0.718333  0.156635  490  10  -0.95  0.05  TimeCoinc
0.727077  0.0711377  490  10  -0.85  0.05  TimeCoinc
0.790552  0.0317427  490  10  -0.75  0.05  TimeCoinc
0.807237  0.0217498  490  10  -0.65  0.05  TimeCoinc
0.75801  0.0180019  490  10  -0.55  0.05  TimeCoinc
0.747392  0.0163022  490  10  -0.45  0.05  TimeCoinc
0.748745  0.0154086  490  10  -0.35  0.05  TimeCoinc
0.723256  0.0152884  490  10  -0.25  0.05  TimeCoinc
0.702395  0.0159569  490  10  -0.15  0.05  TimeCoinc
0.683878  0.0176267  490  10  -0.05  0.05  TimeCoinc
0.647229  0.0215005  490  10  0.05  0.05  TimeCoinc
0.581778  0.0289099  490  10  0.15  0.05  TimeCoinc
0.591113  0.0428724  490  10  0.25  0.05  TimeCoinc
0.66092  0.0665998  490  10  0.35  0.05  TimeCoinc
0.391692  0.10536  490  10  0.45  0.05  TimeCoinc
0.215778  0.167223  490  10  0.55  0.05  TimeCoinc
-0.00892427  0.317399  490  10  0.65  0.05  TimeCoinc
1.75388e-07  2.71404e-07  490  10  0.75  0.05  TimeCoinc
0.00926603  70.8267  490  10  0.85  0.05  TimeCoinc
0.000430657  152.437  490  10  0.95  0.05  TimeCoinc
0.619869  0.151638  510  10  -0.95  0.05  TimeCoinc
0.813986  0.0610656  510  10  -0.85  0.05  TimeCoinc
0.842509  0.0265824  510  10  -0.75  0.05  TimeCoinc
0.792087  0.018194  510  10  -0.65  0.05  TimeCoinc
0.788554  0.0149917  510  10  -0.55  0.05  TimeCoinc
0.777757  0.0134267  510  10  -0.45  0.05  TimeCoinc
0.73013  0.0125849  510  10  -0.35  0.05  TimeCoinc
0.700523  0.0123286  510  10  -0.25  0.05  TimeCoinc
0.700727  0.012454  510  10  -0.15  0.05  TimeCoinc
0.661447  0.013321  510  10  -0.05  0.05  TimeCoinc
0.677867  0.0153915  510  10  0.05  0.05  TimeCoinc
0.628382  0.0197277  510  10  0.15  0.05  TimeCoinc
0.57253  0.0284844  510  10  0.25  0.05  TimeCoinc
0.4487  0.04475  510  10  0.35  0.05  TimeCoinc
0.427675  0.0742369  510  10  0.45  0.05  TimeCoinc
0.637333  0.114403  510  10  0.55  0.05  TimeCoinc
0.188925  0.148749  510  10  0.65  0.05  TimeCoinc
-0.320899  0.160511  510  10  0.75  0.05  TimeCoinc
0.000308793  -0.0065641  510  10  0.85  0.05  TimeCoinc
0.644892  0.915547  510  10  0.95  0.05  TimeCoinc
1.08807  0.170033  530  10  -0.95  0.05  TimeCoinc
0.777936  0.0657361  530  10  -0.85  0.05  TimeCoinc
0.807503  0.0285295  530  10  -0.75  0.05  TimeCoinc
0.82074  0.0194436  530  10  -0.65  0.05  TimeCoinc
0.807551  0.0159128  530  10  -0.55  0.05  TimeCoinc
0.791257  0.0141411  530  10  -0.45  0.05  TimeCoinc
0.747961  0.0132127  530  10  -0.35  0.05  TimeCoinc
0.740029  0.0127747  530  10  -0.25  0.05  TimeCoinc
0.688321  0.0126709  530  10  -0.15  0.05  TimeCoinc
0.677599  0.0132622  530  10  -0.05  0.05  TimeCoinc
0.641736  0.0144677  530  10  0.05  0.05  TimeCoinc
0.586098  0.0176868  530  10  0.15  0.05  TimeCoinc
0.555788  0.0242365  530  10  0.25  0.05  TimeCoinc
0.58543  0.038119  530  10  0.35  0.05  TimeCoinc
0.521766  0.0640001  530  10  0.45  0.05  TimeCoinc
0.51271  0.101692  530  10  0.55  0.05  TimeCoinc
0.570455  0.199171  530  10  0.65  0.05  TimeCoinc
-0.123342  0.446776  530  10  0.75  0.05  TimeCoinc
-1.67436e-05  5.65308  530  10  0.85  0.05  TimeCoinc
-0.649739  0.678628  530  10  0.95  0.05  TimeCoinc
0.729907  0.202543  550  10  -0.95  0.05  TimeCoinc
0.978096  0.0728338  550  10  -0.85  0.05  TimeCoinc
0.79216  0.0324816  550  10  -0.75  0.05  TimeCoinc
0.811178  0.0218583  550  10  -0.65  0.05  TimeCoinc
0.816707  0.0177781  550  10  -0.55  0.05  TimeCoinc
0.781631  0.0157598  550  10  -0.45  0.05  TimeCoinc
0.769395  0.014704  550  10  -0.35  0.05  TimeCoinc
0.713895  0.014049  550  10  -0.25  0.05  TimeCoinc
0.703697  0.0138656  550  10  -0.15  0.05  TimeCoinc
0.685112  0.0142439  550  10  -0.05  0.05  TimeCoinc
0.646168  0.0153329  550  10  0.05  0.05  TimeCoinc
0.576826  0.0180335  550  10  0.15  0.05  TimeCoinc
0.609203  0.0237957  550  10  0.25  0.05  TimeCoinc
0.535935  0.0361231  550  10  0.35  0.05  TimeCoinc
0.352599  0.0610581  550  10  0.45  0.05  TimeCoinc
0.141876  0.106479  550  10  0.55  0.05  TimeCoinc
0.223879  0.167654  550  10  0.65  0.05  TimeCoinc
-0.354877  0.195638  550  10  0.75  0.05  TimeCoinc
-0.00455073  9.13613  550  10  0.85  0.05  TimeCoinc
-0.0115781  -0.0211491  550  10  0.95  0.05  TimeCoinc
0.343552  0.160109  570  10  -0.95  0.05  TimeCoinc
0.750047  0.0598048  570  10  -0.85  0.05  TimeCoinc
0.75142  0.0260396  570  10  -0.75  0.05  TimeCoinc
0.841692  0.0174289  570  10  -0.65  0.05  TimeCoinc
0.810418  0.014052  570  10  -0.55  0.05  TimeCoinc
0.791702  0.0123204  570  10  -0.45  0.05  TimeCoinc
0.769901  0.011339  570  10  -0.35  0.05  TimeCoinc
0.758562  0.0108001  570  10  -0.25  0.05  TimeCoinc
0.726619  0.0106439  570  10  -0.15  0.05  TimeCoinc
0.68208  0.0107755  570  10  -0.05  0.05  TimeCoinc
0.659374  0.0113281  570  10  0.05  0.05  TimeCoinc
0.594283  0.0127759  570  10  0.15  0.05  TimeCoinc
0.554849  0.0158672  570  10  0.25  0.05  TimeCoinc
0.501116  0.02314  570  10  0.35  0.05  TimeCoinc
0.37024  0.0385499  570  10  0.45  0.05  TimeCoinc
0.295524  0.0707374  570  10  0.55  0.05  TimeCoinc
0.449831  0.120255  570  10  0.65  0.05  TimeCoinc
-0.71304  0.274851  570  10  0.75  0.05  TimeCoinc
-9.01708e-11  -0.000108578  570  10  0.85  0.05  TimeCoinc
0.187745  0.560069  570  10  0.95  0.05  TimeCoinc
0.335556  0.132032  590  10  -0.95  0.05  TimeCoinc
0.719468  0.052522  590  10  -0.85  0.05  TimeCoinc
0.772716  0.0231877  590  10  -0.75  0.05  TimeCoinc
0.846292  0.0151186  590  10  -0.65  0.05  TimeCoinc
0.808422  0.0121116  590  10  -0.55  0.05  TimeCoinc
0.805597  0.0105068  590  10  -0.45  0.05  TimeCoinc
0.784527  0.00957264  590  10  -0.35  0.05  TimeCoinc
0.770979  0.0090623  590  10  -0.25  0.05  TimeCoinc
0.750102  0.00886172  590  10  -0.15  0.05  TimeCoinc
0.719479  0.00897463  590  10  -0.05  0.05  TimeCoinc
0.68068  0.00936086  590  10  0.05  0.05  TimeCoinc
0.632646  0.0103282  590  10  0.15  0.05  TimeCoinc
0.584241  0.0122589  590  10  0.25  0.05  TimeCoinc
0.504608  0.0167887  590  10  0.35  0.05  TimeCoinc
0.409482  0.0279533  590  10  0.45  0.05  TimeCoinc
0.358203  0.0516385  590  10  0.55  0.05  TimeCoinc
0.0103165  0.094984  590  10  0.65  0.05  TimeCoinc
0.0458107  0.1897  590  10  0.75  0.05  TimeCoinc
0.0453527  0.0611869  590  10  0.85  0.05  TimeCoinc
-0.0734224  0.334113  590  10  0.95  0.05  TimeCoinc
0.268661  0.16162  610  10  -0.95  0.05  TimeCoinc
0.549127  0.0660281  610  10  -0.85  0.05  TimeCoinc
0.753155  0.0262428  610  10  -0.75  0.05  TimeCoinc
0.829935  0.0172369  610  10  -0.65  0.05  TimeCoinc
0.808593  0.0133726  610  10  -0.55  0.05  TimeCoinc
0.835584  0.0113287  610  10  -0.45  0.05  TimeCoinc
0.834527  0.0102405  610  10  -0.35  0.05  TimeCoinc
0.811795  0.00963447  610  10  -0.25  0.05  TimeCoinc
0.772409  0.0093688  610  10  -0.15  0.05  TimeCoinc
0.754083  0.00941956  610  10  -0.05  0.05  TimeCoinc
0.726653  0.00974766  610  10  0.05  0.05  TimeCoinc
0.668638  0.0106002  610  10  0.15  0.05  TimeCoinc
0.619746  0.0122407  610  10  0.25  0.05  TimeCoinc
0.542041  0.0161538  610  10  0.35  0.05  TimeCoinc
0.483213  0.0254154  610  10  0.45  0.05  TimeCoinc
0.410412  0.0483964  610  10  0.55  0.05  TimeCoinc
0.272594  0.0891548  610  10  0.65  0.05  TimeCoinc
0.334258  0.17339  610  10  0.75  0.05  TimeCoinc
-0.474845  0.376578  610  10  0.85  0.05  TimeCoinc
-0.00112587  26.2617  610  10  0.95  0.05  TimeCoinc
0.473884  0.285953  630  10  -0.95  0.05  TimeCoinc
0.695515  0.12944  630  10  -0.85  0.05  TimeCoinc
0.697977  0.0538714  630  10  -0.75  0.05  TimeCoinc
0.836906  0.0344885  630  10  -0.65  0.05  TimeCoinc
0.870117  0.0270322  630  10  -0.55  0.05  TimeCoinc
0.836411  0.0229793  630  10  -0.45  0.05  TimeCoinc
0.883988  0.0202476  630  10  -0.35  0.05  TimeCoinc
0.852745  0.0190084  630  10  -0.25  0.05  TimeCoinc
0.824378  0.0184278  630  10  -0.15  0.05  TimeCoinc
0.815597  0.0183096  630  10  -0.05  0.05  TimeCoinc
0.761051  0.0188008  630  10  0.05  0.05  TimeCoinc
0.725776  0.0199701  630  10  0.15  0.05  TimeCoinc
0.669135  0.0229626  630  10  0.25  0.05  TimeCoinc
0.639892  0.028746  630  10  0.35  0.05  TimeCoinc
0.567347  0.0438563  630  10  0.45  0.05  TimeCoinc
0.320191  0.0820833  630  10  0.55  0.05  TimeCoinc
0.237347  0.160054  630  10  0.65  0.05  TimeCoinc
-0.640351  0.239718  630  10  0.75  0.05  TimeCoinc
-9.61333e-07  7.48695  630  10  0.85  0.05  TimeCoinc
-1.34866e-05  1.00962e-05  630  10  0.95  0.05  TimeCoinc
-1.54642  0.699131  650  10  -0.95  0.05  TimeCoinc
0.986344  0.349588  650  10  -0.85  0.05  TimeCoinc
0.755831  0.157543  650  10  -0.75  0.05  TimeCoinc
0.74246  0.102809  650  10  -0.65  0.05  TimeCoinc
0.822799  0.0784271  650  10  -0.55  0.05  TimeCoinc
0.803367  0.0650289  650  10  -0.45  0.05  TimeCoinc
0.761977  0.0566913  650  10  -0.35  0.05  TimeCoinc
0.750668  0.0526741  650  10  -0.25  0.05  TimeCoinc
0.703469  0.0505292  650  10  -0.15  0.05  TimeCoinc
0.64348  0.0499165  650  10  -0.05  0.05  TimeCoinc
0.780116  0.0509439  650  10  0.05  0.05  TimeCoinc
0.662722  0.0538467  650  10  0.15  0.05  TimeCoinc
0.627841  0.0603273  650  10  0.25  0.05  TimeCoinc
0.717411  0.0731555  650  10  0.35  0.05  TimeCoinc
0.728098  0.104007  650  10  0.45  0.05  TimeCoinc
0.558348  0.187813  650  10  0.55  0.05  TimeCoinc
0.275919  0.394774  650  10  0.65  0.05  TimeCoinc
1.30495  0.687716  650  10  0.75  0.05  TimeCoinc
3.72471  1.24514  650  10  0.85  0.05  TimeCoinc
-8.32445e-05  10.4555  650  10  0.95  0.05  TimeCoinc
0.792891  2.79528  670  10  -0.95  0.05  TimeCoinc
5.88432  1.4959  670  10  -0.85  0.05  TimeCoinc
0.0427885  0.671082  670  10  -0.75  0.05  TimeCoinc
1.23258  0.422298  670  10  -0.65  0.05  TimeCoinc
0.309647  0.313132  670  10  -0.55  0.05  TimeCoinc
0.619917  0.261296  670  10  -0.45  0.05  TimeCoinc
0.336576  0.227539  670  10  -0.35  0.05  TimeCoinc
1.02228  0.207837  670  10  -0.25  0.05  TimeCoinc
0.443737  0.196761  670  10  -0.15  0.05  TimeCoinc
0.576009  0.19201  670  10  -0.05  0.05  TimeCoinc
0.7335  0.193136  670  10  0.05  0.05  TimeCoinc
1.07227  0.203994  670  10  0.15  0.05  TimeCoinc
0.558784  0.219626  670  10  0.25  0.05  TimeCoinc
1.03669  0.25886  670  10  0.35  0.05  TimeCoinc
1.30141  0.353472  670  10  0.45  0.05  TimeCoinc
0.329558  0.614768  670  10  0.55  0.05  TimeCoinc
1.05487  1.39476  670  10  0.65  0.05  TimeCoinc
5.17637  2.63179  670  10  0.75  0.05  TimeCoinc
-8.06014  5.57543  670  10  0.85  0.05  TimeCoinc
-1.19176  4.5938  670  10  0.95  0.05  TimeCoinc
5.36012  2.43124  690  10  -0.95  0.05  TimeCoinc
2.47379  1.4426  690  10  -0.85  0.05  TimeCoinc
-0.697647  0.659659  690  10  -0.75  0.05  TimeCoinc
0.570436  0.394609  690  10  -0.65  0.05  TimeCoinc
0.13057  0.292062  690  10  -0.55  0.05  TimeCoinc
0.747093  0.241609  690  10  -0.45  0.05  TimeCoinc
0.472539  0.209551  690  10  -0.35  0.05  TimeCoinc
0.866508  0.187654  690  10  -0.25  0.05  TimeCoinc
0.648071  0.17528  690  10  -0.15  0.05  TimeCoinc
0.890368  0.169089  690  10  -0.05  0.05  TimeCoinc
0.7178  0.169352  690  10  0.05  0.05  TimeCoinc
0.738004  0.176793  690  10  0.15  0.05  TimeCoinc
0.618758  0.187866  690  10  0.25  0.05  TimeCoinc
0.679683  0.216868  690  10  0.35  0.05  TimeCoinc
0.671228  0.278904  690  10  0.45  0.05  TimeCoinc
0.993939  0.472731  690  10  0.55  0.05  TimeCoinc
-0.772731  1.0687  690  10  0.65  0.05  TimeCoinc
6.39537  2.20373  690  10  0.75  0.05  TimeCoinc
-0.000499245  -1.41564  690  10  0.85  0.05  TimeCoinc
1.38889  1.45068  690  10  0.95  0.05  TimeCoinc
-16.3352  1.65516  710  10  -0.95  0.05  TimeCoinc
-1.58273  1.81787  710  10  -0.85  0.05  TimeCoinc
1.62213  0.768181  710  10  -0.75  0.05  TimeCoinc
1.1663  0.478963  710  10  -0.65  0.05  TimeCoinc
0.758317  0.348407  710  10  -0.55  0.05  TimeCoinc
1.25205  0.282514  710  10  -0.45  0.05  TimeCoinc
0.27083  0.241487  710  10  -0.35  0.05  TimeCoinc
0.591524  0.210872  710  10  -0.25  0.05  TimeCoinc
0.675838  0.195111  710  10  -0.15  0.05  TimeCoinc
0.804388  0.186841  710  10  -0.05  0.05  TimeCoinc
0.963524  0.184621  710  10  0.05  0.05  TimeCoinc
0.818561  0.189814  710  10  0.15  0.05  TimeCoinc
0.927225  0.20397  710  10  0.25  0.05  TimeCoinc
0.558859  0.223474  710  10  0.35  0.05  TimeCoinc
0.500384  0.27572  710  10  0.45  0.05  TimeCoinc
-0.303498  0.432867  710  10  0.55  0.05  TimeCoinc
0.623486  0.999202  710  10  0.65  0.05  TimeCoinc
4.57043  2.07428  710  10  0.75  0.05  TimeCoinc
1.33447e-05  -1.01758e-05  710  10  0.85  0.05  TimeCoinc
-6.67235  7.03925  710  10  0.95  0.05  TimeCoinc
0.628345  0.0999459  410  10  -0.95  0.05  Cut1
0.865803  0.0705668  410  10  -0.85  0.05  Cut1
0.93894  0.0396171  410  10  -0.75  0.05  Cut1
0.935439  0.027403  410  10  -0.65  0.05  Cut1
0.964371  0.0233266  410  10  -0.55  0.05  Cut1
0.947892  0.0224705  410  10  -0.45  0.05  Cut1
0.904361  0.0234024  410  10  -0.35  0.05  Cut1
0.907818  0.0255646  410  10  -0.25  0.05  Cut1
0.889386  0.0291995  410  10  -0.15  0.05  Cut1
0.89883  0.0345337  410  10  -0.05  0.05  Cut1
0.801836  0.0417011  410  10  0.05  0.05  Cut1
0.678544  0.0516154  410  10  0.15  0.05  Cut1
0.591583  0.0635334  410  10  0.25  0.05  Cut1
0.491156  0.0768967  410  10  0.35  0.05  Cut1
0.224415  0.0961134  410  10  0.45  0.05  Cut1
0.174006  0.11397  410  10  0.55  0.05  Cut1
0.0559332  0.136621  410  10  0.65  0.05  Cut1
-0.213176  0.158326  410  10  0.75  0.05  Cut1
0.142051  0.193241  410  10  0.85  0.05  Cut1
0.038435  0.277045  410  10  0.95  0.05  Cut1
0.48747  0.0895876  430  10  -0.95  0.05  Cut1
0.847071  0.0578943  430  10  -0.85  0.05  Cut1
0.849443  0.0302047  430  10  -0.75  0.05  Cut1
0.868553  0.0207515  430  10  -0.65  0.05  Cut1
0.895123  0.0175688  430  10  -0.55  0.05  Cut1
0.863703  0.0166938  430  10  -0.45  0.05  Cut1
0.847365  0.01716  430  10  -0.35  0.05  Cut1
0.836743  0.018584  430  10  -0.25  0.05  Cut1
0.851792  0.0211367  430  10  -0.15  0.05  Cut1
0.791688  0.0252311  430  10  -0.05  0.05  Cut1
0.79765  0.0307648  430  10  0.05  0.05  Cut1
0.707524  0.0384755  430  10  0.15  0.05  Cut1
0.607037  0.0484143  430  10  0.25  0.05  Cut1
0.464745  0.0613587  430  10  0.35  0.05  Cut1
0.383061  0.0755028  430  10  0.45  0.05  Cut1
0.245891  0.093019  430  10  0.55  0.05  Cut1
0.166978  0.113794  430  10  0.65  0.05  Cut1
0.0593016  0.134981  430  10  0.75  0.05  Cut1
0.0932228  0.166651  430  10  0.85  0.05  Cut1
-0.653047  0.226795  430  10  0.95  0.05  Cut1
0.535614  0.0800385  450  10  -0.95  0.05  Cut1
0.723529  0.0479947  450  10  -0.85  0.05  Cut1
0.844679  0.0236351  450  10  -0.75  0.05  Cut1
0.859522  0.0162524  450  10  -0.65  0.05  Cut1
0.859066  0.0137075  450  10  -0.55  0.05  Cut1
0.843927  0.0128128  450  10  -0.45  0.05  Cut1
0.801658  0.0127851  450  10  -0.35  0.05  Cut1
0.801464  0.0134761  450  10  -0.25  0.05  Cut1
0.779009  0.0149794  450  10  -0.15  0.05  Cut1
0.733216  0.0176679  450  10  -0.05  0.05  Cut1
0.776828  0.0215551  450  10  0.05  0.05  Cut1
0.727208  0.0276557  450  10  0.15  0.05  Cut1
0.597809  0.0356578  450  10  0.25  0.05  Cut1
0.39274  0.0458049  450  10  0.35  0.05  Cut1
0.270902  0.0585978  450  10  0.45  0.05  Cut1
0.079933  0.0739034  450  10  0.55  0.05  Cut1
0.0497892  0.0899564  450  10  0.65  0.05  Cut1
0.0671906  0.109234  450  10  0.75  0.05  Cut1
-0.0591661  0.138363  450  10  0.85  0.05  Cut1
-0.250483  0.192382  450  10  0.95  0.05  Cut1
0.522684  0.0748906  470  10  -0.95  0.05  Cut1
0.802543  0.0414018  470  10  -0.85  0.05  Cut1
0.882785  0.0199827  470  10  -0.75  0.05  Cut1
0.846113  0.0137902  470  10  -0.65  0.05  Cut1
0.833619  0.0116054  470  10  -0.55  0.05  Cut1
0.828694  0.0107624  470  10  -0.45  0.05  Cut1
0.775796  0.0105231  470  10  -0.35  0.05  Cut1
0.77028  0.0107383  470  10  -0.25  0.05  Cut1
0.743541  0.0115693  470  10  -0.15  0.05  Cut1
0.730819  0.0131955  470  10  -0.05  0.05  Cut1
0.701215  0.0160081  470  10  0.05  0.05  Cut1
0.636756  0.0204357  470  10  0.15  0.05  Cut1
0.521102  0.0272177  470  10  0.25  0.05  Cut1
0.497714  0.0360357  470  10  0.35  0.05  Cut1
0.388797  0.0466164  470  10  0.45  0.05  Cut1
0.16175  0.0595208  470  10  0.55  0.05  Cut1
-0.0266426  0.0758686  470  10  0.65  0.05  Cut1
-0.0392012  0.0957055  470  10  0.75  0.05  Cut1
0.015373  0.120738  470  10  0.85  0.05  Cut1
-0.0430461  0.172099  470  10  0.95  0.05  Cut1
0.48115  0.0808883  490  10  -0.95  0.05  Cut1
0.691409  0.042768  490  10  -0.85  0.05  Cut1
0.829335  0.0207037  490  10  -0.75  0.05  Cut1
0.826322  0.014308  490  10  -0.65  0.05  Cut1
0.807031  0.0120211  490  10  -0.55  0.05  Cut1
0.777461  0.0110089  490  10  -0.45  0.05  Cut1
0.778565  0.0106079  490  10  -0.35  0.05  Cut1
0.748364  0.0106405  490  10  -0.25  0.05  Cut1
0.744827  0.0111686  490  10  -0.15  0.05  Cut1
0.729532  0.0123358  490  10  -0.05  0.05  Cut1
0.665333  0.0145844  490  10  0.05  0.05  Cut1
0.630796  0.0183675  490  10  0.15  0.05  Cut1
0.557332  0.0246478  490  10  0.25  0.05  Cut1
0.462609  0.03369  490  10  0.35  0.05  Cut1
0.349994  0.0455016  490  10  0.45  0.05  Cut1
0.16494  0.0595201  490  10  0.55  0.05  Cut1
0.112086  0.0764814  490  10  0.65  0.05  Cut1
-0.322821  0.0964342  490  10  0.75  0.05  Cut1
-0.0884751  0.125755  490  10  0.85  0.05  Cut1
-0.00877094  0.175651  490  10  0.95  0.05  Cut1
0.54497  0.0695308  510  10  -0.95  0.05  Cut1
0.678094  0.0351912  510  10  -0.85  0.05  Cut1
0.791644  0.0170853  510  10  -0.75  0.05  Cut1
0.784197  0.0118171  510  10  -0.65  0.05  Cut1
0.782279  0.00986185  510  10  -0.55  0.05  Cut1
0.784901  0.00897438  510  10  -0.45  0.05  Cut1
0.747646  0.00853839  510  10  -0.35  0.05  Cut1
0.72327  0.00846626  510  10  -0.25  0.05  Cut1
0.731162  0.00869177  510  10  -0.15  0.05  Cut1
0.69112  0.00932555  510  10  -0.05  0.05  Cut1
0.683833  0.0106823  510  10  0.05  0.05  Cut1
0.641711  0.0131578  510  10  0.15  0.05  Cut1
0.590708  0.0175397  510  10  0.25  0.05  Cut1
0.443645  0.0245444  510  10  0.35  0.05  Cut1
0.305602  0.0343903  510  10  0.45  0.05  Cut1
0.294711  0.0452511  510  10  0.55  0.05  Cut1
0.152122  0.0599292  510  10  0.65  0.05  Cut1
0.0252793  0.0776122  510  10  0.75  0.05  Cut1
0.18061  0.104943  510  10  0.85  0.05  Cut1
0.0700593  0.141182  510  10  0.95  0.05  Cut1
0.409312  0.0719092  530  10  -0.95  0.05  Cut1
0.60266  0.0373544  530  10  -0.85  0.05  Cut1
0.741904  0.018244  530  10  -0.75  0.05  Cut1
0.768265  0.0126013  530  10  -0.65  0.05  Cut1
0.768984  0.010439  530  10  -0.55  0.05  Cut1
0.753865  0.00942869  530  10  -0.45  0.05  Cut1
0.727238  0.0089005  530  10  -0.35  0.05  Cut1
0.71807  0.0087378  530  10  -0.25  0.05  Cut1
0.694057  0.00879871  530  10  -0.15  0.05  Cut1
0.666394  0.00930105  530  10  -0.05  0.05  Cut1
0.63547  0.010259  530  10  0.05  0.05  Cut1
0.605653  0.0123053  530  10  0.15  0.05  Cut1
0.530102  0.0160264  530  10  0.25  0.05  Cut1
0.490889  0.0225797  530  10  0.35  0.05  Cut1
0.326951  0.0329695  530  10  0.45  0.05  Cut1
0.269699  0.0441275  530  10  0.55  0.05  Cut1
0.116829  0.0592198  530  10  0.65  0.05  Cut1
-0.036483  0.0770444  530  10  0.75  0.05  Cut1
0.0208063  0.105873  530  10  0.85  0.05  Cut1
-0.025001  0.15998  530  10  0.95  0.05  Cut1
0.280218  0.0784528  550  10  -0.95  0.05  Cut1
0.629034  0.0403529  550  10  -0.85  0.05  Cut1
0.695608  0.020703  550  10  -0.75  0.05  Cut1
0.73925  0.0142186  550  10  -0.65  0.05  Cut1
0.745931  0.011739  550  10  -0.55  0.05  Cut1
0.716407  0.0105171  550  10  -0.45  0.05  Cut1
0.726071  0.00988357  550  10  -0.35  0.05  Cut1
0.686962  0.00954905  550  10  -0.25  0.05  Cut1
0.670239  0.0095597  550  10  -0.15  0.05  Cut1
0.653019  0.00996456  550  10  -0.05  0.05  Cut1
0.634524  0.0108377  550  10  0.05  0.05  Cut1
0.567892  0.0126375  550  10  0.15  0.05  Cut1
0.559598  0.0161673  550  10  0.25  0.05  Cut1
0.466546  0.0227491  550  10  0.35  0.05  Cut1
0.252117  0.0336102  550  10  0.45  0.05  Cut1
0.274454  0.0473391  550  10  0.55  0.05  Cut1
0.0978801  0.0631305  550  10  0.65  0.05  Cut1
-0.107459  0.0830387  550  10  0.75  0.05  Cut1
0.0253125  0.120631  550  10  0.85  0.05  Cut1
-0.0276957  0.172254  550  10  0.95  0.05  Cut1
0.122588  0.0585376  570  10  -0.95  0.05  Cut1
0.434337  0.0330394  570  10  -0.85  0.05  Cut1
0.613268  0.0167209  570  10  -0.75  0.05  Cut1
0.693684  0.0114858  570  10  -0.65  0.05  Cut1
0.693816  0.00940371  570  10  -0.55  0.05  Cut1
0.683058  0.00841948  570  10  -0.45  0.05  Cut1
0.68258  0.00779744  570  10  -0.35  0.05  Cut1
0.675027  0.00749145  570  10  -0.25  0.05  Cut1
0.666159  0.00742336  570  10  -0.15  0.05  Cut1
0.635521  0.00761057  570  10  -0.05  0.05  Cut1
0.61849  0.00806635  570  10  0.05  0.05  Cut1
0.569578  0.00916299  570  10  0.15  0.05  Cut1
0.51697  0.0112801  570  10  0.25  0.05  Cut1
0.450354  0.0155567  570  10  0.35  0.05  Cut1
0.309165  0.0234509  570  10  0.45  0.05  Cut1
0.150971  0.0350667  570  10  0.55  0.05  Cut1
0.188834  0.0473484  570  10  0.65  0.05  Cut1
-0.0709059  0.0663647  570  10  0.75  0.05  Cut1
-0.130789  0.0942355  570  10  0.85  0.05  Cut1
0.0644957  0.14775  570  10  0.95  0.05  Cut1
0.271488  0.0495351  590  10  -0.95  0.05  Cut1
0.349068  0.0282419  590  10  -0.85  0.05  Cut1
0.542889  0.0149558  590  10  -0.75  0.05  Cut1
0.622982  0.0102306  590  10  -0.65  0.05  Cut1
0.655344  0.00831485  590  10  -0.55  0.05  Cut1
0.666553  0.00730671  590  10  -0.45  0.05  Cut1
0.666855  0.00673388  590  10  -0.35  0.05  Cut1
0.663608  0.00641076  590  10  -0.25  0.05  Cut1
0.650329  0.00632596  590  10  -0.15  0.05  Cut1
0.636311  0.00640355  590  10  -0.05  0.05  Cut1
0.605972  0.00676276  590  10  0.05  0.05  Cut1
0.574017  0.00747884  590  10  0.15  0.05  Cut1
0.515296  0.00894654  590  10  0.25  0.05  Cut1
0.428719  0.0119857  590  10  0.35  0.05  Cut1
0.310948  0.0181694  590  10  0.45  0.05  Cut1
0.22874  0.027956  590  10  0.55  0.05  Cut1
0.156885  0.0398481  590  10  0.65  0.05  Cut1
-0.0479968  0.0554134  590  10  0.75  0.05  Cut1
0.113746  0.0826612  590  10  0.85  0.05  Cut1
0.128186  0.130651  590  10  0.95  0.05  Cut1
0.160653  0.05289  610  10  -0.95  0.05  Cut1
0.28039  0.031439  610  10  -0.85  0.05  Cut1
0.480912  0.0168498  610  10  -0.75  0.05  Cut1
0.56772  0.0116185  610  10  -0.65  0.05  Cut1
0.608884  0.00928953  610  10  -0.55  0.05  Cut1
0.643884  0.0081212  610  10  -0.45  0.05  Cut1
0.654549  0.00742713  610  10  -0.35  0.05  Cut1
0.656709  0.00701495  610  10  -0.25  0.05  Cut1
0.640864  0.00682829  610  10  -0.15  0.05  Cut1
0.642449  0.00684864  610  10  -0.05  0.05  Cut1
0.61392  0.0071481  610  10  0.05  0.05  Cut1
0.562715  0.00784414  610  10  0.15  0.05  Cut1
0.526967  0.00909716  610  10  0.25  0.05  Cut1
0.453588  0.0118392  610  10  0.35  0.05  Cut1
0.348872  0.0176196  610  10  0.45  0.05  Cut1
0.205041  0.0281893  610  10  0.55  0.05  Cut1
0.115287  0.0404618  610  10  0.65  0.05  Cut1
-0.0211054  0.0576313  610  10  0.75  0.05  Cut1
-0.17584  0.0868122  610  10  0.85  0.05  Cut1
0.0679074  0.143958  610  10  0.95  0.05  Cut1
0.0329377  0.0982759  630  10  -0.95  0.05  Cut1
0.283029  0.061714  630  10  -0.85  0.05  Cut1
0.472531  0.0335498  630  10  -0.75  0.05  Cut1
0.579123  0.0229766  630  10  -0.65  0.05  Cut1
0.640076  0.018556  630  10  -0.55  0.05  Cut1
0.651693  0.0162652  630  10  -0.45  0.05  Cut1
0.702372  0.0145761  630  10  -0.35  0.05  Cut1
0.702252  0.0137513  630  10  -0.25  0.05  Cut1
0.684895  0.0133721  630  10  -0.15  0.05  Cut1
0.717483  0.0132818  630  10  -0.05  0.05  Cut1
0.649117  0.0137574  630  10  0.05  0.05  Cut1
0.629844  0.0147935  630  10  0.15  0.05  Cut1
0.56622  0.0171064  630  10  0.25  0.05  Cut1
0.499306  0.0215432  630  10  0.35  0.05  Cut1
0.391393  0.0315984  630  10  0.45  0.05  Cut1
0.153691  0.0505351  630  10  0.55  0.05  Cut1
0.166175  0.0760144  630  10  0.65  0.05  Cut1
-0.22656  0.106734  630  10  0.75  0.05  Cut1
-0.365049  0.16335  630  10  0.85  0.05  Cut1
-0.519141  0.235729  630  10  0.95  0.05  Cut1
0.779631  0.245022  650  10  -0.95  0.05  Cut1
0.715093  0.150531  650  10  -0.85  0.05  Cut1
0.617572  0.0902087  650  10  -0.75  0.05  Cut1
0.608172  0.0611222  650  10  -0.65  0.05  Cut1
0.808036  0.0487595  650  10  -0.55  0.05  Cut1
0.848032  0.0427691  650  10  -0.45  0.05  Cut1
0.89497  0.0383598  650  10  -0.35  0.05  Cut1
0.94353  0.035829  650  10  -0.25  0.05  Cut1
0.868754  0.0347099  650  10  -0.15  0.05  Cut1
0.876263  0.034382  650  10  -0.05  0.05  Cut1
0.959847  0.0353404  650  10  0.05  0.05  Cut1
0.879163  0.0376837  650  10  0.15  0.05  Cut1
0.774721  0.042598  650  10  0.25  0.05  Cut1
0.747114  0.0525286  650  10  0.35  0.05  Cut1
0.599975  0.0732721  650  10  0.45  0.05  Cut1
0.155233  0.115534  650  10  0.55  0.05  Cut1
-0.0256888  0.17386  650  10  0.65  0.05  Cut1
0.50726  0.255569  650  10  0.75  0.05  Cut1
-0.113042  0.39399  650  10  0.85  0.05  Cut1
-0.811675  0.633973  650  10  0.95  0.05  Cut1
0.239316  0.936005  670  10  -0.95  0.05  Cut1
1.29147  0.600439  670  10  -0.85  0.05  Cut1
1.05986  0.354666  670  10  -0.75  0.05  Cut1
1.34693  0.241416  670  10  -0.65  0.05  Cut1
1.3186  0.197474  670  10  -0.55  0.05  Cut1
1.50524  0.171929  670  10  -0.45  0.05  Cut1
1.69599  0.15509  670  10  -0.35  0.05  Cut1
1.96759  0.144392  670  10  -0.25  0.05  Cut1
1.6716  0.137856  670  10  -0.15  0.05  Cut1
1.82762  0.134672  670  10  -0.05  0.05  Cut1
1.96804  0.137053  670  10  0.05  0.05  Cut1
1.83009  0.144527  670  10  0.15  0.05  Cut1
1.42077  0.159835  670  10  0.25  0.05  Cut1
1.65691  0.190922  670  10  0.35  0.05  Cut1
1.43192  0.253589  670  10  0.45  0.05  Cut1
0.617557  0.397281  670  10  0.55  0.05  Cut1
-0.164084  0.663419  670  10  0.65  0.05  Cut1
1.12948  0.964849  670  10  0.75  0.05  Cut1
2.00578  1.55307  670  10  0.85  0.05  Cut1
-0.401142  3.07347  670  10  0.95  0.05  Cut1
0.310957  0.915616  690  10  -0.95  0.05  Cut1
0.487171  0.593128  690  10  -0.85  0.05  Cut1
0.171036  0.353453  690  10  -0.75  0.05  Cut1
0.822472  0.239874  690  10  -0.65  0.05  Cut1
0.884329  0.19069  690  10  -0.55  0.05  Cut1
1.36497  0.165155  690  10  -0.45  0.05  Cut1
1.01842  0.147891  690  10  -0.35  0.05  Cut1
1.40134  0.136061  690  10  -0.25  0.05  Cut1
1.42119  0.128943  690  10  -0.15  0.05  Cut1
1.55753  0.125094  690  10  -0.05  0.05  Cut1
1.37208  0.126432  690  10  0.05  0.05  Cut1
1.28992  0.132099  690  10  0.15  0.05  Cut1
1.22488  0.142346  690  10  0.25  0.05  Cut1
1.29559  0.166006  690  10  0.35  0.05  Cut1
0.97044  0.213917  690  10  0.45  0.05  Cut1
0.917491  0.332066  690  10  0.55  0.05  Cut1
-0.534668  0.585514  690  10  0.65  0.05  Cut1
0.62144  0.905301  690  10  0.75  0.05  Cut1
-0.153028  1.38644  690  10  0.85  0.05  Cut1
2.01303  2.50041  690  10  0.95  0.05  Cut1
0.809432  1.1347  710  10  -0.95  0.05  Cut1
0.0705553  0.744458  710  10  -0.85  0.05  Cut1
1.29172  0.426664  710  10  -0.75  0.05  Cut1
1.25504  0.290278  710  10  -0.65  0.05  Cut1
0.876926  0.233071  710  10  -0.55  0.05  Cut1
1.31787  0.197738  710  10  -0.45  0.05  Cut1
0.739316  0.174275  710  10  -0.35  0.05  Cut1
0.740013  0.157446  710  10  -0.25  0.05  Cut1
0.938971  0.148214  710  10  -0.15  0.05  Cut1
1.05678  0.142283  710  10  -0.05  0.05  Cut1
1.02991  0.14268  710  10  0.05  0.05  Cut1
0.85247  0.146775  710  10  0.15  0.05  Cut1
0.769696  0.158045  710  10  0.25  0.05  Cut1
0.963588  0.176481  710  10  0.35  0.05  Cut1
0.476306  0.218922  710  10  0.45  0.05  Cut1
0.319017  0.325066  710  10  0.55  0.05  Cut1
0.251128  0.600535  710  10  0.65  0.05  Cut1
1.6457  0.98677  710  10  0.75  0.05  Cut1
-3.41825  1.83944  710  10  0.85  0.05  Cut1
0.785032  3.83812  710  10  0.95  0.05  Cut1
