1  0.000429323   410.00   10  -0.95  0.05
0.488331  0.235328   410.00   10  -0.85  0.05
0.653901  0.0522244   410.00   10  -0.75  0.05
0.631231  0.0430292   410.00   10  -0.65  0.05
0.689011  0.0388595   410.00   10  -0.55  0.05
0.765088  0.0274461   410.00   10  -0.45  0.05
0.406548  0.0484594   410.00   10  -0.35  0.05
0.616625  0.0382724   410.00   10  -0.25  0.05
0.627763  0.0687066   410.00   10  -0.15  0.05
0.454678  0.0603447   410.00   10  -0.05  0.05
0.512456  0.109254   410.00   10  0.05  0.05
0.515039  0.126481   410.00   10  0.15  0.05
0.368415  0.226091   410.00   10  0.25  0.05
0.495666  0.315847   410.00   10  0.35  0.05
0.999999  0.0278756   410.00   10  0.45  0.05
0.300759  0.833583   410.00   10  0.55  0.05
1  7.25772e-09   410.00   10  0.65  0.05
0.651652  0.207067   410.00   10  0.75  0.05
0.280828  0.0647674   410.00   10  0.85  0.05
1  0.000993987   410.00   10  0.95  0.05
-0.649529  5.48699   430.00   10  -0.95  0.05
-0.488177  0.841471   430.00   10  -0.85  0.05
0.793908  0.0409229   430.00   10  -0.75  0.05
0.701619  0.0273509   430.00   10  -0.65  0.05
0.747825  0.0219276   430.00   10  -0.55  0.05
0.696116  0.0225524   430.00   10  -0.45  0.05
0.708362  0.0212263   430.00   10  -0.35  0.05
0.719639  0.0255893   430.00   10  -0.25  0.05
0.644413  0.0334494   430.00   10  -0.15  0.05
0.633909  0.0449999   430.00   10  -0.05  0.05
0.61339  0.0502442   430.00   10  0.05  0.05
0.717426  0.0497637   430.00   10  0.15  0.05
0.380697  0.256626   430.00   10  0.25  0.05
0.207285  0.884797   430.00   10  0.35  0.05
0.428485  0.258417   430.00   10  0.45  0.05
0.999999  0.000176407   430.00   10  0.55  0.05
-0.329762  1.77077   430.00   10  0.65  0.05
1  4.90484e-06   430.00   10  0.75  0.05
-1  0.000450318   430.00   10  0.85  0.05
0.0691897  0.0692191   430.00   10  0.95  0.05
1  6.60807e-06   450.00   10  -0.95  0.05
0.686331  0.0745176   450.00   10  -0.85  0.05
0.716557  0.0299287   450.00   10  -0.75  0.05
0.773219  0.0218813   450.00   10  -0.65  0.05
0.722142  0.0172856   450.00   10  -0.55  0.05
0.761778  0.017116   450.00   10  -0.45  0.05
0.692869  0.0164895   450.00   10  -0.35  0.05
0.68983  0.0179347   450.00   10  -0.25  0.05
0.704618  0.0203611   450.00   10  -0.15  0.05
0.619581  0.0284917   450.00   10  -0.05  0.05
0.667652  0.0316275   450.00   10  0.05  0.05
0.659473  0.0406444   450.00   10  0.15  0.05
0.588165  0.0643543   450.00   10  0.25  0.05
0.541298  0.103533   450.00   10  0.35  0.05
0.391851  0.186256   450.00   10  0.45  0.05
0.392161  0.357456   450.00   10  0.55  0.05
-0.553469  0.415193   450.00   10  0.65  0.05
1  3.99328e-07   450.00   10  0.75  0.05
1  0.00714358   450.00   10  0.85  0.05
-1  0.000653838   450.00   10  0.95  0.05
0.432913  0.318998   470.00   10  -0.95  0.05
0.764863  0.0794674   470.00   10  -0.85  0.05
0.839951  0.0240468   470.00   10  -0.75  0.05
0.784454  0.016907   470.00   10  -0.65  0.05
0.756458  0.0157706   470.00   10  -0.55  0.05
0.773283  0.014195   470.00   10  -0.45  0.05
0.72336  0.0141101   470.00   10  -0.35  0.05
0.739178  0.0142193   470.00   10  -0.25  0.05
0.677977  0.0154971   470.00   10  -0.15  0.05
0.67694  0.0185472   470.00   10  -0.05  0.05
0.630911  0.0189504   470.00   10  0.05  0.05
0.613558  0.0283618   470.00   10  0.15  0.05
0.48596  0.0516254   470.00   10  0.25  0.05
0.392197  0.0886329   470.00   10  0.35  0.05
0.334118  1.04976   470.00   10  0.45  0.05
0.280345  0.275988   470.00   10  0.55  0.05
0.27139  1.57623   470.00   10  0.65  0.05
-0.65355  0.36469   470.00   10  0.75  0.05
-1  2.85775e-05   470.00   10  0.85  0.05
1  0.00255574   470.00   10  0.95  0.05
-0.599805  0.222959   490.00   10  -0.95  0.05
0.779608  0.0712094   490.00   10  -0.85  0.05
0.771213  0.0281332   490.00   10  -0.75  0.05
0.80644  0.0190658   490.00   10  -0.65  0.05
0.771992  0.0161653   490.00   10  -0.55  0.05
0.784819  0.0143485   490.00   10  -0.45  0.05
0.773358  0.0139147   490.00   10  -0.35  0.05
0.7533  0.0124745   490.00   10  -0.25  0.05
0.718118  0.0147393   490.00   10  -0.15  0.05
0.685972  0.0161818   490.00   10  -0.05  0.05
0.639919  0.0219033   490.00   10  0.05  0.05
0.621721  0.0262536   490.00   10  0.15  0.05
0.625691  0.0383077   490.00   10  0.25  0.05
0.581618  0.0580318   490.00   10  0.35  0.05
0.316729  0.107214   490.00   10  0.45  0.05
-0.144073  1.67064   490.00   10  0.55  0.05
-0.572399  0.892896   490.00   10  0.65  0.05
0.326614  0.505469   490.00   10  0.75  0.05
0.969079  17.8833   490.00   10  0.85  0.05
0.894063  0.0433536   490.00   10  0.95  0.05
1  5.7136e-06   510.00   10  -0.95  0.05
0.858039  0.0238318   510.00   10  -0.85  0.05
0.817942  0.0193192   510.00   10  -0.75  0.05
0.809725  0.0147801   510.00   10  -0.65  0.05
0.839842  0.0112995   510.00   10  -0.55  0.05
0.820194  0.0107684   510.00   10  -0.45  0.05
0.775286  0.011439   510.00   10  -0.35  0.05
0.732637  0.0114611   510.00   10  -0.25  0.05
0.725269  0.0113602   510.00   10  -0.15  0.05
0.68106  0.011863   510.00   10  -0.05  0.05
0.682101  0.0147245   510.00   10  0.05  0.05
0.628222  0.0185626   510.00   10  0.15  0.05
0.569361  0.0251216   510.00   10  0.25  0.05
0.415739  0.0450938   510.00   10  0.35  0.05
0.480624  0.0641879   510.00   10  0.45  0.05
0.501274  0.15937   510.00   10  0.55  0.05
0.391037  0.217364   510.00   10  0.65  0.05
0.530019  0.28145   510.00   10  0.75  0.05
1  0.000192135   510.00   10  0.85  0.05
-0.554575  0.037924   510.00   10  0.95  0.05
1  3.00905e-06   530.00   10  -0.95  0.05
0.90591  0.00537964   530.00   10  -0.85  0.05
0.845598  0.0172469   530.00   10  -0.75  0.05
0.84341  0.0137883   530.00   10  -0.65  0.05
0.85299  0.0113269   530.00   10  -0.55  0.05
0.827457  0.0109752   530.00   10  -0.45  0.05
0.779974  0.0111707   530.00   10  -0.35  0.05
0.762426  0.0116292   530.00   10  -0.25  0.05
0.705693  0.0119253   530.00   10  -0.15  0.05
0.715591  0.0112606   530.00   10  -0.05  0.05
0.633392  0.0142735   530.00   10  0.05  0.05
0.596  0.0171281   530.00   10  0.15  0.05
0.523752  0.0222024   530.00   10  0.25  0.05
0.497387  0.04134   530.00   10  0.35  0.05
0.407984  0.0666275   530.00   10  0.45  0.05
0.315679  0.169994   530.00   10  0.55  0.05
0.204468  3.67312   530.00   10  0.65  0.05
0.989139  0.021981   530.00   10  0.75  0.05
-1  0.000313307   530.00   10  0.85  0.05
1  0.00171425   530.00   10  0.95  0.05
0.999981  0.00179344   550.00   10  -0.95  0.05
0.98334  0.00266071   550.00   10  -0.85  0.05
0.838239  0.019489   550.00   10  -0.75  0.05
0.880651  0.0107184   550.00   10  -0.65  0.05
0.853181  0.0120218   550.00   10  -0.55  0.05
0.812675  0.0128895   550.00   10  -0.45  0.05
0.792064  0.0123952   550.00   10  -0.35  0.05
0.74609  0.0126143   550.00   10  -0.25  0.05
0.727359  0.0126993   550.00   10  -0.15  0.05
0.698778  0.013478   550.00   10  -0.05  0.05
0.639089  0.0141778   550.00   10  0.05  0.05
0.563265  0.017848   550.00   10  0.15  0.05
0.596606  0.0242492   550.00   10  0.25  0.05
0.497245  0.0391613   550.00   10  0.35  0.05
0.392133  0.0693636   550.00   10  0.45  0.05
0.372217  0.131078   550.00   10  0.55  0.05
-0.269842  0.227728   550.00   10  0.65  0.05
0.353889  3.27659   550.00   10  0.75  0.05
-0.626532  1.00321   550.00   10  0.85  0.05
0.874874  0.037354   550.00   10  0.95  0.05
0.932833  0.00814549   570.00   10  -0.95  0.05
0.771374  0.0428386   570.00   10  -0.85  0.05
0.830642  0.0148144   570.00   10  -0.75  0.05
0.825907  0.0118452   570.00   10  -0.65  0.05
0.817791  0.0102096   570.00   10  -0.55  0.05
0.820747  0.00926954   570.00   10  -0.45  0.05
0.590358  0.00709837   570.00   10  -0.35  0.05
0.764389  0.00952412   570.00   10  -0.25  0.05
0.725018  0.00979212   570.00   10  -0.15  0.05
0.683301  0.0100335   570.00   10  -0.05  0.05
0.656108  0.0110227   570.00   10  0.05  0.05
0.585534  0.0132467   570.00   10  0.15  0.05
0.552217  0.0154517   570.00   10  0.25  0.05
0.486197  0.0243685   570.00   10  0.35  0.05
0.276432  0.0440719   570.00   10  0.45  0.05
0.134524  0.15019   570.00   10  0.55  0.05
0.139342  0.24307   570.00   10  0.65  0.05
-0.270921  2.5038   570.00   10  0.75  0.05
0.729567  4.36798   570.00   10  0.85  0.05
0.573097  0.0311167   570.00   10  0.95  0.05
0.36509  0.116395   590.00   10  -0.95  0.05
0.814944  0.0194955   590.00   10  -0.85  0.05
0.824926  0.0131788   590.00   10  -0.75  0.05
0.853364  0.00812913   590.00   10  -0.65  0.05
0.834294  0.00769203   590.00   10  -0.55  0.05
0.83919  0.00688566   590.00   10  -0.45  0.05
0.801796  0.00763249   590.00   10  -0.35  0.05
0.788  0.00715702   590.00   10  -0.25  0.05
0.741176  0.0079076   590.00   10  -0.15  0.05
0.705574  0.0127591   590.00   10  -0.05  0.05
0.676603  0.0100273   590.00   10  0.05  0.05
0.624041  0.0099548   590.00   10  0.15  0.05
0.573436  0.0123619   590.00   10  0.25  0.05
0.458038  0.0185471   590.00   10  0.35  0.05
0.295935  0.0362522   590.00   10  0.45  0.05
-0.0887241  0.292115   590.00   10  0.55  0.05
0.159103  0.1302   590.00   10  0.65  0.05
0.181954  0.224567   590.00   10  0.75  0.05
-1  1.11425e-05   590.00   10  0.85  0.05
-0.227271  0.0282332   590.00   10  0.95  0.05
0.500753  0.109826   610.00   10  -0.95  0.05
0.684869  0.0461234   610.00   10  -0.85  0.05
0.828281  0.0117812   610.00   10  -0.75  0.05
0.877499  0.00562466   610.00   10  -0.65  0.05
0.863051  0.00591105   610.00   10  -0.55  0.05
0.847301  0.00654782   610.00   10  -0.45  0.05
0.824636  0.00703006   610.00   10  -0.35  0.05
0.797027  0.00751011   610.00   10  -0.25  0.05
0.77439  0.00774156   610.00   10  -0.15  0.05
0.752452  0.00843645   610.00   10  -0.05  0.05
0.703357  0.0092207   610.00   10  0.05  0.05
0.635256  0.0100217   610.00   10  0.15  0.05
0.576765  0.0120573   610.00   10  0.25  0.05
0.49869  0.0170739   610.00   10  0.35  0.05
0.443432  0.0305698   610.00   10  0.45  0.05
0.0951109  0.122384   610.00   10  0.55  0.05
0.217028  0.158032   610.00   10  0.65  0.05
-0.706838  0.146692   610.00   10  0.75  0.05
0.45583  0.342867   610.00   10  0.85  0.05
1  6.23076e-05   610.00   10  0.95  0.05
1  1.92639e-05   630.00   10  -0.95  0.05
0.682588  0.0808595   630.00   10  -0.85  0.05
0.828294  0.0229874   630.00   10  -0.75  0.05
0.867306  0.0143299   630.00   10  -0.65  0.05
0.862174  0.0128906   630.00   10  -0.55  0.05
0.882836  0.00814143   630.00   10  -0.45  0.05
0.90273  0.00112072   630.00   10  -0.35  0.05
0.856754  0.0110965   630.00   10  -0.25  0.05
0.847486  0.0117499   630.00   10  -0.15  0.05
0.766204  0.0153292   630.00   10  -0.05  0.05
0.714613  0.017085   630.00   10  0.05  0.05
0.702754  0.0182354   630.00   10  0.15  0.05
0.604243  0.0217   630.00   10  0.25  0.05
0.581054  0.0294969   630.00   10  0.35  0.05
0.452202  0.056105   630.00   10  0.45  0.05
0.154385  0.159006   630.00   10  0.55  0.05
-0.116015  1.21999   630.00   10  0.65  0.05
-0.938638  10.7804   630.00   10  0.75  0.05
-1  3.44838e-05   630.00   10  0.85  0.05
0.013019  0.0540937   630.00   10  0.95  0.05
0.66912  0.38235   650.00   10  -0.95  0.05
1  4.81742e-05   650.00   10  -0.85  0.05
0.866197  0.0599088   650.00   10  -0.75  0.05
0.853601  0.0395892   650.00   10  -0.65  0.05
0.838665  0.0470254   650.00   10  -0.55  0.05
0.855236  0.0341158   650.00   10  -0.45  0.05
0.86443  0.0251233   650.00   10  -0.35  0.05
0.817812  0.0350344   650.00   10  -0.25  0.05
0.792269  0.0382187   650.00   10  -0.15  0.05
0.677386  0.0438555   650.00   10  -0.05  0.05
0.755676  0.0378927   650.00   10  0.05  0.05
0.627631  0.0440042   650.00   10  0.15  0.05
0.527174  0.0524466   650.00   10  0.25  0.05
0.609196  0.0662306   650.00   10  0.35  0.05
0.764893  0.0727716   650.00   10  0.45  0.05
-0.641809  0.265423   650.00   10  0.55  0.05
0.689726  8.04725   650.00   10  0.65  0.05
1  1.64715e-05   650.00   10  0.75  0.05
0.382385  0.0801942   650.00   10  0.85  0.05
0.178905  0.119277   650.00   10  0.95  0.05
0.604013  4.00406   670.00   10  -0.95  0.05
-1  0.000301926   670.00   10  -0.85  0.05
-0.999999  0.000594221   670.00   10  -0.75  0.05
0.536872  0.320294   670.00   10  -0.65  0.05
0.867485  0.293776   670.00   10  -0.55  0.05
0.966174  0.198011   670.00   10  -0.45  0.05
0.999936  0.00737435   670.00   10  -0.35  0.05
-0.999965  0.0168078   670.00   10  -0.25  0.05
0.619251  0.213847   670.00   10  -0.15  0.05
0.590734  0.194373   670.00   10  -0.05  0.05
0.613817  0.206796   670.00   10  0.05  0.05
0.999994  0.00120776   670.00   10  0.15  0.05
0.640158  0.490869   670.00   10  0.25  0.05
0.667927  0.560731   670.00   10  0.35  0.05
0.951034  0.252615   670.00   10  0.45  0.05
-0.999999  0.000369216   670.00   10  0.55  0.05
1  1.06182e-06   670.00   10  0.65  0.05
1  1.29168e-06   670.00   10  0.75  0.05
1  0.00011165   670.00   10  0.85  0.05
0.907772  1.46726   670.00   10  0.95  0.05
-1  4.15802e-05   690.00   10  -0.95  0.05
-0.91867  20.6105   690.00   10  -0.85  0.05
0.239487  1.19214   690.00   10  -0.75  0.05
-0.727508  0.2124   690.00   10  -0.65  0.05
0.690301  0.274748   690.00   10  -0.55  0.05
0.795683  0.257438   690.00   10  -0.45  0.05
0.706147  0.172593   690.00   10  -0.35  0.05
0.720822  0.260426   690.00   10  -0.25  0.05
0.869164  0.18052   690.00   10  -0.15  0.05
0.863504  0.214113   690.00   10  -0.05  0.05
0.755355  0.22446   690.00   10  0.05  0.05
0.641452  0.191472   690.00   10  0.15  0.05
-0.415121  22.6251   690.00   10  0.25  0.05
0.711033  0.177772   690.00   10  0.35  0.05
0.812303  0.109995   690.00   10  0.45  0.05
1  2.5348e-06   690.00   10  0.55  0.05
-0.999904  0.0641521   690.00   10  0.65  0.05
1  3.70337e-06   690.00   10  0.75  0.05
0.999993  0.0459115   690.00   10  0.85  0.05
0.539204  0.457919   690.00   10  0.95  0.05
1  1.27078e-06   710.00   10  -0.95  0.05
0.790465  0.433125   710.00   10  -0.85  0.05
0.999752  0.0253507   710.00   10  -0.75  0.05
0.710769  0.331881   710.00   10  -0.65  0.05
0.616276  0.187949   710.00   10  -0.55  0.05
0.708134  0.376524   710.00   10  -0.45  0.05
0.600921  0.210493   710.00   10  -0.35  0.05
1  0.000210414   710.00   10  -0.25  0.05
0.557909  0.190331   710.00   10  -0.15  0.05
0.647478  0.313626   710.00   10  -0.05  0.05
0.986128  0.128474   710.00   10  0.05  0.05
0.772811  0.194586   710.00   10  0.15  0.05
0.740173  0.244364   710.00   10  0.25  0.05
-0.477164  0.246363   710.00   10  0.35  0.05
-0.367095  0.355285   710.00   10  0.45  0.05
-0.655192  35.0047   710.00   10  0.55  0.05
-1  8.30876e-06   710.00   10  0.65  0.05
-1  0.000175281   710.00   10  0.75  0.05
0.101154  0.378218   710.00   10  0.85  0.05
0.887855  1.54623   710.00   10  0.95  0.05
