528.86 0.811982 0.256 0.223 18
528.86 0.739983 0.207 0.068 18
528.86 0.641048 0.314 0.041 18
528.86 0.537005 0.41 0.033 18
528.86 0.432086 0.391 0.029 18
528.86 0.328042 0.472 0.026 18
528.86 0.224951 0.519 0.027 18
528.86 0.118057 0.591 0.027 18
528.86 0.0130896 0.575 0.027 18
528.86 -0.092023 0.672 0.029 18
528.86 -0.195946 0.672 0.028 18
528.86 -0.301039 0.698 0.03 18
528.86 -0.407055 0.71 0.03 18
528.86 -0.510993 0.752 0.034 18
528.86 -0.614974 0.804 0.037 18
528.86 -0.718005 0.769 0.044 18
528.86 -0.819952 0.739 0.072 18
528.86 -0.91503 0.643 0.169 18
